  0.00000000E+00 -0.62694415E-02 -0.21939227E-12
  0.10000000E-01 -0.54961518E-02 -0.88761265E-03
  0.20000000E-01 -0.31189865E-02 -0.17965994E-02
  0.30000000E-01  0.26001289E-03 -0.24015373E-02
  0.40000000E-01  0.24486450E-02 -0.20450799E-02
  0.50000000E-01  0.20566633E-02 -0.10519566E-02
  0.60000000E-01  0.27907111E-02 -0.75209030E-03
  0.70000000E-01  0.26438549E-02  0.71420459E-03
  0.80000000E-01 -0.23002457E-02  0.11598610E-02
  0.90000000E-01 -0.33006542E-02  0.14472565E-03
  0.10000000E+00 -0.55955938E-03 -0.41528635E-03
  0.11000000E+00  0.13741247E-02 -0.60644961E-03
  0.12000000E+00  0.21477624E-02 -0.62929571E-03
  0.13000000E+00  0.22300071E-02 -0.58419201E-03
  0.14000000E+00  0.19453453E-02 -0.51596109E-03
  0.15000000E+00  0.15294856E-02 -0.44404794E-03
  0.16000000E+00  0.11223282E-02 -0.37658678E-03
  0.17000000E+00  0.78595526E-03 -0.31656428E-03
  0.18000000E+00  0.53396576E-03 -0.26461198E-03
  0.19000000E+00  0.35616357E-03 -0.22033419E-03
  0.20000000E+00  0.23492128E-03 -0.18294240E-03
  0.21000000E+00  0.15360816E-03 -0.15155062E-03
  0.22000000E+00  0.99439540E-04 -0.12530586E-03
  0.23000000E+00  0.63489928E-04 -0.10343949E-03
  0.24000000E+00  0.39789035E-04 -0.85281111E-04
  0.25000000E+00  0.24398321E-04 -0.70255139E-04
  0.26000000E+00  0.14718178E-04 -0.57870554E-04
  0.27000000E+00  0.90155298E-05 -0.47708642E-04
  0.28000000E+00  0.61079719E-05 -0.39411414E-04
  0.29000000E+00  0.51532744E-05 -0.32672576E-04
  0.30000000E+00  0.55119616E-05 -0.27232695E-04
  0.31000000E+00  0.66620079E-05 -0.22879682E-04
  0.32000000E+00  0.81500389E-05 -0.19454646E-04
  0.33000000E+00  0.95660459E-05 -0.16861371E-04
  0.34000000E+00  0.10530319E-04 -0.15075259E-04
  0.35000000E+00  0.10682886E-04 -0.14144936E-04
  0.36000000E+00  0.96675665E-05 -0.14179145E-04
  0.37000000E+00  0.71051155E-05 -0.15316878E-04
  0.38000000E+00  0.25528307E-05 -0.17689735E-04
  0.39000000E+00 -0.45484268E-05 -0.21394599E-04
  0.40000000E+00 -0.14934997E-04 -0.26492636E-04
  0.41000000E+00 -0.29580175E-04 -0.33036228E-04
  0.42000000E+00 -0.49740421E-04 -0.41108031E-04
  0.43000000E+00 -0.76972218E-04 -0.50849843E-04
  0.44000000E+00 -0.11310152E-03 -0.62467776E-04
  0.45000000E+00 -0.16012683E-03 -0.76215608E-04
  0.46000000E+00 -0.22003877E-03 -0.92369586E-04
  0.47000000E+00 -0.29454398E-03 -0.11121074E-03
  0.48000000E+00 -0.38469153E-03 -0.13302494E-03
  0.49000000E+00 -0.49041575E-03 -0.15811989E-03
  0.50000000E+00 -0.61003012E-03 -0.18684731E-03
  0.51000000E+00 -0.73973191E-03 -0.21961446E-03
  0.52000000E+00 -0.87320091E-03 -0.25687250E-03
  0.53000000E+00 -0.10013940E-02 -0.29907635E-03
  0.54000000E+00 -0.11126419E-02 -0.34661619E-03
  0.55000000E+00 -0.11931416E-02 -0.39972171E-03
  0.56000000E+00 -0.12278990E-02 -0.45833499E-03
  0.57000000E+00 -0.12021170E-02 -0.52193945E-03
  0.58000000E+00 -0.11029448E-02 -0.58932410E-03
  0.59000000E+00 -0.92141900E-03 -0.65826325E-03
  0.60000000E+00 -0.65435048E-03 -0.72511053E-03
  0.61000000E+00 -0.30586212E-03 -0.78435088E-03
  0.62000000E+00  0.11172146E-03 -0.82823388E-03
  0.63000000E+00  0.57788275E-03 -0.84672381E-03
  0.64000000E+00  0.10649646E-02 -0.82811479E-03
  0.65000000E+00  0.15402653E-02 -0.76068507E-03
  0.66000000E+00  0.19690061E-02 -0.63555451E-03
  0.67000000E+00  0.23178386E-02 -0.45033522E-03
  0.68000000E+00  0.25584479E-02 -0.21233432E-03
  0.69000000E+00  0.26707514E-02  0.60493269E-04
  0.70000000E+00  0.26452316E-02  0.34217776E-03
  0.71000000E+00  0.24840552E-02  0.60459265E-03
  0.72000000E+00  0.22008081E-02  0.82424329E-03
  0.73000000E+00  0.18188875E-02  0.98708533E-03
  0.74000000E+00  0.13687927E-02  0.10897333E-02
  0.75000000E+00  0.88471576E-03  0.11374494E-02
  0.76000000E+00  0.40091602E-03  0.11405820E-02
  0.77000000E+00 -0.51633317E-04  0.11111219E-02
  0.78000000E+00 -0.44791112E-03  0.10602913E-02
  0.79000000E+00 -0.77053977E-03  0.99731105E-03
  0.80000000E+00 -0.10104141E-02  0.92906960E-03
  0.81000000E+00 -0.11663773E-02  0.86034206E-03
  0.82000000E+00 -0.12441018E-02  0.79418920E-03
  0.83000000E+00 -0.12543600E-02  0.73235406E-03
  0.84000000E+00 -0.12110231E-02  0.67567447E-03
  0.85000000E+00 -0.11291420E-02  0.62439519E-03
  0.86000000E+00 -0.10233374E-02  0.57839529E-03
  0.87000000E+00 -0.90662773E-03  0.53736566E-03
  0.88000000E+00 -0.78967964E-03  0.50087281E-03
  0.89000000E+00 -0.68042891E-03  0.46841293E-03
  0.90000000E+00 -0.58408210E-03  0.43947791E-03
  0.91000000E+00 -0.50343149E-03  0.41358018E-03
  0.92000000E+00 -0.43932634E-03  0.39026322E-03
  0.93000000E+00 -0.39118604E-03  0.36910688E-03
  0.94000000E+00 -0.35748879E-03  0.34972858E-03
  0.95000000E+00 -0.33618850E-03  0.33178117E-03
  0.96000000E+00 -0.32503333E-03  0.31494808E-03
  0.97000000E+00 -0.32178452E-03  0.29893721E-03
  0.98000000E+00 -0.32435301E-03  0.28347705E-03
  0.99000000E+00 -0.33088015E-03  0.26832250E-03
  0.10000000E+01 -0.33978583E-03  0.25327959E-03
  0.10100000E+01 -0.34979690E-03  0.23824280E-03
  0.10200000E+01 -0.35995644E-03  0.22320441E-03
  0.10300000E+01 -0.36961163E-03  0.20820450E-03
  0.10400000E+01 -0.37839355E-03  0.19326883E-03
  0.10500000E+01 -0.38615627E-03  0.17839003E-03
  0.10600000E+01 -0.39271057E-03  0.16352112E-03
  0.10700000E+01 -0.39778296E-03  0.14872212E-03
  0.10800000E+01 -0.40151806E-03  0.13418615E-03
  0.10900000E+01 -0.40420601E-03  0.11991735E-03
  0.11000000E+01 -0.40586341E-03  0.10592724E-03
  0.11100000E+01 -0.40681176E-03  0.92195529E-04
  0.11200000E+01 -0.40814504E-03  0.78124439E-04
  0.11300000E+01 -0.40333170E-03  0.62556935E-04
  0.11400000E+01 -0.39690476E-03  0.41062002E-04
  0.11500000E+01 -0.37875369E-03  0.39211068E-04
  0.11600000E+01 -0.36267417E-03  0.29031737E-04
  0.11700000E+01 -0.35195777E-03  0.20960471E-04
  0.11800000E+01 -0.33815198E-03  0.13445273E-04
  0.11900000E+01 -0.32380431E-03  0.69211526E-05
  0.12000000E+01 -0.30893523E-03  0.13347033E-05
  0.12100000E+01 -0.29362016E-03 -0.34322046E-05
  0.12200000E+01 -0.27802628E-03 -0.74502153E-05
  0.12300000E+01 -0.26229514E-03 -0.10762386E-04
  0.12400000E+01 -0.24657495E-03 -0.13402350E-04
  0.12500000E+01 -0.23113992E-03 -0.15399512E-04
  0.12600000E+01 -0.21627258E-03 -0.16859406E-04
  0.12700000E+01 -0.20211382E-03 -0.17884478E-04
  0.12800000E+01 -0.18875131E-03 -0.18531405E-04
  0.12900000E+01 -0.17630509E-03 -0.18842614E-04
  0.13000000E+01 -0.16489884E-03 -0.18873781E-04
  0.13100000E+01 -0.15466567E-03 -0.18690507E-04
  0.13200000E+01 -0.14572015E-03 -0.18370118E-04
  0.13300000E+01 -0.13791045E-03 -0.17971430E-04
  0.13400000E+01 -0.13138119E-03 -0.17401313E-04
  0.13500000E+01 -0.12631014E-03 -0.16808347E-04
  0.13600000E+01 -0.12243520E-03 -0.16225577E-04
  0.13700000E+01 -0.11971147E-03 -0.15633760E-04
  0.13800000E+01 -0.11812482E-03 -0.15046424E-04
  0.13900000E+01 -0.11761835E-03 -0.14494108E-04
  0.14000000E+01 -0.11807985E-03 -0.13979820E-04
  0.14100000E+01 -0.11942261E-03 -0.13501287E-04
  0.14200000E+01 -0.12155212E-03 -0.13121442E-04
  0.14300000E+01 -0.12439962E-03 -0.12757503E-04
  0.14400000E+01 -0.12788320E-03 -0.12447054E-04
  0.14500000E+01 -0.13191274E-03 -0.12203278E-04
  0.14600000E+01 -0.13638779E-03 -0.12037575E-04
  0.14700000E+01 -0.14120357E-03 -0.11948627E-04
  0.14800000E+01 -0.14626142E-03 -0.11928652E-04
  0.14900000E+01 -0.15147490E-03 -0.11971385E-04
  0.15000000E+01 -0.15677269E-03 -0.12072402E-04
  0.15100000E+01 -0.16209854E-03 -0.12228551E-04
  0.15200000E+01 -0.16740116E-03 -0.12438714E-04
  0.15300000E+01 -0.17263943E-03 -0.12699951E-04
  0.15400000E+01 -0.17777336E-03 -0.13012528E-04
  0.15500000E+01 -0.18276787E-03 -0.13376234E-04
  0.15600000E+01 -0.18759282E-03 -0.13792020E-04
  0.15700000E+01 -0.19222232E-03 -0.14260041E-04
  0.15800000E+01 -0.19663523E-03 -0.14778709E-04
  0.15900000E+01 -0.20081623E-03 -0.15344331E-04
  0.16000000E+01 -0.20475799E-03 -0.15951876E-04
  0.16100000E+01 -0.20846083E-03 -0.16597514E-04
  0.16200000E+01 -0.21193043E-03 -0.17277988E-04
  0.16300000E+01 -0.21517553E-03 -0.17990060E-04
  0.16400000E+01 -0.21820358E-03 -0.18730293E-04
  0.16500000E+01 -0.22102731E-03 -0.19493022E-04
  0.16600000E+01 -0.22368432E-03 -0.20271125E-04
  0.16700000E+01 -0.22620290E-03 -0.21075323E-04
  0.16800000E+01 -0.22858033E-03 -0.21904965E-04
  0.16900000E+01 -0.23081697E-03 -0.22746179E-04
  0.17000000E+01 -0.23296975E-03 -0.23601428E-04
  0.17100000E+01 -0.23504456E-03 -0.24481331E-04
  0.17200000E+01 -0.23705520E-03 -0.25390555E-04
  0.17300000E+01 -0.23900674E-03 -0.26330852E-04
  0.17400000E+01 -0.24090166E-03 -0.27301008E-04
  0.17500000E+01 -0.24274977E-03 -0.28293769E-04
  0.17600000E+01 -0.24457631E-03 -0.29294646E-04
  0.17700000E+01 -0.24641509E-03 -0.30298825E-04
  0.17800000E+01 -0.24827545E-03 -0.31308667E-04
  0.17900000E+01 -0.25014913E-03 -0.32324188E-04
  0.18000000E+01 -0.25205983E-03 -0.33348623E-04
  0.18100000E+01 -0.25403790E-03 -0.34389507E-04
  0.18200000E+01 -0.25609364E-03 -0.35435180E-04
  0.18300000E+01 -0.25829323E-03 -0.36424306E-04
  0.18400000E+01 -0.26109380E-03 -0.37308018E-04
  0.18500000E+01 -0.26442570E-03 -0.38413169E-04
  0.18600000E+01 -0.26798422E-03 -0.39608887E-04
  0.18700000E+01 -0.27216494E-03 -0.41128383E-04
  0.18800000E+01 -0.27628883E-03 -0.43000465E-04
  0.18900000E+01 -0.27999866E-03 -0.45173013E-04
  0.19000000E+01 -0.28333479E-03 -0.47484887E-04
  0.19100000E+01 -0.28649281E-03 -0.49866415E-04
  0.19200000E+01 -0.28958853E-03 -0.52343645E-04
  0.19300000E+01 -0.29268248E-03 -0.54917134E-04
  0.19400000E+01 -0.29585428E-03 -0.57620994E-04
  0.19500000E+01 -0.29914539E-03 -0.60484861E-04
  0.19600000E+01 -0.30254960E-03 -0.63533579E-04
  0.19700000E+01 -0.30605348E-03 -0.66765745E-04
  0.19800000E+01 -0.30954443E-03 -0.70271256E-04
  0.19900000E+01 -0.31318218E-03 -0.73926588E-04
  0.20000000E+01 -0.31680392E-03 -0.77787170E-04
  0.20100000E+01 -0.32042278E-03 -0.81882931E-04
  0.20200000E+01 -0.32389369E-03 -0.86241857E-04
  0.20300000E+01 -0.32704116E-03 -0.90872417E-04
  0.20400000E+01 -0.32964812E-03 -0.95772389E-04
  0.20500000E+01 -0.33150386E-03 -0.10090858E-03
  0.20600000E+01 -0.33244661E-03 -0.10623226E-03
  0.20700000E+01 -0.33231720E-03 -0.11163501E-03
  0.20800000E+01 -0.33075124E-03 -0.11692741E-03
  0.20900000E+01 -0.32685600E-03 -0.12185607E-03
  0.21000000E+01 -0.31921319E-03 -0.12615946E-03
  0.21100000E+01 -0.30719366E-03 -0.12954793E-03
  0.21200000E+01 -0.29375076E-03 -0.13147298E-03
  0.21300000E+01 -0.28611740E-03 -0.13119169E-03
  0.21400000E+01 -0.28980209E-03 -0.12898902E-03
  0.21500000E+01 -0.30159552E-03 -0.12786652E-03
  0.21600000E+01 -0.31447577E-03 -0.12909159E-03
  0.21700000E+01 -0.32937561E-03 -0.12951970E-03
  0.21800000E+01 -0.35403864E-03 -0.13164973E-03
  0.21900000E+01 -0.39070996E-03 -0.13898742E-03
  0.22000000E+01 -0.43245587E-03 -0.15202076E-03
  0.22100000E+01 -0.47089659E-03 -0.17041060E-03
  0.22200000E+01 -0.50677566E-03 -0.19477245E-03
  0.22300000E+01 -0.55666259E-03 -0.23274177E-03
  0.22400000E+01 -0.53646542E-03 -0.32456831E-03
  0.22500000E+01 -0.29919901E-03 -0.32800175E-03
  0.22600000E+01 -0.32192645E-03 -0.32894576E-03
  0.22700000E+01 -0.20711710E-03 -0.36422219E-03
  0.22800000E+01 -0.77836337E-04 -0.32934947E-03
  0.22900000E+01 -0.62431218E-04 -0.31302888E-03
  0.23000000E+01 -0.24296769E-04 -0.26224801E-03
  0.23100000E+01 -0.65088789E-04 -0.25802348E-03
  0.23200000E+01 -0.55392977E-04 -0.25485418E-03
  0.23300000E+01 -0.55978015E-04 -0.25094752E-03
  0.23400000E+01 -0.54901858E-04 -0.24584027E-03
  0.23500000E+01 -0.54253470E-04 -0.24144229E-03
  0.23600000E+01 -0.52480521E-04 -0.23780223E-03
  0.23700000E+01 -0.50298573E-04 -0.23470683E-03
  0.23800000E+01 -0.48192810E-04 -0.23205843E-03
  0.23900000E+01 -0.46275412E-04 -0.22975645E-03
  0.24000000E+01 -0.44482520E-04 -0.22774852E-03
  0.24100000E+01 -0.42748539E-04 -0.22598042E-03
  0.24200000E+01 -0.41028605E-04 -0.22441213E-03
  0.24300000E+01 -0.39287015E-04 -0.22300874E-03
  0.24400000E+01 -0.37497145E-04 -0.22173891E-03
  0.24500000E+01 -0.35634291E-04 -0.22057702E-03
  0.24600000E+01 -0.33671999E-04 -0.21950478E-03
  0.24700000E+01 -0.31584290E-04 -0.21851048E-03
  0.24800000E+01 -0.29350601E-04 -0.21758506E-03
  0.24900000E+01 -0.26958159E-04 -0.21671642E-03
  0.25000000E+01 -0.24400675E-04 -0.21588761E-03
  0.25100000E+01 -0.21669713E-04 -0.21508846E-03
  0.25200000E+01 -0.18725097E-04 -0.21432865E-03
  0.25300000E+01 -0.15504381E-04 -0.21360044E-03
  0.25400000E+01 -0.11998445E-04 -0.21286314E-03
  0.25500000E+01 -0.82468626E-05 -0.21209519E-03
  0.25600000E+01 -0.42796163E-05 -0.21127979E-03
  0.25700000E+01 -0.13186106E-06 -0.21040838E-03
  0.25800000E+01  0.41554284E-05 -0.20948116E-03
  0.25900000E+01  0.85478195E-05 -0.20849864E-03
  0.26000000E+01  0.13021450E-04 -0.20745613E-03
  0.26100000E+01  0.17560585E-04 -0.20634453E-03
  0.26200000E+01  0.22152695E-04 -0.20515339E-03
  0.26300000E+01  0.26783760E-04 -0.20387339E-03
  0.26400000E+01  0.31435406E-04 -0.20249769E-03
  0.26500000E+01  0.36084375E-04 -0.20102220E-03
  0.26600000E+01  0.40703795E-04 -0.19944522E-03
  0.26700000E+01  0.45265222E-04 -0.19776676E-03
  0.26800000E+01  0.49740520E-04 -0.19598802E-03
  0.26900000E+01  0.54104571E-04 -0.19411112E-03
  0.27000000E+01  0.58335067E-04 -0.19213825E-03
  0.27100000E+01  0.62411483E-04 -0.19007332E-03
  0.27200000E+01  0.66318002E-04 -0.18792182E-03
  0.27300000E+01  0.70042255E-04 -0.18569068E-03
  0.27400000E+01  0.73575144E-04 -0.18338815E-03
  0.27500000E+01  0.76911081E-04 -0.18102333E-03
  0.27600000E+01  0.80048257E-04 -0.17860568E-03
  0.27700000E+01  0.82989041E-04 -0.17614458E-03
  0.27800000E+01  0.85740428E-04 -0.17364923E-03
  0.27900000E+01  0.88314326E-04 -0.17112861E-03
  0.28000000E+01  0.90727415E-04 -0.16859153E-03
  0.28100000E+01  0.93000340E-04 -0.16604634E-03
  0.28200000E+01  0.95156149E-04 -0.16350002E-03
  0.28300000E+01  0.97218110E-04 -0.16095632E-03
  0.28400000E+01  0.99207299E-04 -0.15841345E-03
  0.28500000E+01  0.10114053E-03 -0.15586292E-03
  0.28600000E+01  0.10302921E-03 -0.15329133E-03
  0.28700000E+01  0.10487950E-03 -0.15068481E-03
  0.28800000E+01  0.10669342E-03 -0.14803356E-03
  0.28900000E+01  0.10847034E-03 -0.14533332E-03
  0.29000000E+01  0.11020821E-03 -0.14258344E-03
  0.29100000E+01  0.11190493E-03 -0.13978324E-03
  0.29200000E+01  0.11356141E-03 -0.13693056E-03
  0.29300000E+01  0.11518678E-03 -0.13402491E-03
  0.29400000E+01  0.11680260E-03 -0.13107081E-03
  0.29500000E+01  0.11844194E-03 -0.12807217E-03
  0.29600000E+01  0.12014227E-03 -0.12502006E-03
  0.29700000E+01  0.12193767E-03 -0.12189755E-03
  0.29800000E+01  0.12385706E-03 -0.11869494E-03
  0.29900000E+01  0.12592868E-03 -0.11540977E-03
  0.30000000E+01  0.12818356E-03 -0.11204021E-03
  0.30100000E+01  0.13064891E-03 -0.10858310E-03
  0.30200000E+01  0.13332987E-03 -0.10503571E-03
  0.30300000E+01  0.13618498E-03 -0.10139868E-03
  0.30400000E+01  0.13910167E-03 -0.97679055E-04
  0.30500000E+01  0.14188412E-03 -0.93895656E-04
  0.30600000E+01  0.14427191E-03 -0.90090462E-04
  0.30700000E+01  0.14600005E-03 -0.86358928E-04
  0.30800000E+01  0.14688841E-03 -0.82935622E-04
  0.30900000E+01  0.14686649E-03 -0.80516779E-04
  0.31000000E+01  0.14506529E-03 -0.82411933E-04
  0.31100000E+01  0.17715056E-03 -0.11304816E-03
  0.31200000E+01  0.11032704E-03 -0.32568151E-04
  0.31300000E+01  0.13145702E-03 -0.45948905E-04
  0.31400000E+01  0.12873530E-03 -0.46397293E-04
  0.31500000E+01  0.12156587E-03 -0.44845807E-04
  0.31600000E+01  0.11551370E-03 -0.42589977E-04
  0.31700000E+01  0.10908003E-03 -0.40192956E-04
  0.31800000E+01  0.10144596E-03 -0.37901665E-04
  0.31900000E+01  0.93207171E-04 -0.35941479E-04
  0.32000000E+01  0.84445564E-04 -0.34356549E-04
  0.32100000E+01  0.75253296E-04 -0.33134461E-04
  0.32200000E+01  0.65945537E-04 -0.32260704E-04
  0.32300000E+01  0.56830907E-04 -0.31705600E-04
  0.32400000E+01  0.48062841E-04 -0.31435091E-04
  0.32500000E+01  0.39647086E-04 -0.31436692E-04
  0.32600000E+01  0.31502163E-04 -0.31687059E-04
  0.32700000E+01  0.23513284E-04 -0.32177641E-04
  0.32800000E+01  0.15578072E-04 -0.32941434E-04
  0.32900000E+01  0.76517299E-05 -0.33984870E-04
  0.33000000E+01 -0.22879593E-06 -0.35305550E-04
  0.33100000E+01 -0.79868557E-05 -0.36935969E-04
  0.33200000E+01 -0.15634674E-04 -0.38862118E-04
  0.33300000E+01 -0.23319872E-04 -0.41101438E-04
  0.33400000E+01 -0.30882178E-04 -0.43828720E-04
  0.33500000E+01 -0.37255348E-04 -0.47114948E-04
  0.33600000E+01 -0.41539460E-04 -0.50421570E-04
  0.33700000E+01 -0.45784229E-04 -0.53503654E-04
  0.33800000E+01 -0.50978301E-04 -0.56897165E-04
  0.33900000E+01 -0.48078053E-04 -0.59081097E-04
  0.34000000E+01 -0.58994587E-04 -0.59038024E-04
  0.34100000E+01 -0.65272982E-04 -0.64012102E-04
  0.34200000E+01 -0.66774886E-04 -0.68292357E-04
  0.34300000E+01 -0.69028338E-04 -0.72252639E-04
  0.34400000E+01 -0.71343623E-04 -0.76152899E-04
  0.34500000E+01 -0.73445746E-04 -0.80020553E-04
  0.34600000E+01 -0.75482094E-04 -0.83899694E-04
  0.34700000E+01 -0.77377741E-04 -0.87869065E-04
  0.34800000E+01 -0.78960625E-04 -0.91886999E-04
  0.34900000E+01 -0.80107615E-04 -0.96013395E-04
  0.35000000E+01 -0.80729087E-04 -0.10028483E-03
  0.35100000E+01 -0.80731149E-04 -0.10466480E-03
  0.35200000E+01 -0.79996782E-04 -0.10917033E-03
  0.35300000E+01 -0.78389175E-04 -0.11384689E-03
  0.35400000E+01 -0.75763133E-04 -0.11865669E-03
  0.35500000E+01 -0.71971860E-04 -0.12355109E-03
  0.35600000E+01 -0.66876181E-04 -0.12851560E-03
  0.35700000E+01 -0.60364403E-04 -0.13347042E-03
  0.35800000E+01 -0.52378198E-04 -0.13827234E-03
  0.35900000E+01 -0.42934914E-04 -0.14275644E-03
  0.36000000E+01 -0.32140895E-04 -0.14674495E-03
  0.36100000E+01 -0.20194296E-04 -0.15005891E-03
  0.36200000E+01 -0.73763702E-05 -0.15250950E-03
  0.36300000E+01  0.59720825E-05 -0.15396600E-03
  0.36400000E+01  0.19492253E-04 -0.15442470E-03
  0.36500000E+01  0.32861304E-04 -0.15398055E-03
  0.36600000E+01  0.45841561E-04 -0.15279189E-03
  0.36700000E+01  0.58304369E-04 -0.15104597E-03
  0.36800000E+01  0.70219527E-04 -0.14891418E-03
  0.36900000E+01  0.81619184E-04 -0.14652658E-03
  0.37000000E+01  0.92555363E-04 -0.14396682E-03
  0.37100000E+01  0.10306724E-03 -0.14126980E-03
  0.37200000E+01  0.11316372E-03 -0.13841472E-03
  0.37300000E+01  0.12281780E-03 -0.13532462E-03
  0.37400000E+01  0.13196588E-03 -0.13188375E-03
  0.37500000E+01  0.14050705E-03 -0.12797238E-03
  0.37600000E+01  0.14830095E-03 -0.12350889E-03
  0.37700000E+01  0.15516848E-03 -0.11848354E-03
  0.37800000E+01  0.16090392E-03 -0.11296858E-03
  0.37900000E+01  0.16530752E-03 -0.10709960E-03
  0.38000000E+01  0.16824148E-03 -0.10104089E-03
  0.38100000E+01  0.16965266E-03 -0.94959990E-04
  0.38200000E+01  0.16929977E-03 -0.89035275E-04
  0.38300000E+01  0.16669215E-03 -0.83489736E-04
  0.38400000E+01  0.16354702E-03 -0.78563766E-04
  0.38500000E+01  0.16297110E-03 -0.74249750E-04
  0.38600000E+01  0.18657069E-03 -0.10485729E-03
  0.38700000E+01  0.15921642E-03 -0.64122174E-04
  0.38800000E+01  0.15069497E-03 -0.64782066E-04
  0.38900000E+01  0.17521892E-03 -0.11356436E-03
  0.39000000E+01  0.14827451E-03 -0.33822251E-04
  0.39100000E+01  0.13780896E-03 -0.41064234E-04
  0.39200000E+01  0.12988973E-03 -0.41444721E-04
  0.39300000E+01  0.12368908E-03 -0.40554984E-04
  0.39400000E+01  0.11869312E-03 -0.39248567E-04
  0.39500000E+01  0.11451399E-03 -0.37740366E-04
  0.39600000E+01  0.11104357E-03 -0.36153161E-04
  0.39700000E+01  0.10815741E-03 -0.34440633E-04
  0.39800000E+01  0.10594830E-03 -0.32477848E-04
  0.39900000E+01  0.10027547E-03 -0.30072763E-04
  0.40000000E+01  0.96607343E-04 -0.29812587E-04
  0.40100000E+01  0.94841804E-04 -0.29523281E-04
  0.40200000E+01  0.95119485E-04 -0.28006819E-04
  0.40300000E+01  0.92899267E-04 -0.25942553E-04
  0.40400000E+01  0.88723152E-04 -0.23845399E-04
  0.40500000E+01  0.84166433E-04 -0.22059322E-04
  0.40600000E+01  0.82729982E-04 -0.20809749E-04
  0.40700000E+01  0.82499318E-04 -0.18281248E-04
  0.40800000E+01  0.76531504E-04 -0.14347249E-04
  0.40900000E+01  0.66667841E-04 -0.13121160E-04
  0.41000000E+01  0.59968550E-04 -0.13338594E-04
  0.41100000E+01  0.56723022E-04 -0.13654982E-04
  0.41200000E+01  0.54201452E-04 -0.13889493E-04
  0.41300000E+01  0.51710535E-04 -0.14062912E-04
  0.41400000E+01  0.49502782E-04 -0.14193109E-04
  0.41500000E+01  0.47664410E-04 -0.14286404E-04
  0.41600000E+01  0.46140407E-04 -0.14347584E-04
  0.41700000E+01  0.44979769E-04 -0.14366217E-04
  0.41800000E+01  0.43833746E-04 -0.14229625E-04
  0.41900000E+01  0.42719220E-04 -0.14193800E-04
  0.42000000E+01  0.41803895E-04 -0.14140596E-04
  0.42100000E+01  0.40960071E-04 -0.14068135E-04
  0.42200000E+01  0.40170882E-04 -0.13982462E-04
  0.42300000E+01  0.39420900E-04 -0.13886705E-04
  0.42400000E+01  0.38695164E-04 -0.13783370E-04
  0.42500000E+01  0.37981141E-04 -0.13675801E-04
  0.42600000E+01  0.37270077E-04 -0.13567580E-04
  0.42700000E+01  0.36556976E-04 -0.13461273E-04
  0.42800000E+01  0.35839824E-04 -0.13358192E-04
  0.42900000E+01  0.35119041E-04 -0.13258991E-04
  0.43000000E+01  0.34395979E-04 -0.13163695E-04
  0.43100000E+01  0.33671779E-04 -0.13072146E-04
  0.43200000E+01  0.32947807E-04 -0.12983825E-04
  0.43300000E+01  0.32225638E-04 -0.12897793E-04
  0.43400000E+01  0.31506889E-04 -0.12813001E-04
  0.43500000E+01  0.30793275E-04 -0.12728523E-04
  0.43600000E+01  0.30086660E-04 -0.12643624E-04
  0.43700000E+01  0.29389120E-04 -0.12557699E-04
  0.43800000E+01  0.28702990E-04 -0.12470177E-04
  0.43900000E+01  0.28030575E-04 -0.12380399E-04
  0.44000000E+01  0.27373077E-04 -0.12287365E-04
  0.44100000E+01  0.26730356E-04 -0.12189398E-04
  0.44200000E+01  0.26097539E-04 -0.12084127E-04
  0.44300000E+01  0.25462709E-04 -0.11975218E-04
  0.44400000E+01  0.24882811E-04 -0.11895437E-04
  0.44500000E+01  0.24239687E-04 -0.11763384E-04
  0.44600000E+01  0.23647385E-04 -0.11656893E-04
  0.44700000E+01  0.23069390E-04 -0.11547889E-04
  0.44800000E+01  0.22507921E-04 -0.11435791E-04
  0.44900000E+01  0.21950639E-04 -0.11316879E-04
  0.45000000E+01  0.21389561E-04 -0.11198511E-04
  0.45100000E+01  0.20832983E-04 -0.11080045E-04
  0.45200000E+01  0.20275638E-04 -0.10961877E-04
  0.45300000E+01  0.19716194E-04 -0.10844907E-04
  0.45400000E+01  0.19153923E-04 -0.10730021E-04
  0.45500000E+01  0.18588240E-04 -0.10618107E-04
  0.45600000E+01  0.18019114E-04 -0.10510053E-04
  0.45700000E+01  0.17447213E-04 -0.10406708E-04
  0.45800000E+01  0.16873670E-04 -0.10308803E-04
  0.45900000E+01  0.16299758E-04 -0.10216841E-04
  0.46000000E+01  0.15727082E-04 -0.10130949E-04
  0.46100000E+01  0.15158547E-04 -0.10050789E-04
  0.46200000E+01  0.14598781E-04 -0.99756910E-05
  0.46300000E+01  0.14050743E-04 -0.99045800E-05
  0.46400000E+01  0.13508101E-04 -0.98343192E-05
  0.46500000E+01  0.12952382E-04 -0.97589066E-05
  0.46600000E+01  0.12366004E-04 -0.96810767E-05
  0.46700000E+01  0.11752872E-04 -0.96244029E-05
  0.46800000E+01  0.11139338E-04 -0.95967819E-05
  0.46900000E+01  0.10548790E-04 -0.95794106E-05
  0.47000000E+01  0.99808217E-05 -0.95627570E-05
  0.47100000E+01  0.94182412E-05 -0.95488182E-05
  0.47200000E+01  0.88468378E-05 -0.95427637E-05
  0.47300000E+01  0.82655000E-05 -0.95481753E-05
  0.47400000E+01  0.76823869E-05 -0.95646765E-05
  0.47500000E+01  0.71055510E-05 -0.95893261E-05
  0.47600000E+01  0.65372236E-05 -0.96189461E-05
  0.47700000E+01  0.59737786E-05 -0.96513661E-05
  0.47800000E+01  0.54083896E-05 -0.96855828E-05
  0.47900000E+01  0.48339362E-05 -0.97215171E-05
  0.48000000E+01  0.42459834E-05 -0.97597337E-05
  0.48100000E+01  0.36407500E-05 -0.98009438E-05
  0.48200000E+01  0.30151036E-05 -0.98500320E-05
  0.48300000E+01  0.23822440E-05 -0.99115825E-05
  0.48400000E+01  0.17503588E-05 -0.99881494E-05
  0.48500000E+01  0.11265689E-05 -0.10083830E-04
  0.48600000E+01  0.52234684E-06 -0.10200959E-04
  0.48700000E+01 -0.51083395E-07 -0.10338789E-04
  0.48800000E+01 -0.58410128E-06 -0.10493043E-04
  0.48900000E+01 -0.10695884E-05 -0.10656585E-04
  0.49000000E+01 -0.15036719E-05 -0.10821132E-04
  0.49100000E+01 -0.18861036E-05 -0.10979369E-04
  0.49200000E+01 -0.22201887E-05 -0.11126602E-04
  0.49300000E+01 -0.25122484E-05 -0.11261354E-04
  0.49400000E+01 -0.27706719E-05 -0.11384942E-04
  0.49500000E+01 -0.30046843E-05 -0.11500450E-04
  0.49600000E+01 -0.32230332E-05 -0.11611569E-04
  0.49700000E+01 -0.34328482E-05 -0.11721674E-04
  0.49800000E+01 -0.36389227E-05 -0.11833285E-04
  0.49900000E+01 -0.38436045E-05 -0.11947735E-04
  0.50000000E+01 -0.40473098E-05 -0.12065006E-04
  0.50100000E+01 -0.42494890E-05 -0.12183731E-04
  0.50200000E+01 -0.44497166E-05 -0.12301427E-04
  0.50300000E+01 -0.46484975E-05 -0.12415023E-04
  0.50400000E+01 -0.48474304E-05 -0.12522036E-04
  0.50500000E+01 -0.50485712E-05 -0.12622137E-04
  0.50600000E+01 -0.52532145E-05 -0.12717618E-04
  0.50700000E+01 -0.54605326E-05 -0.12812026E-04
  0.50800000E+01 -0.56664935E-05 -0.12908340E-04
  0.50900000E+01 -0.58641699E-05 -0.13007899E-04
  0.51000000E+01 -0.60464855E-05 -0.13110094E-04
  0.51100000E+01 -0.62075633E-05 -0.13213460E-04
  0.51200000E+01 -0.63466853E-05 -0.13317663E-04
  0.51300000E+01 -0.64622014E-05 -0.13423195E-04
  0.51400000E+01 -0.65536464E-05 -0.13530312E-04
  0.51500000E+01 -0.66218101E-05 -0.13639244E-04
  0.51600000E+01 -0.66681386E-05 -0.13750042E-04
  0.51700000E+01 -0.66942092E-05 -0.13862443E-04
  0.51800000E+01 -0.67014650E-05 -0.13975774E-04
  0.51900000E+01 -0.66911585E-05 -0.14088927E-04
  0.52000000E+01 -0.66644419E-05 -0.14200381E-04
  0.52100000E+01 -0.66225629E-05 -0.14308297E-04
  0.52200000E+01 -0.65670610E-05 -0.14410662E-04
  0.52300000E+01 -0.64997908E-05 -0.14505481E-04
  0.52400000E+01 -0.64226455E-05 -0.14590974E-04
  0.52500000E+01 -0.63370454E-05 -0.14665827E-04
  0.52600000E+01 -0.62435426E-05 -0.14729431E-04
  0.52700000E+01 -0.61419838E-05 -0.14781847E-04
  0.52800000E+01 -0.60323702E-05 -0.14823068E-04
  0.52900000E+01 -0.59159561E-05 -0.14852130E-04
  0.53000000E+01 -0.57958319E-05 -0.14867893E-04
  0.53100000E+01 -0.56764850E-05 -0.14870964E-04
  0.53200000E+01 -0.55625117E-05 -0.14863927E-04
  0.53300000E+01 -0.54572913E-05 -0.14849881E-04
  0.53400000E+01 -0.53626184E-05 -0.14830956E-04
  0.53500000E+01 -0.52796304E-05 -0.14808125E-04
  0.53600000E+01 -0.52102867E-05 -0.14782213E-04
  0.53700000E+01 -0.51583022E-05 -0.14754274E-04
  0.53800000E+01 -0.51291946E-05 -0.14725379E-04
  0.53900000E+01 -0.51298047E-05 -0.14696519E-04
  0.54000000E+01 -0.51676621E-05 -0.14668679E-04
  0.54100000E+01 -0.52502439E-05 -0.14642994E-04
  0.54200000E+01 -0.53839839E-05 -0.14620953E-04
  0.54300000E+01 -0.55729499E-05 -0.14604652E-04
  0.54400000E+01 -0.58172979E-05 -0.14597106E-04
  0.54500000E+01 -0.61118360E-05 -0.14602550E-04
  0.54600000E+01 -0.64451480E-05 -0.14626614E-04
  0.54700000E+01 -0.67997062E-05 -0.14676072E-04
  0.54800000E+01 -0.71532067E-05 -0.14757787E-04
  0.54900000E+01 -0.74810528E-05 -0.14876567E-04
  0.55000000E+01 -0.77595476E-05 -0.15032359E-04
  0.55100000E+01 -0.79691280E-05 -0.15218435E-04
  0.55200000E+01 -0.80968765E-05 -0.15422579E-04
  0.55300000E+01 -0.81377412E-05 -0.15631284E-04
  0.55400000E+01 -0.80942329E-05 -0.15834052E-04
  0.55500000E+01 -0.79747982E-05 -0.16024888E-04
  0.55600000E+01 -0.77914005E-05 -0.16201028E-04
  0.55700000E+01 -0.75570029E-05 -0.16360996E-04
  0.55800000E+01 -0.72835536E-05 -0.16503457E-04
  0.55900000E+01 -0.69809894E-05 -0.16626922E-04
  0.56000000E+01 -0.66576877E-05 -0.16730166E-04
  0.56100000E+01 -0.63170617E-05 -0.16812550E-04
  0.56200000E+01 -0.59614954E-05 -0.16871939E-04
  0.56300000E+01 -0.55962266E-05 -0.16906942E-04
  0.56400000E+01 -0.52250679E-05 -0.16917288E-04
  0.56500000E+01 -0.48508655E-05 -0.16902649E-04
  0.56600000E+01 -0.44773793E-05 -0.16863159E-04
  0.56700000E+01 -0.41089486E-05 -0.16799579E-04
  0.56800000E+01 -0.37500788E-05 -0.16713310E-04
  0.56900000E+01 -0.34051808E-05 -0.16606380E-04
  0.57000000E+01 -0.30783843E-05 -0.16481401E-04
  0.57100000E+01 -0.27734172E-05 -0.16341494E-04
  0.57200000E+01 -0.24935205E-05 -0.16190168E-04
  0.57300000E+01 -0.22413742E-05 -0.16031161E-04
  0.57400000E+01 -0.20190272E-05 -0.15868263E-04
  0.57500000E+01 -0.18278394E-05 -0.15705109E-04
  0.57600000E+01 -0.16684475E-05 -0.15545002E-04
  0.57700000E+01 -0.15407496E-05 -0.15390751E-04
  0.57800000E+01 -0.14439292E-05 -0.15244561E-04
  0.57900000E+01 -0.13764960E-05 -0.15107965E-04
  0.58000000E+01 -0.13363645E-05 -0.14981812E-04
  0.58100000E+01 -0.13209409E-05 -0.14866296E-04
  0.58200000E+01 -0.13272348E-05 -0.14761023E-04
  0.58300000E+01 -0.13519699E-05 -0.14665113E-04
  0.58400000E+01 -0.13917019E-05 -0.14577308E-04
  0.58500000E+01 -0.14429298E-05 -0.14496109E-04
  0.58600000E+01 -0.15022002E-05 -0.14419892E-04
  0.58700000E+01 -0.15662019E-05 -0.14347035E-04
  0.58800000E+01 -0.16318460E-05 -0.14276010E-04
  0.58900000E+01 -0.16963325E-05 -0.14205461E-04
  0.59000000E+01 -0.17572023E-05 -0.14134249E-04
  0.59100000E+01 -0.18123722E-05 -0.14061469E-04
  0.59200000E+01 -0.18601558E-05 -0.13986452E-04
  0.59300000E+01 -0.18992700E-05 -0.13908733E-04
  0.59400000E+01 -0.19288259E-05 -0.13828024E-04
  0.59500000E+01 -0.19483109E-05 -0.13744175E-04
  0.59600000E+01 -0.19575594E-05 -0.13657136E-04
  0.59700000E+01 -0.19567175E-05 -0.13566928E-04
  0.59800000E+01 -0.19462012E-05 -0.13473615E-04
  0.59900000E+01 -0.19266526E-05 -0.13377293E-04
  0.60000000E+01 -0.18988977E-05 -0.13278071E-04
  0.60100000E+01 -0.18639022E-05 -0.13176072E-04
  0.60200000E+01 -0.18227332E-05 -0.13071421E-04
  0.60300000E+01 -0.17765237E-05 -0.12964251E-04
  0.60400000E+01 -0.17264417E-05 -0.12854695E-04
  0.60500000E+01 -0.16736647E-05 -0.12742889E-04
  0.60600000E+01 -0.16193594E-05 -0.12628967E-04
  0.60700000E+01 -0.15646647E-05 -0.12513062E-04
  0.60800000E+01 -0.15106808E-05 -0.12395304E-04
  0.60900000E+01 -0.14584593E-05 -0.12275814E-04
  0.61000000E+01 -0.14089968E-05 -0.12154709E-04
  0.61100000E+01 -0.13632314E-05 -0.12032094E-04
  0.61200000E+01 -0.13220385E-05 -0.11908065E-04
  0.61300000E+01 -0.12862290E-05 -0.11782708E-04
  0.61400000E+01 -0.12565468E-05 -0.11656100E-04
  0.61500000E+01 -0.12336663E-05 -0.11528308E-04
  0.61600000E+01 -0.12181906E-05 -0.11399393E-04
  0.61700000E+01 -0.12106490E-05 -0.11269409E-04
  0.61800000E+01 -0.12114941E-05 -0.11138408E-04
  0.61900000E+01 -0.12211001E-05 -0.11006436E-04
  0.62000000E+01 -0.12397602E-05 -0.10873537E-04
  0.62100000E+01 -0.12676852E-05 -0.10739753E-04
  0.62200000E+01 -0.13050022E-05 -0.10605122E-04
  0.62300000E+01 -0.13517550E-05 -0.10469680E-04
  0.62400000E+01 -0.14079046E-05 -0.10333461E-04
  0.62500000E+01 -0.14733309E-05 -0.10196494E-04
  0.62600000E+01 -0.15478362E-05 -0.10058806E-04
  0.62700000E+01 -0.16311493E-05 -0.99204257E-05
  0.62800000E+01 -0.17229302E-05 -0.97813791E-05
  0.62900000E+01 -0.18227773E-05 -0.96416965E-05
  0.63000000E+01 -0.19302336E-05 -0.95014125E-05
  0.63100000E+01 -0.20447953E-05 -0.93605683E-05
  0.63200000E+01 -0.21659199E-05 -0.92192122E-05
  0.63300000E+01 -0.22930355E-05 -0.90773995E-05
  0.63400000E+01 -0.24255496E-05 -0.89351907E-05
  0.63500000E+01 -0.25628593E-05 -0.87926484E-05
  0.63600000E+01 -0.27043593E-05 -0.86498332E-05
  0.63700000E+01 -0.28494522E-05 -0.85067973E-05
  0.63800000E+01 -0.29975564E-05 -0.83635793E-05
  0.63900000E+01 -0.31481150E-05 -0.82201982E-05
  0.64000000E+01 -0.33006030E-05 -0.80766475E-05
  0.64100000E+01 -0.34545349E-05 -0.79328916E-05
  0.64200000E+01 -0.36094706E-05 -0.77888627E-05
  0.64300000E+01 -0.37650218E-05 -0.76444600E-05
  0.64400000E+01 -0.39208565E-05 -0.74995499E-05
  0.64500000E+01 -0.40767040E-05 -0.73539685E-05
  0.64600000E+01 -0.42323584E-05 -0.72075253E-05
  0.64700000E+01 -0.43876823E-05 -0.70600085E-05
  0.64800000E+01 -0.45426096E-05 -0.69111908E-05
  0.64900000E+01 -0.46971486E-05 -0.67608371E-05
  0.65000000E+01 -0.48513844E-05 -0.66087115E-05
  0.65100000E+01 -0.50054811E-05 -0.64545850E-05
  0.65200000E+01 -0.51596845E-05 -0.62982431E-05
  0.65300000E+01 -0.53143235E-05 -0.61394906E-05
  0.65400000E+01 -0.54698125E-05 -0.59781563E-05
  0.65500000E+01 -0.56266523E-05 -0.58140947E-05
  0.65600000E+01 -0.57854299E-05 -0.56471855E-05
  0.65700000E+01 -0.59468184E-05 -0.54773310E-05
  0.65800000E+01 -0.61115741E-05 -0.53044527E-05
  0.65900000E+01 -0.62805323E-05 -0.51284863E-05
  0.66000000E+01 -0.64545998E-05 -0.49493778E-05
  0.66100000E+01 -0.66347458E-05 -0.47670806E-05
  0.66200000E+01 -0.68219888E-05 -0.45815541E-05
  0.66300000E+01 -0.70173807E-05 -0.43927647E-05
  0.66400000E+01 -0.72219877E-05 -0.42006896E-05
  0.66500000E+01 -0.74368692E-05 -0.40053225E-05
  0.66600000E+01 -0.76630533E-05 -0.38066822E-05
  0.66700000E+01 -0.79015122E-05 -0.36048231E-05
  0.66800000E+01 -0.81531368E-05 -0.33998473E-05
  0.66900000E+01 -0.84187119E-05 -0.31919187E-05
  0.67000000E+01 -0.86988942E-05 -0.29812769E-05
  0.67100000E+01 -0.89941935E-05 -0.27682511E-05
  0.67200000E+01 -0.93049585E-05 -0.25532690E-05
  0.67300000E+01 -0.96313684E-05 -0.23368597E-05
  0.67400000E+01 -0.99734313E-05 -0.21196451E-05
  0.67500000E+01 -0.10330990E-04 -0.19023171E-05
  0.67600000E+01 -0.10703732E-04 -0.16855983E-05
  0.67700000E+01 -0.11091214E-04 -0.14701884E-05
  0.67800000E+01 -0.11492884E-04 -0.12567005E-05
  0.67900000E+01 -0.11908114E-04 -0.10455960E-05
  0.68000000E+01 -0.12336235E-04 -0.83712618E-06
  0.68100000E+01 -0.12776579E-04 -0.63129289E-06
  0.68200000E+01 -0.13228518E-04 -0.42783475E-06
  0.68300000E+01 -0.13691510E-04 -0.22624636E-06
  0.68400000E+01 -0.14165135E-04 -0.25830341E-07
  0.68500000E+01 -0.14649146E-04  0.17422253E-06
  0.68600000E+01 -0.15143507E-04  0.37473721E-06
  0.68700000E+01 -0.15648435E-04  0.57646046E-06
  0.68800000E+01 -0.16164440E-04  0.77998658E-06
  0.68900000E+01 -0.16692361E-04  0.98571847E-06
  0.69000000E+01 -0.17233400E-04  0.11938697E-05
  0.69100000E+01 -0.17789143E-04  0.14045022E-05
  0.69200000E+01 -0.18361580E-04  0.16175848E-05
  0.69300000E+01 -0.18953108E-04  0.18330532E-05
  0.69400000E+01 -0.19566530E-04  0.20508487E-05
  0.69500000E+01 -0.20205042E-04  0.22709231E-05
  0.69600000E+01 -0.20872217E-04  0.24931982E-05
  0.69700000E+01 -0.21571980E-04  0.27174846E-05
  0.69800000E+01 -0.22308589E-04  0.29433678E-05
  0.69900000E+01 -0.23086599E-04  0.31700853E-05
  0.70000000E+01 -0.23910863E-04  0.33964252E-05
