  0.00000000E+00  0.36282496E+04 -0.95241401E-12
  0.10000000E-01  0.36855422E+04 -0.46359013E+02
  0.20000000E-01  0.38765900E+04 -0.66224898E+02
  0.30000000E-01  0.41235206E+04 -0.42852169E+02
  0.40000000E-01  0.43648975E+04  0.78503899E+02
  0.50000000E-01  0.45612922E+04  0.18302284E+03
  0.60000000E-01  0.48733610E+04  0.37646881E+03
  0.70000000E-01  0.48994038E+04  0.71190739E+03
  0.80000000E-01  0.44496693E+04  0.97403122E+03
  0.90000000E-01  0.39024249E+04  0.10627118E+04
  0.10000000E+00  0.35079197E+04  0.10792168E+04
  0.11000000E+00  0.32148792E+04  0.10668396E+04
  0.12000000E+00  0.29731424E+04  0.10399347E+04
  0.13000000E+00  0.27713720E+04  0.10043751E+04
  0.14000000E+00  0.26052263E+04  0.96319093E+03
  0.15000000E+00  0.24707454E+04  0.91870121E+03
  0.16000000E+00  0.23638068E+04  0.87273757E+03
  0.17000000E+00  0.22800765E+04  0.82642711E+03
  0.18000000E+00  0.22152345E+04  0.78031336E+03
  0.19000000E+00  0.21653255E+04  0.73465089E+03
  0.20000000E+00  0.21270609E+04  0.68961922E+03
  0.21000000E+00  0.20979540E+04  0.64539248E+03
  0.22000000E+00  0.20762740E+04  0.60211875E+03
  0.23000000E+00  0.20608838E+04  0.55988469E+03
  0.24000000E+00  0.20510542E+04  0.51870686E+03
  0.25000000E+00  0.20463128E+04  0.47855315E+03
  0.26000000E+00  0.20463426E+04  0.43938329E+03
  0.27000000E+00  0.20509182E+04  0.40119219E+03
  0.28000000E+00  0.20598619E+04  0.36403720E+03
  0.29000000E+00  0.20730073E+04  0.32803851E+03
  0.30000000E+00  0.20901675E+04  0.29335782E+03
  0.31000000E+00  0.21111094E+04  0.26016945E+03
  0.32000000E+00  0.21355379E+04  0.22863388E+03
  0.33000000E+00  0.21630941E+04  0.19887744E+03
  0.34000000E+00  0.21933650E+04  0.17097845E+03
  0.35000000E+00  0.22259036E+04  0.14496069E+03
  0.36000000E+00  0.22602556E+04  0.12079491E+03
  0.37000000E+00  0.22959847E+04  0.98408440E+02
  0.38000000E+00  0.23326956E+04  0.77700189E+02
  0.39000000E+00  0.23700497E+04  0.58556928E+02
  0.40000000E+00  0.24077727E+04  0.40867024E+02
  0.41000000E+00  0.24456556E+04  0.24528346E+02
  0.42000000E+00  0.24835492E+04  0.94489616E+01
  0.43000000E+00  0.25213554E+04 -0.44571663E+01
  0.44000000E+00  0.25590180E+04 -0.17274718E+02
  0.45000000E+00  0.25965122E+04 -0.29088074E+02
  0.46000000E+00  0.26338377E+04 -0.39978423E+02
  0.47000000E+00  0.26710118E+04 -0.50018794E+02
  0.48000000E+00  0.27080650E+04 -0.59269470E+02
  0.49000000E+00  0.27450380E+04 -0.67776004E+02
  0.50000000E+00  0.27819783E+04 -0.75571058E+02
  0.51000000E+00  0.28189378E+04 -0.82679166E+02
  0.52000000E+00  0.28559707E+04 -0.89121725E+02
  0.53000000E+00  0.28931303E+04 -0.94919704E+02
  0.54000000E+00  0.29304674E+04 -0.10009336E+03
  0.55000000E+00  0.29680281E+04 -0.10465979E+03
  0.56000000E+00  0.30058521E+04 -0.10862987E+03
  0.57000000E+00  0.30439710E+04 -0.11200616E+03
  0.58000000E+00  0.30824073E+04 -0.11478311E+03
  0.59000000E+00  0.31211733E+04 -0.11694993E+03
  0.60000000E+00  0.31602703E+04 -0.11849454E+03
  0.61000000E+00  0.31996881E+04 -0.11940654E+03
  0.62000000E+00  0.32394050E+04 -0.11967796E+03
  0.63000000E+00  0.32793884E+04 -0.11930180E+03
  0.64000000E+00  0.33195954E+04 -0.11826932E+03
  0.65000000E+00  0.33599740E+04 -0.11656759E+03
  0.66000000E+00  0.34004647E+04 -0.11417894E+03
  0.67000000E+00  0.34410022E+04 -0.11108339E+03
  0.68000000E+00  0.34815170E+04 -0.10726370E+03
  0.69000000E+00  0.35219375E+04 -0.10271089E+03
  0.70000000E+00  0.35621916E+04 -0.97427763E+02
  0.71000000E+00  0.36022087E+04 -0.91428784E+02
  0.72000000E+00  0.36419209E+04 -0.84736407E+02
  0.73000000E+00  0.36812640E+04 -0.77374913E+02
  0.74000000E+00  0.37201777E+04 -0.69364170E+02
  0.75000000E+00  0.37586064E+04 -0.60716131E+02
  0.76000000E+00  0.37964979E+04 -0.51435782E+02
  0.77000000E+00  0.38338039E+04 -0.41525955E+02
  0.78000000E+00  0.38704786E+04 -0.30993479E+02
  0.79000000E+00  0.39064786E+04 -0.19853905E+02
  0.80000000E+00  0.39417625E+04 -0.81327347E+01
  0.81000000E+00  0.39762900E+04  0.41376543E+01
  0.82000000E+00  0.40100224E+04  0.16924267E+02
  0.83000000E+00  0.40429224E+04  0.30199527E+02
  0.84000000E+00  0.40749553E+04  0.43943169E+02
  0.85000000E+00  0.41060907E+04  0.58138484E+02
  0.86000000E+00  0.41363056E+04  0.72764956E+02
  0.87000000E+00  0.41655879E+04  0.87791345E+02
  0.88000000E+00  0.41939395E+04  0.10317330E+03
  0.89000000E+00  0.42213801E+04  0.11885811E+03
  0.90000000E+00  0.42479474E+04  0.13479574E+03
  0.91000000E+00  0.42736955E+04  0.15095080E+03
  0.92000000E+00  0.42986900E+04  0.16730865E+03
  0.93000000E+00  0.43229989E+04  0.18387290E+03
  0.94000000E+00  0.43466814E+04  0.20065749E+03
  0.95000000E+00  0.43697765E+04  0.21767870E+03
  0.96000000E+00  0.43922939E+04  0.23495175E+03
  0.97000000E+00  0.44142126E+04  0.25249280E+03
  0.98000000E+00  0.44354868E+04  0.27032305E+03
  0.99000000E+00  0.44560611E+04  0.28846784E+03
  0.10000000E+01  0.44758854E+04  0.30694537E+03
  0.10100000E+01  0.44949219E+04  0.32574933E+03
  0.10200000E+01  0.45131360E+04  0.34484177E+03
  0.10300000E+01  0.45304737E+04  0.36417092E+03
  0.10400000E+01  0.45468448E+04  0.38370548E+03
  0.10500000E+01  0.45621367E+04  0.40344974E+03
  0.10600000E+01  0.45762771E+04  0.42340272E+03
  0.10700000E+01  0.45893431E+04  0.44347466E+03
  0.10800000E+01  0.46016810E+04  0.46347532E+03
  0.10900000E+01  0.46139416E+04  0.48326297E+03
  0.11000000E+01  0.46269626E+04  0.50292805E+03
  0.11100000E+01  0.46419308E+04  0.52290154E+03
  0.11200000E+01  0.46602644E+04  0.54432770E+03
  0.11300000E+01  0.46770709E+04  0.57009873E+03
  0.11400000E+01  0.46834567E+04  0.59565046E+03
  0.11500000E+01  0.46866111E+04  0.62010283E+03
  0.11600000E+01  0.46889941E+04  0.64385971E+03
  0.11700000E+01  0.46892668E+04  0.66613364E+03
  0.11800000E+01  0.46895230E+04  0.68748202E+03
  0.11900000E+01  0.46898871E+04  0.70824230E+03
  0.12000000E+01  0.46903930E+04  0.72868240E+03
  0.12100000E+01  0.46908810E+04  0.74885724E+03
  0.12200000E+01  0.46913262E+04  0.76878354E+03
  0.12300000E+01  0.46917543E+04  0.78851964E+03
  0.12400000E+01  0.46921330E+04  0.80809375E+03
  0.12500000E+01  0.46923780E+04  0.82750158E+03
  0.12600000E+01  0.46924708E+04  0.84673640E+03
  0.12700000E+01  0.46924601E+04  0.86578938E+03
  0.12800000E+01  0.46924441E+04  0.88467909E+03
  0.12900000E+01  0.46925088E+04  0.90339867E+03
  0.13000000E+01  0.46927625E+04  0.92192154E+03
  0.13100000E+01  0.46933874E+04  0.94020730E+03
  0.13200000E+01  0.46968336E+04  0.95836366E+03
  0.13300000E+01  0.47106563E+04  0.97860320E+03
  0.13400000E+01  0.47154752E+04  0.10075591E+04
  0.13500000E+01  0.47005366E+04  0.10313378E+04
  0.13600000E+01  0.46931599E+04  0.10514379E+04
  0.13700000E+01  0.46894794E+04  0.10716363E+04
  0.13800000E+01  0.46852491E+04  0.10917033E+04
  0.13900000E+01  0.46810568E+04  0.11116162E+04
  0.14000000E+01  0.46771619E+04  0.11315664E+04
  0.14100000E+01  0.46733554E+04  0.11518666E+04
  0.14200000E+01  0.46689039E+04  0.11727805E+04
  0.14300000E+01  0.46629286E+04  0.11943497E+04
  0.14400000E+01  0.46547746E+04  0.12162135E+04
  0.14500000E+01  0.46442706E+04  0.12377153E+04
  0.14600000E+01  0.46317791E+04  0.12583471E+04
  0.14700000E+01  0.46180282E+04  0.12780090E+04
  0.14800000E+01  0.46038317E+04  0.12968725E+04
  0.14900000E+01  0.45898370E+04  0.13151601E+04
  0.15000000E+01  0.45763917E+04  0.13330468E+04
  0.15100000E+01  0.45635478E+04  0.13506505E+04
  0.15200000E+01  0.45511642E+04  0.13680471E+04
  0.15300000E+01  0.45390191E+04  0.13852883E+04
  0.15400000E+01  0.45269191E+04  0.14023995E+04
  0.15500000E+01  0.45147165E+04  0.14193798E+04
  0.15600000E+01  0.45023284E+04  0.14362075E+04
  0.15700000E+01  0.44897364E+04  0.14528700E+04
  0.15800000E+01  0.44769578E+04  0.14693698E+04
  0.15900000E+01  0.44640192E+04  0.14857113E+04
  0.16000000E+01  0.44509401E+04  0.15018920E+04
  0.16100000E+01  0.44377317E+04  0.15179011E+04
  0.16200000E+01  0.44244124E+04  0.15337189E+04
  0.16300000E+01  0.44110429E+04  0.15493311E+04
  0.16400000E+01  0.43977737E+04  0.15647437E+04
  0.16500000E+01  0.43846747E+04  0.15800196E+04
  0.16600000E+01  0.43713688E+04  0.15952597E+04
  0.16700000E+01  0.43576767E+04  0.16102323E+04
  0.16800000E+01  0.43440540E+04  0.16248913E+04
  0.16900000E+01  0.43306172E+04  0.16393431E+04
  0.17000000E+01  0.43173865E+04  0.16536012E+04
  0.17100000E+01  0.43043397E+04  0.16677241E+04
  0.17200000E+01  0.42914060E+04  0.16817372E+04
  0.17300000E+01  0.42785470E+04  0.16956654E+04
  0.17400000E+01  0.42657291E+04  0.17095335E+04
  0.17500000E+01  0.42529206E+04  0.17233581E+04
  0.17600000E+01  0.42401047E+04  0.17371374E+04
  0.17700000E+01  0.42272968E+04  0.17508574E+04
  0.17800000E+01  0.42145408E+04  0.17645136E+04
  0.17900000E+01  0.42018858E+04  0.17781216E+04
  0.18000000E+01  0.41893716E+04  0.17917152E+04
  0.18100000E+01  0.41770488E+04  0.18053191E+04
  0.18200000E+01  0.41654209E+04  0.18189271E+04
  0.18300000E+01  0.41598873E+04  0.18337148E+04
  0.18400000E+01  0.41465448E+04  0.18532162E+04
  0.18500000E+01  0.41288821E+04  0.18691759E+04
  0.18600000E+01  0.41125891E+04  0.18852312E+04
  0.18700000E+01  0.40945090E+04  0.19011698E+04
  0.18800000E+01  0.40749082E+04  0.19169128E+04
  0.18900000E+01  0.40540100E+04  0.19322478E+04
  0.19000000E+01  0.40321679E+04  0.19470779E+04
  0.19100000E+01  0.40097286E+04  0.19613650E+04
  0.19200000E+01  0.39869793E+04  0.19751557E+04
  0.19300000E+01  0.39641038E+04  0.19885577E+04
  0.19400000E+01  0.39411810E+04  0.20016624E+04
  0.19500000E+01  0.39182251E+04  0.20145217E+04
  0.19600000E+01  0.38952279E+04  0.20271563E+04
  0.19700000E+01  0.38721777E+04  0.20395594E+04
  0.19800000E+01  0.38495804E+04  0.20522055E+04
  0.19900000E+01  0.38258416E+04  0.20645679E+04
  0.20000000E+01  0.38014653E+04  0.20769434E+04
  0.20100000E+01  0.37761334E+04  0.20888737E+04
  0.20200000E+01  0.37506386E+04  0.21004171E+04
  0.20300000E+01  0.37249479E+04  0.21116206E+04
  0.20400000E+01  0.36991599E+04  0.21224773E+04
  0.20500000E+01  0.36734616E+04  0.21329944E+04
  0.20600000E+01  0.36480608E+04  0.21431883E+04
  0.20700000E+01  0.36231744E+04  0.21530884E+04
  0.20800000E+01  0.35990214E+04  0.21627431E+04
  0.20900000E+01  0.35758069E+04  0.21722251E+04
  0.21000000E+01  0.35537102E+04  0.21816386E+04
  0.21100000E+01  0.35328857E+04  0.21911139E+04
  0.21200000E+01  0.35134569E+04  0.22007959E+04
  0.21300000E+01  0.34954506E+04  0.22108382E+04
  0.21400000E+01  0.34786783E+04  0.22213985E+04
  0.21500000E+01  0.34627147E+04  0.22326200E+04
  0.21600000E+01  0.34471089E+04  0.22445293E+04
  0.21700000E+01  0.34316512E+04  0.22570542E+04
  0.21800000E+01  0.34163874E+04  0.22702576E+04
  0.21900000E+01  0.34014095E+04  0.22842317E+04
  0.22000000E+01  0.33867084E+04  0.22989721E+04
  0.22100000E+01  0.33721745E+04  0.23144965E+04
  0.22200000E+01  0.33576522E+04  0.23309620E+04
  0.22300000E+01  0.33432882E+04  0.23486683E+04
  0.22400000E+01  0.33292475E+04  0.23685204E+04
  0.22500000E+01  0.33097350E+04  0.23908013E+04
  0.22600000E+01  0.32897354E+04  0.24136257E+04
  0.22700000E+01  0.32632866E+04  0.24421541E+04
  0.22800000E+01  0.32101100E+04  0.24692108E+04
  0.22900000E+01  0.31542465E+04  0.24875476E+04
  0.23000000E+01  0.31041124E+04  0.25047696E+04
  0.23100000E+01  0.30481689E+04  0.25181113E+04
  0.23200000E+01  0.29982386E+04  0.25282565E+04
  0.23300000E+01  0.29547064E+04  0.25431754E+04
  0.23400000E+01  0.28978469E+04  0.25506056E+04
  0.23500000E+01  0.28508547E+04  0.25563710E+04
  0.23600000E+01  0.28049710E+04  0.25615459E+04
  0.23700000E+01  0.27595294E+04  0.25658770E+04
  0.23800000E+01  0.27144975E+04  0.25692820E+04
  0.23900000E+01  0.26701936E+04  0.25717259E+04
  0.24000000E+01  0.26270263E+04  0.25732998E+04
  0.24100000E+01  0.25852004E+04  0.25741032E+04
  0.24200000E+01  0.25448391E+04  0.25742256E+04
  0.24300000E+01  0.25059917E+04  0.25737485E+04
  0.24400000E+01  0.24686484E+04  0.25727424E+04
  0.24500000E+01  0.24327611E+04  0.25712679E+04
  0.24600000E+01  0.23982590E+04  0.25693776E+04
  0.24700000E+01  0.23650560E+04  0.25671199E+04
  0.24800000E+01  0.23330512E+04  0.25645410E+04
  0.24900000E+01  0.23021290E+04  0.25616831E+04
  0.25000000E+01  0.22721645E+04  0.25585764E+04
  0.25100000E+01  0.22430367E+04  0.25552297E+04
  0.25200000E+01  0.22146460E+04  0.25516325E+04
  0.25300000E+01  0.21869293E+04  0.25477722E+04
  0.25400000E+01  0.21598606E+04  0.25436530E+04
  0.25500000E+01  0.21334242E+04  0.25392866E+04
  0.25600000E+01  0.21076008E+04  0.25346788E+04
  0.25700000E+01  0.20823676E+04  0.25298346E+04
  0.25800000E+01  0.20576988E+04  0.25247664E+04
  0.25900000E+01  0.20335631E+04  0.25194917E+04
  0.26000000E+01  0.20099224E+04  0.25140264E+04
  0.26100000E+01  0.19867314E+04  0.25083803E+04
  0.26200000E+01  0.19639400E+04  0.25025564E+04
  0.26300000E+01  0.19414977E+04  0.24965521E+04
  0.26400000E+01  0.19193588E+04  0.24903599E+04
  0.26500000E+01  0.18974857E+04  0.24839691E+04
  0.26600000E+01  0.18758529E+04  0.24773665E+04
  0.26700000E+01  0.18544476E+04  0.24705376E+04
  0.26800000E+01  0.18332711E+04  0.24634674E+04
  0.26900000E+01  0.18123369E+04  0.24561416E+04
  0.27000000E+01  0.17916719E+04  0.24485460E+04
  0.27100000E+01  0.17713178E+04  0.24406692E+04
  0.27200000E+01  0.17513254E+04  0.24325027E+04
  0.27300000E+01  0.17317554E+04  0.24240411E+04
  0.27400000E+01  0.17126748E+04  0.24152842E+04
  0.27500000E+01  0.16941545E+04  0.24062378E+04
  0.27600000E+01  0.16762643E+04  0.23969152E+04
  0.27700000E+01  0.16590693E+04  0.23873387E+04
  0.27800000E+01  0.16426238E+04  0.23775395E+04
  0.27900000E+01  0.16269659E+04  0.23675590E+04
  0.28000000E+01  0.16121093E+04  0.23574476E+04
  0.28100000E+01  0.15980339E+04  0.23472638E+04
  0.28200000E+01  0.15846741E+04  0.23370698E+04
  0.28300000E+01  0.15719090E+04  0.23269262E+04
  0.28400000E+01  0.15595573E+04  0.23168849E+04
  0.28500000E+01  0.15473842E+04  0.23069821E+04
  0.28600000E+01  0.15351237E+04  0.22972286E+04
  0.28700000E+01  0.15225168E+04  0.22876010E+04
  0.28800000E+01  0.15093565E+04  0.22780319E+04
  0.28900000E+01  0.14955217E+04  0.22684064E+04
  0.29000000E+01  0.14809842E+04  0.22585727E+04
  0.29100000E+01  0.14657831E+04  0.22483809E+04
  0.29200000E+01  0.14499887E+04  0.22377375E+04
  0.29300000E+01  0.14336870E+04  0.22266171E+04
  0.29400000E+01  0.14170058E+04  0.22149849E+04
  0.29500000E+01  0.14001655E+04  0.22027150E+04
  0.29600000E+01  0.13835101E+04  0.21896513E+04
  0.29700000E+01  0.13674854E+04  0.21757339E+04
  0.29800000E+01  0.13525748E+04  0.21610124E+04
  0.29900000E+01  0.13392363E+04  0.21455771E+04
  0.30000000E+01  0.13278840E+04  0.21295104E+04
  0.30100000E+01  0.13189176E+04  0.21128735E+04
  0.30200000E+01  0.13127758E+04  0.20957113E+04
  0.30300000E+01  0.13099790E+04  0.20780602E+04
  0.30400000E+01  0.13111348E+04  0.20599567E+04
  0.30500000E+01  0.13168974E+04  0.20414431E+04
  0.30600000E+01  0.13278860E+04  0.20225661E+04
  0.30700000E+01  0.13445811E+04  0.20033573E+04
  0.30800000E+01  0.13672554E+04  0.19837581E+04
  0.30900000E+01  0.13961895E+04  0.19633644E+04
  0.31000000E+01  0.14343739E+04  0.19405670E+04
  0.31100000E+01  0.15502894E+04  0.19183383E+04
  0.31200000E+01  0.15800475E+04  0.19757350E+04
  0.31300000E+01  0.15901781E+04  0.19736678E+04
  0.31400000E+01  0.16150693E+04  0.19716333E+04
  0.31500000E+01  0.16431401E+04  0.19719203E+04
  0.31600000E+01  0.16695927E+04  0.19740453E+04
  0.31700000E+01  0.16937168E+04  0.19772573E+04
  0.31800000E+01  0.17147993E+04  0.19810625E+04
  0.31900000E+01  0.17331462E+04  0.19851502E+04
  0.32000000E+01  0.17493984E+04  0.19893612E+04
  0.32100000E+01  0.17641955E+04  0.19936418E+04
  0.32200000E+01  0.17781559E+04  0.19979841E+04
  0.32300000E+01  0.17918156E+04  0.20023906E+04
  0.32400000E+01  0.18055607E+04  0.20068778E+04
  0.32500000E+01  0.18196220E+04  0.20114853E+04
  0.32600000E+01  0.18341168E+04  0.20162508E+04
  0.32700000E+01  0.18491051E+04  0.20212105E+04
  0.32800000E+01  0.18646324E+04  0.20264155E+04
  0.32900000E+01  0.18807483E+04  0.20319288E+04
  0.33000000E+01  0.18975126E+04  0.20378281E+04
  0.33100000E+01  0.19150202E+04  0.20441956E+04
  0.33200000E+01  0.19334571E+04  0.20510858E+04
  0.33300000E+01  0.19531220E+04  0.20585912E+04
  0.33400000E+01  0.19743107E+04  0.20668838E+04
  0.33500000E+01  0.19974134E+04  0.20762001E+04
  0.33600000E+01  0.20239218E+04  0.20868623E+04
  0.33700000E+01  0.20557687E+04  0.20996438E+04
  0.33800000E+01  0.20908266E+04  0.21166174E+04
  0.33900000E+01  0.21274636E+04  0.21406539E+04
  0.34000000E+01  0.21371231E+04  0.21723911E+04
  0.34100000E+01  0.21333038E+04  0.21974385E+04
  0.34200000E+01  0.21268034E+04  0.22196278E+04
  0.34300000E+01  0.21176173E+04  0.22398153E+04
  0.34400000E+01  0.21074664E+04  0.22584869E+04
  0.34500000E+01  0.20966021E+04  0.22760043E+04
  0.34600000E+01  0.20850890E+04  0.22925851E+04
  0.34700000E+01  0.20729815E+04  0.23084096E+04
  0.34800000E+01  0.20602873E+04  0.23235934E+04
  0.34900000E+01  0.20469980E+04  0.23382163E+04
  0.35000000E+01  0.20331031E+04  0.23523581E+04
  0.35100000E+01  0.20185813E+04  0.23660740E+04
  0.35200000E+01  0.20033914E+04  0.23793997E+04
  0.35300000E+01  0.19874705E+04  0.23923751E+04
  0.35400000E+01  0.19707379E+04  0.24050337E+04
  0.35500000E+01  0.19531007E+04  0.24173887E+04
  0.35600000E+01  0.19344592E+04  0.24294477E+04
  0.35700000E+01  0.19147132E+04  0.24412124E+04
  0.35800000E+01  0.18937694E+04  0.24526638E+04
  0.35900000E+01  0.18715502E+04  0.24637618E+04
  0.36000000E+01  0.18480035E+04  0.24744481E+04
  0.36100000E+01  0.18231181E+04  0.24846484E+04
  0.36200000E+01  0.17969320E+04  0.24942788E+04
  0.36300000E+01  0.17695268E+04  0.25032430E+04
  0.36400000E+01  0.17410352E+04  0.25114472E+04
  0.36500000E+01  0.17116375E+04  0.25188171E+04
  0.36600000E+01  0.16815464E+04  0.25253081E+04
  0.36700000E+01  0.16509839E+04  0.25309117E+04
  0.36800000E+01  0.16201582E+04  0.25356537E+04
  0.36900000E+01  0.15892462E+04  0.25395858E+04
  0.37000000E+01  0.15583842E+04  0.25427748E+04
  0.37100000E+01  0.15276672E+04  0.25452933E+04
  0.37200000E+01  0.14971531E+04  0.25472126E+04
  0.37300000E+01  0.14668702E+04  0.25485956E+04
  0.37400000E+01  0.14368246E+04  0.25494908E+04
  0.37500000E+01  0.14070092E+04  0.25499303E+04
  0.37600000E+01  0.13774117E+04  0.25499285E+04
  0.37700000E+01  0.13480227E+04  0.25494857E+04
  0.37800000E+01  0.13188407E+04  0.25485926E+04
  0.37900000E+01  0.12898740E+04  0.25472381E+04
  0.38000000E+01  0.12611369E+04  0.25454162E+04
  0.38100000E+01  0.12326457E+04  0.25431298E+04
  0.38200000E+01  0.12044437E+04  0.25403879E+04
  0.38300000E+01  0.11767028E+04  0.25372047E+04
  0.38400000E+01  0.11495787E+04  0.25336242E+04
  0.38500000E+01  0.11227229E+04  0.25295961E+04
  0.38600000E+01  0.11024862E+04  0.25262004E+04
  0.38700000E+01  0.10674778E+04  0.25242983E+04
  0.38800000E+01  0.10401198E+04  0.25181078E+04
  0.38900000E+01  0.10228284E+04  0.25137025E+04
  0.39000000E+01  0.98653913E+03  0.25120634E+04
  0.39100000E+01  0.95980339E+03  0.25050343E+04
  0.39200000E+01  0.93442947E+03  0.24983048E+04
  0.39300000E+01  0.90996414E+03  0.24915862E+04
  0.39400000E+01  0.88619894E+03  0.24848119E+04
  0.39500000E+01  0.86300467E+03  0.24779493E+04
  0.39600000E+01  0.84028342E+03  0.24709829E+04
  0.39700000E+01  0.81793716E+03  0.24639076E+04
  0.39800000E+01  0.79591743E+03  0.24567197E+04
  0.39900000E+01  0.77415539E+03  0.24494697E+04
  0.40000000E+01  0.75228250E+03  0.24421196E+04
  0.40100000E+01  0.73019498E+03  0.24347192E+04
  0.40200000E+01  0.70742419E+03  0.24270814E+04
  0.40300000E+01  0.68428162E+03  0.24191063E+04
  0.40400000E+01  0.66131252E+03  0.24107031E+04
  0.40500000E+01  0.63955786E+03  0.24018410E+04
  0.40600000E+01  0.61937804E+03  0.23928830E+04
  0.40700000E+01  0.59847888E+03  0.23847053E+04
  0.40800000E+01  0.57405868E+03  0.23765532E+04
  0.40900000E+01  0.54738569E+03  0.23662724E+04
  0.41000000E+01  0.52220642E+03  0.23543204E+04
  0.41100000E+01  0.50010053E+03  0.23416439E+04
  0.41200000E+01  0.48046756E+03  0.23286439E+04
  0.41300000E+01  0.46259182E+03  0.23154796E+04
  0.41400000E+01  0.44618404E+03  0.23022331E+04
  0.41500000E+01  0.43110781E+03  0.22889480E+04
  0.41600000E+01  0.41723968E+03  0.22756261E+04
  0.41700000E+01  0.40553423E+03  0.22623897E+04
  0.41800000E+01  0.39334345E+03  0.22502610E+04
  0.41900000E+01  0.38109759E+03  0.22370357E+04
  0.42000000E+01  0.37043957E+03  0.22238032E+04
  0.42100000E+01  0.36034874E+03  0.22106163E+04
  0.42200000E+01  0.35075720E+03  0.21974459E+04
  0.42300000E+01  0.34161134E+03  0.21842820E+04
  0.42400000E+01  0.33286091E+03  0.21711214E+04
  0.42500000E+01  0.32446373E+03  0.21579620E+04
  0.42600000E+01  0.31638849E+03  0.21447996E+04
  0.42700000E+01  0.30861366E+03  0.21316288E+04
  0.42800000E+01  0.30112527E+03  0.21184451E+04
  0.42900000E+01  0.29391821E+03  0.21052447E+04
  0.43000000E+01  0.28699482E+03  0.20920263E+04
  0.43100000E+01  0.28036040E+03  0.20787901E+04
  0.43200000E+01  0.27402111E+03  0.20655369E+04
  0.43300000E+01  0.26798377E+03  0.20522677E+04
  0.43400000E+01  0.26225645E+03  0.20389841E+04
  0.43500000E+01  0.25684904E+03  0.20256878E+04
  0.43600000E+01  0.25177438E+03  0.20123809E+04
  0.43700000E+01  0.24704990E+03  0.19990660E+04
  0.43800000E+01  0.24269966E+03  0.19857462E+04
  0.43900000E+01  0.23875313E+03  0.19724264E+04
  0.44000000E+01  0.23523290E+03  0.19591156E+04
  0.44100000E+01  0.23214554E+03  0.19458307E+04
  0.44200000E+01  0.22944552E+03  0.19325927E+04
  0.44300000E+01  0.22705559E+03  0.19193480E+04
  0.44400000E+01  0.22513795E+03  0.19060315E+04
  0.44500000E+01  0.22383272E+03  0.18926746E+04
  0.44600000E+01  0.22323361E+03  0.18792887E+04
  0.44700000E+01  0.22339824E+03  0.18658853E+04
  0.44800000E+01  0.22441562E+03  0.18524779E+04
  0.44900000E+01  0.22630322E+03  0.18391036E+04
  0.45000000E+01  0.22909576E+03  0.18257149E+04
  0.45100000E+01  0.23297681E+03  0.18123223E+04
  0.45200000E+01  0.23802767E+03  0.17989359E+04
  0.45300000E+01  0.24436290E+03  0.17855659E+04
  0.45400000E+01  0.25211021E+03  0.17722298E+04
  0.45500000E+01  0.26140176E+03  0.17589521E+04
  0.45600000E+01  0.27237486E+03  0.17457657E+04
  0.45700000E+01  0.28517083E+03  0.17327142E+04
  0.45800000E+01  0.29992867E+03  0.17198552E+04
  0.45900000E+01  0.31677847E+03  0.17072648E+04
  0.46000000E+01  0.33585039E+03  0.16950444E+04
  0.46100000E+01  0.35731106E+03  0.16833346E+04
  0.46200000E+01  0.38138311E+03  0.16723345E+04
  0.46300000E+01  0.40820808E+03  0.16623350E+04
  0.46400000E+01  0.43744735E+03  0.16537647E+04
  0.46500000E+01  0.46785623E+03  0.16471982E+04
  0.46600000E+01  0.49741163E+03  0.16430503E+04
  0.46700000E+01  0.52421986E+03  0.16408219E+04
  0.46800000E+01  0.54749257E+03  0.16393541E+04
  0.46900000E+01  0.56765050E+03  0.16381327E+04
  0.47000000E+01  0.58560672E+03  0.16370692E+04
  0.47100000E+01  0.60211715E+03  0.16359330E+04
  0.47200000E+01  0.61769121E+03  0.16345510E+04
  0.47300000E+01  0.63276425E+03  0.16329496E+04
  0.47400000E+01  0.64773479E+03  0.16312590E+04
  0.47500000E+01  0.66286481E+03  0.16296248E+04
  0.47600000E+01  0.67821946E+03  0.16281674E+04
  0.47700000E+01  0.69370476E+03  0.16269663E+04
  0.47800000E+01  0.70914765E+03  0.16260617E+04
  0.47900000E+01  0.72436112E+03  0.16254637E+04
  0.48000000E+01  0.73917797E+03  0.16251644E+04
  0.48100000E+01  0.75345767E+03  0.16251455E+04
  0.48200000E+01  0.76708986E+03  0.16253810E+04
  0.48300000E+01  0.78000342E+03  0.16258411E+04
  0.48400000E+01  0.79215988E+03  0.16264965E+04
  0.48500000E+01  0.80354624E+03  0.16273164E+04
  0.48600000E+01  0.81417115E+03  0.16282700E+04
  0.48700000E+01  0.82405870E+03  0.16293273E+04
  0.48800000E+01  0.83324330E+03  0.16304604E+04
  0.48900000E+01  0.84176647E+03  0.16316435E+04
  0.49000000E+01  0.84967495E+03  0.16328536E+04
  0.49100000E+01  0.85701978E+03  0.16340696E+04
  0.49200000E+01  0.86385575E+03  0.16352730E+04
  0.49300000E+01  0.87024088E+03  0.16364476E+04
  0.49400000E+01  0.87623542E+03  0.16375814E+04
  0.49500000E+01  0.88190046E+03  0.16386677E+04
  0.49600000E+01  0.88729619E+03  0.16397054E+04
  0.49700000E+01  0.89248016E+03  0.16406978E+04
  0.49800000E+01  0.89750587E+03  0.16416517E+04
  0.49900000E+01  0.90242175E+03  0.16425764E+04
  0.50000000E+01  0.90727064E+03  0.16434818E+04
  0.50100000E+01  0.91208924E+03  0.16443779E+04
  0.50200000E+01  0.91690755E+03  0.16452747E+04
  0.50300000E+01  0.92174810E+03  0.16461817E+04
  0.50400000E+01  0.92662552E+03  0.16471086E+04
  0.50500000E+01  0.93154729E+03  0.16480647E+04
  0.50600000E+01  0.93651615E+03  0.16490575E+04
  0.50700000E+01  0.94153287E+03  0.16500913E+04
  0.50800000E+01  0.94659713E+03  0.16511675E+04
  0.50900000E+01  0.95170401E+03  0.16522888E+04
  0.51000000E+01  0.95684662E+03  0.16534571E+04
  0.51100000E+01  0.96202809E+03  0.16546703E+04
  0.51200000E+01  0.96728062E+03  0.16559405E+04
  0.51300000E+01  0.97260164E+03  0.16572839E+04
  0.51400000E+01  0.97797781E+03  0.16587107E+04
  0.51500000E+01  0.98339768E+03  0.16602291E+04
  0.51600000E+01  0.98885223E+03  0.16618458E+04
  0.51700000E+01  0.99433518E+03  0.16635666E+04
  0.51800000E+01  0.99984444E+03  0.16653966E+04
  0.51900000E+01  0.10053843E+04  0.16673404E+04
  0.52000000E+01  0.10109674E+04  0.16694029E+04
  0.52100000E+01  0.10166160E+04  0.16715895E+04
  0.52200000E+01  0.10223586E+04  0.16739077E+04
  0.52300000E+01  0.10282214E+04  0.16763685E+04
  0.52400000E+01  0.10342152E+04  0.16789889E+04
  0.52500000E+01  0.10403210E+04  0.16817941E+04
  0.52600000E+01  0.10464849E+04  0.16848179E+04
  0.52700000E+01  0.10526294E+04  0.16880916E+04
  0.52800000E+01  0.10586802E+04  0.16916196E+04
  0.52900000E+01  0.10645967E+04  0.16953625E+04
  0.53000000E+01  0.10703909E+04  0.16992656E+04
  0.53100000E+01  0.10761218E+04  0.17033097E+04
  0.53200000E+01  0.10818695E+04  0.17075210E+04
  0.53300000E+01  0.10877020E+04  0.17119457E+04
  0.53400000E+01  0.10936516E+04  0.17166288E+04
  0.53500000E+01  0.10997090E+04  0.17216074E+04
  0.53600000E+01  0.11058295E+04  0.17269101E+04
  0.53700000E+01  0.11119458E+04  0.17325591E+04
  0.53800000E+01  0.11179766E+04  0.17385709E+04
  0.53900000E+01  0.11238296E+04  0.17449575E+04
  0.54000000E+01  0.11293983E+04  0.17517271E+04
  0.54100000E+01  0.11345571E+04  0.17588850E+04
  0.54200000E+01  0.11391563E+04  0.17664336E+04
  0.54300000E+01  0.11430204E+04  0.17743715E+04
  0.54400000E+01  0.11459504E+04  0.17826913E+04
  0.54500000E+01  0.11477319E+04  0.17913760E+04
  0.54600000E+01  0.11481499E+04  0.18003930E+04
  0.54700000E+01  0.11470067E+04  0.18096871E+04
  0.54800000E+01  0.11441438E+04  0.18191733E+04
  0.54900000E+01  0.11394626E+04  0.18287341E+04
  0.55000000E+01  0.11329391E+04  0.18382250E+04
  0.55100000E+01  0.11246317E+04  0.18474929E+04
  0.55200000E+01  0.11146772E+04  0.18564027E+04
  0.55300000E+01  0.11032768E+04  0.18648592E+04
  0.55400000E+01  0.10906737E+04  0.18728134E+04
  0.55500000E+01  0.10771271E+04  0.18802534E+04
  0.55600000E+01  0.10628868E+04  0.18871886E+04
  0.55700000E+01  0.10481726E+04  0.18936388E+04
  0.55800000E+01  0.10331619E+04  0.18996280E+04
  0.55900000E+01  0.10179848E+04  0.19051830E+04
  0.56000000E+01  0.10027278E+04  0.19103313E+04
  0.56100000E+01  0.98744053E+03  0.19150990E+04
  0.56200000E+01  0.97214647E+03  0.19195097E+04
  0.56300000E+01  0.95685201E+03  0.19235838E+04
  0.56400000E+01  0.94155447E+03  0.19273395E+04
  0.56500000E+01  0.92624724E+03  0.19307933E+04
  0.56600000E+01  0.91092286E+03  0.19339607E+04
  0.56700000E+01  0.89557433E+03  0.19368556E+04
  0.56800000E+01  0.88019554E+03  0.19394906E+04
  0.56900000E+01  0.86478130E+03  0.19418763E+04
  0.57000000E+01  0.84932728E+03  0.19440212E+04
  0.57100000E+01  0.83383003E+03  0.19459323E+04
  0.57200000E+01  0.81828710E+03  0.19476153E+04
  0.57300000E+01  0.80269711E+03  0.19490752E+04
  0.57400000E+01  0.78705992E+03  0.19503164E+04
  0.57500000E+01  0.77137664E+03  0.19513429E+04
  0.57600000E+01  0.75564967E+03  0.19521583E+04
  0.57700000E+01  0.73988258E+03  0.19527656E+04
  0.57800000E+01  0.72408012E+03  0.19531669E+04
  0.57900000E+01  0.70824806E+03  0.19533637E+04
  0.58000000E+01  0.69239320E+03  0.19533566E+04
  0.58100000E+01  0.67652331E+03  0.19531459E+04
  0.58200000E+01  0.66064712E+03  0.19527315E+04
  0.58300000E+01  0.64477425E+03  0.19521135E+04
  0.58400000E+01  0.62891528E+03  0.19512919E+04
  0.58500000E+01  0.61308161E+03  0.19502670E+04
  0.58600000E+01  0.59728547E+03  0.19490393E+04
  0.58700000E+01  0.58153981E+03  0.19476094E+04
  0.58800000E+01  0.56585820E+03  0.19459779E+04
  0.58900000E+01  0.55025474E+03  0.19441455E+04
  0.59000000E+01  0.53474393E+03  0.19421125E+04
  0.59100000E+01  0.51934059E+03  0.19398794E+04
  0.59200000E+01  0.50405970E+03  0.19374466E+04
  0.59300000E+01  0.48891636E+03  0.19348147E+04
  0.59400000E+01  0.47392563E+03  0.19319847E+04
  0.59500000E+01  0.45910249E+03  0.19289579E+04
  0.59600000E+01  0.44446171E+03  0.19257367E+04
  0.59700000E+01  0.43001778E+03  0.19223239E+04
  0.59800000E+01  0.41578486E+03  0.19187235E+04
  0.59900000E+01  0.40177661E+03  0.19149406E+04
  0.60000000E+01  0.38800619E+03  0.19109810E+04
  0.60100000E+01  0.37448616E+03  0.19068515E+04
  0.60200000E+01  0.36122836E+03  0.19025599E+04
  0.60300000E+01  0.34824390E+03  0.18981145E+04
  0.60400000E+01  0.33554305E+03  0.18935240E+04
  0.60500000E+01  0.32313519E+03  0.18887979E+04
  0.60600000E+01  0.31102877E+03  0.18839454E+04
  0.60700000E+01  0.29923127E+03  0.18789764E+04
  0.60800000E+01  0.28774915E+03  0.18739002E+04
  0.60900000E+01  0.27658786E+03  0.18687264E+04
  0.61000000E+01  0.26575179E+03  0.18634641E+04
  0.61100000E+01  0.25524429E+03  0.18581222E+04
  0.61200000E+01  0.24506770E+03  0.18527094E+04
  0.61300000E+01  0.23522331E+03  0.18472338E+04
  0.61400000E+01  0.22571145E+03  0.18417032E+04
  0.61500000E+01  0.21653146E+03  0.18361248E+04
  0.61600000E+01  0.20768176E+03  0.18305057E+04
  0.61700000E+01  0.19915990E+03  0.18248522E+04
  0.61800000E+01  0.19096260E+03  0.18191705E+04
  0.61900000E+01  0.18308577E+03  0.18134662E+04
  0.62000000E+01  0.17552462E+03  0.18077445E+04
  0.62100000E+01  0.16827369E+03  0.18020103E+04
  0.62200000E+01  0.16132691E+03  0.17962681E+04
  0.62300000E+01  0.15467766E+03  0.17905220E+04
  0.62400000E+01  0.14831886E+03  0.17847760E+04
  0.62500000E+01  0.14224301E+03  0.17790335E+04
  0.62600000E+01  0.13644226E+03  0.17732977E+04
  0.62700000E+01  0.13090848E+03  0.17675716E+04
  0.62800000E+01  0.12563332E+03  0.17618579E+04
  0.62900000E+01  0.12060827E+03  0.17561588E+04
  0.63000000E+01  0.11582470E+03  0.17504767E+04
  0.63100000E+01  0.11127395E+03  0.17448134E+04
  0.63200000E+01  0.10694736E+03  0.17391707E+04
  0.63300000E+01  0.10283629E+03  0.17335501E+04
  0.63400000E+01  0.98932229E+02  0.17279530E+04
  0.63500000E+01  0.95226763E+02  0.17223806E+04
  0.63600000E+01  0.91711656E+02  0.17168341E+04
  0.63700000E+01  0.88378857E+02  0.17113143E+04
  0.63800000E+01  0.85220535E+02  0.17058222E+04
  0.63900000E+01  0.82229093E+02  0.17003584E+04
  0.64000000E+01  0.79397192E+02  0.16949237E+04
  0.64100000E+01  0.76717759E+02  0.16895186E+04
  0.64200000E+01  0.74184001E+02  0.16841436E+04
  0.64300000E+01  0.71789411E+02  0.16787990E+04
  0.64400000E+01  0.69527774E+02  0.16734854E+04
  0.64500000E+01  0.67393167E+02  0.16682029E+04
  0.64600000E+01  0.65379964E+02  0.16629518E+04
  0.64700000E+01  0.63482833E+02  0.16577322E+04
  0.64800000E+01  0.61696732E+02  0.16525443E+04
  0.64900000E+01  0.60016912E+02  0.16473882E+04
  0.65000000E+01  0.58438905E+02  0.16422638E+04
  0.65100000E+01  0.56958525E+02  0.16371711E+04
  0.65200000E+01  0.55571863E+02  0.16321100E+04
  0.65300000E+01  0.54275275E+02  0.16270805E+04
  0.65400000E+01  0.53065382E+02  0.16220824E+04
  0.65500000E+01  0.51939057E+02  0.16171156E+04
  0.65600000E+01  0.50893420E+02  0.16121799E+04
  0.65700000E+01  0.49925824E+02  0.16072750E+04
  0.65800000E+01  0.49033848E+02  0.16024009E+04
  0.65900000E+01  0.48215283E+02  0.15975573E+04
  0.66000000E+01  0.47468119E+02  0.15927441E+04
  0.66100000E+01  0.46790528E+02  0.15879609E+04
  0.66200000E+01  0.46180853E+02  0.15832076E+04
  0.66300000E+01  0.45637582E+02  0.15784841E+04
  0.66400000E+01  0.45159339E+02  0.15737901E+04
  0.66500000E+01  0.44744857E+02  0.15691255E+04
  0.66600000E+01  0.44392965E+02  0.15644903E+04
  0.66700000E+01  0.44102562E+02  0.15598845E+04
  0.66800000E+01  0.43872603E+02  0.15553082E+04
  0.66900000E+01  0.43702078E+02  0.15507617E+04
  0.67000000E+01  0.43589992E+02  0.15462450E+04
  0.67100000E+01  0.43535354E+02  0.15417587E+04
  0.67200000E+01  0.43537162E+02  0.15373030E+04
  0.67300000E+01  0.43594392E+02  0.15328783E+04
  0.67400000E+01  0.43705988E+02  0.15284849E+04
  0.67500000E+01  0.43870864E+02  0.15241230E+04
  0.67600000E+01  0.44087898E+02  0.15197929E+04
  0.67700000E+01  0.44355943E+02  0.15154948E+04
  0.67800000E+01  0.44673828E+02  0.15112286E+04
  0.67900000E+01  0.45040378E+02  0.15069944E+04
  0.68000000E+01  0.45454427E+02  0.15027921E+04
  0.68100000E+01  0.45914842E+02  0.14986217E+04
  0.68200000E+01  0.46420543E+02  0.14944830E+04
  0.68300000E+01  0.46970537E+02  0.14903759E+04
  0.68400000E+01  0.47563945E+02  0.14863001E+04
  0.68500000E+01  0.48200039E+02  0.14822556E+04
  0.68600000E+01  0.48878279E+02  0.14782423E+04
  0.68700000E+01  0.49598353E+02  0.14742601E+04
  0.68800000E+01  0.50360219E+02  0.14703090E+04
  0.68900000E+01  0.51164145E+02  0.14663891E+04
  0.69000000E+01  0.52010751E+02  0.14625005E+04
  0.69100000E+01  0.52901042E+02  0.14586434E+04
  0.69200000E+01  0.53836436E+02  0.14548178E+04
  0.69300000E+01  0.54818796E+02  0.14510240E+04
  0.69400000E+01  0.55850450E+02  0.14472622E+04
  0.69500000E+01  0.56934227E+02  0.14435327E+04
  0.69600000E+01  0.58073498E+02  0.14398360E+04
  0.69700000E+01  0.59272230E+02  0.14361725E+04
  0.69800000E+01  0.60535067E+02  0.14325432E+04
  0.69900000E+01  0.61867440E+02  0.14289493E+04
  0.70000000E+01  0.63275742E+02  0.14253930E+04
