  0.00000000E+00  0.20857141E-03 -0.12435546E-12
  0.10000000E-01  0.23099218E-03  0.33397982E-05
  0.20000000E-01  0.29027527E-03  0.18181647E-04
  0.30000000E-01  0.37076273E-03  0.57530816E-04
  0.40000000E-01  0.46792064E-03  0.12697940E-03
  0.50000000E-01  0.55464782E-03  0.23989681E-03
  0.60000000E-01  0.21820203E-03  0.35975282E-03
  0.70000000E-01 -0.18135309E-03  0.24011121E-03
  0.80000000E-01  0.79038642E-04  0.11801532E-03
  0.90000000E-01  0.22018974E-03  0.17194931E-03
  0.10000000E+00  0.50139229E-04  0.20665490E-03
  0.11000000E+00 -0.89490199E-04  0.21170030E-03
  0.12000000E+00 -0.16650989E-03  0.20147856E-03
  0.13000000E+00 -0.20903891E-03  0.18460966E-03
  0.14000000E+00 -0.22753178E-03  0.16553097E-03
  0.15000000E+00 -0.22853043E-03  0.14650518E-03
  0.16000000E+00 -0.21702890E-03  0.12864542E-03
  0.17000000E+00 -0.19694174E-03  0.11243439E-03
  0.18000000E+00 -0.17149414E-03  0.98009898E-04
  0.19000000E+00 -0.14346690E-03  0.85328866E-04
  0.20000000E+00 -0.11526945E-03  0.74259721E-04
  0.21000000E+00 -0.88855520E-04  0.64632916E-04
  0.22000000E+00 -0.65594157E-04  0.56268722E-04
  0.23000000E+00 -0.46213987E-04  0.48992609E-04
  0.24000000E+00 -0.30862950E-04  0.42643286E-04
  0.25000000E+00 -0.19254490E-04  0.37076648E-04
  0.26000000E+00 -0.10843549E-04  0.32167402E-04
  0.27000000E+00 -0.49844081E-05  0.27808687E-04
  0.28000000E+00 -0.10452242E-05  0.23909991E-04
  0.29000000E+00  0.15251241E-05  0.20394669E-04
  0.30000000E+00  0.31697000E-05  0.17198299E-04
  0.31000000E+00  0.42228871E-05  0.14268148E-04
  0.32000000E+00  0.49243026E-05  0.11563123E-04
  0.33000000E+00  0.54381149E-05  0.90533566E-05
  0.34000000E+00  0.58721337E-05  0.67187865E-05
  0.35000000E+00  0.62939745E-05  0.45465324E-05
  0.36000000E+00  0.67435441E-05  0.25275997E-05
  0.37000000E+00  0.72421668E-05  0.65395685E-06
  0.38000000E+00  0.77990552E-05 -0.10830603E-05
  0.39000000E+00  0.84158354E-05 -0.26928140E-05
  0.40000000E+00  0.90896694E-05 -0.41844748E-05
  0.41000000E+00  0.98153452E-05 -0.55659600E-05
  0.42000000E+00  0.10586577E-04 -0.68433713E-05
  0.43000000E+00  0.11396723E-04 -0.80213121E-05
  0.44000000E+00  0.12239100E-04 -0.91039852E-05
  0.45000000E+00  0.13107089E-04 -0.10096415E-04
  0.46000000E+00  0.13994190E-04 -0.11005035E-04
  0.47000000E+00  0.14894149E-04 -0.11837363E-04
  0.48000000E+00  0.15801204E-04 -0.12601073E-04
  0.49000000E+00  0.16710435E-04 -0.13303003E-04
  0.50000000E+00  0.17618171E-04 -0.13948544E-04
  0.51000000E+00  0.18522360E-04 -0.14541703E-04
  0.52000000E+00  0.19422836E-04 -0.15085742E-04
  0.53000000E+00  0.20321396E-04 -0.15584013E-04
  0.54000000E+00  0.21221663E-04 -0.16040446E-04
  0.55000000E+00  0.22128689E-04 -0.16459453E-04
  0.56000000E+00  0.23048328E-04 -0.16845328E-04
  0.57000000E+00  0.23986427E-04 -0.17201512E-04
  0.58000000E+00  0.24947940E-04 -0.17530028E-04
  0.59000000E+00  0.25936120E-04 -0.17831317E-04
  0.60000000E+00  0.26951938E-04 -0.18104536E-04
  0.61000000E+00  0.27993806E-04 -0.18348109E-04
  0.62000000E+00  0.29057620E-04 -0.18560182E-04
  0.63000000E+00  0.30136992E-04 -0.18738739E-04
  0.64000000E+00  0.31223540E-04 -0.18881414E-04
  0.65000000E+00  0.32307103E-04 -0.18985215E-04
  0.66000000E+00  0.33375945E-04 -0.19046587E-04
  0.67000000E+00  0.34417085E-04 -0.19062529E-04
  0.68000000E+00  0.35417010E-04 -0.19033042E-04
  0.69000000E+00  0.36362915E-04 -0.18963427E-04
  0.70000000E+00  0.37244390E-04 -0.18864304E-04
  0.71000000E+00  0.38055259E-04 -0.18749184E-04
  0.72000000E+00  0.38795087E-04 -0.18631259E-04
  0.73000000E+00  0.39469897E-04 -0.18520764E-04
  0.74000000E+00  0.40091805E-04 -0.18423514E-04
  0.75000000E+00  0.40677410E-04 -0.18340877E-04
  0.76000000E+00  0.41244604E-04 -0.18270906E-04
  0.77000000E+00  0.41807702E-04 -0.18209885E-04
  0.78000000E+00  0.42375732E-04 -0.18154322E-04
  0.79000000E+00  0.42963581E-04 -0.18104228E-04
  0.80000000E+00  0.43603793E-04 -0.18063192E-04
  0.81000000E+00  0.44323918E-04 -0.18019128E-04
  0.82000000E+00  0.45113493E-04 -0.17951053E-04
  0.83000000E+00  0.45942531E-04 -0.17860319E-04
  0.84000000E+00  0.46796653E-04 -0.17751431E-04
  0.85000000E+00  0.47667376E-04 -0.17622158E-04
  0.86000000E+00  0.48534614E-04 -0.17470566E-04
  0.87000000E+00  0.49386661E-04 -0.17309476E-04
  0.88000000E+00  0.50235458E-04 -0.17146079E-04
  0.89000000E+00  0.51094841E-04 -0.16975511E-04
  0.90000000E+00  0.51964732E-04 -0.16794246E-04
  0.91000000E+00  0.52839959E-04 -0.16600619E-04
  0.92000000E+00  0.53718674E-04 -0.16393604E-04
  0.93000000E+00  0.54601949E-04 -0.16172733E-04
  0.94000000E+00  0.55491254E-04 -0.15938150E-04
  0.95000000E+00  0.56386725E-04 -0.15690218E-04
  0.96000000E+00  0.57286034E-04 -0.15428810E-04
  0.97000000E+00  0.58183989E-04 -0.15152758E-04
  0.98000000E+00  0.59073293E-04 -0.14860072E-04
  0.99000000E+00  0.59946712E-04 -0.14549180E-04
  0.10000000E+01  0.60800244E-04 -0.14220709E-04
  0.10100000E+01  0.61636344E-04 -0.13878530E-04
  0.10200000E+01  0.62465583E-04 -0.13528836E-04
  0.10300000E+01  0.63299035E-04 -0.13176899E-04
  0.10400000E+01  0.64099882E-04 -0.12826045E-04
  0.10500000E+01  0.64769697E-04 -0.12499068E-04
  0.10600000E+01  0.65522330E-04 -0.12302252E-04
  0.10700000E+01  0.66896762E-04 -0.12174998E-04
  0.10800000E+01  0.68797526E-04 -0.11827180E-04
  0.10900000E+01  0.70874133E-04 -0.11319294E-04
  0.11000000E+01  0.73080233E-04 -0.10643481E-04
  0.11100000E+01  0.75773405E-04 -0.96214364E-05
  0.11200000E+01  0.80051380E-04 -0.71029398E-05
  0.11300000E+01  0.73840041E-04 -0.17515111E-05
  0.11400000E+01  0.67580366E-04 -0.74906519E-05
  0.11500000E+01  0.71212100E-04 -0.41513650E-05
  0.11600000E+01  0.71952392E-04 -0.42358894E-05
  0.11700000E+01  0.72337090E-04 -0.37027621E-05
  0.11800000E+01  0.72669091E-04 -0.31540683E-05
  0.11900000E+01  0.72710997E-04 -0.26559862E-05
  0.12000000E+01  0.72604989E-04 -0.21914881E-05
  0.12100000E+01  0.72548202E-04 -0.17375303E-05
  0.12200000E+01  0.72629634E-04 -0.12693736E-05
  0.12300000E+01  0.72816311E-04 -0.77491532E-06
  0.12400000E+01  0.73021025E-04 -0.26326360E-06
  0.12500000E+01  0.73168108E-04  0.25250517E-06
  0.12600000E+01  0.73227007E-04  0.76035971E-06
  0.12700000E+01  0.73211444E-04  0.12529037E-05
  0.12800000E+01  0.73151924E-04  0.17301034E-05
  0.12900000E+01  0.73073431E-04  0.21929474E-05
  0.13000000E+01  0.72988624E-04  0.26394243E-05
  0.13100000E+01  0.72863925E-04  0.30637932E-05
  0.13200000E+01  0.72647102E-04  0.34283908E-05
  0.13300000E+01  0.72622531E-04  0.36929047E-05
  0.13400000E+01  0.72766451E-04  0.40254673E-05
  0.13500000E+01  0.72835817E-04  0.43757126E-05
  0.13600000E+01  0.72910235E-04  0.47205264E-05
  0.13700000E+01  0.73031311E-04  0.50644493E-05
  0.13800000E+01  0.73196344E-04  0.54130238E-05
  0.13900000E+01  0.73399964E-04  0.57701809E-05
  0.14000000E+01  0.73628955E-04  0.61310690E-05
  0.14100000E+01  0.73882289E-04  0.64911064E-05
  0.14200000E+01  0.74139115E-04  0.68904121E-05
  0.14300000E+01  0.74382947E-04  0.72830799E-05
  0.14400000E+01  0.74606400E-04  0.76778334E-05
  0.14500000E+01  0.74812046E-04  0.80653572E-05
  0.14600000E+01  0.75009381E-04  0.84429068E-05
  0.14700000E+01  0.75209960E-04  0.88124749E-05
  0.14800000E+01  0.75422771E-04  0.91776178E-05
  0.14900000E+01  0.75651934E-04  0.95418616E-05
  0.15000000E+01  0.75897114E-04  0.99082502E-05
  0.15100000E+01  0.76154747E-04  0.10279605E-04
  0.15200000E+01  0.76416447E-04  0.10659118E-04
  0.15300000E+01  0.76674176E-04  0.11048993E-04
  0.15400000E+01  0.76919875E-04  0.11450547E-04
  0.15500000E+01  0.77148164E-04  0.11861343E-04
  0.15600000E+01  0.77357251E-04  0.12276958E-04
  0.15700000E+01  0.77549167E-04  0.12694966E-04
  0.15800000E+01  0.77728097E-04  0.13116030E-04
  0.15900000E+01  0.77898028E-04  0.13541540E-04
  0.16000000E+01  0.78061499E-04  0.13971924E-04
  0.16100000E+01  0.78219209E-04  0.14406869E-04
  0.16200000E+01  0.78370252E-04  0.14845579E-04
  0.16300000E+01  0.78512975E-04  0.15287112E-04
  0.16400000E+01  0.78646049E-04  0.15730758E-04
  0.16500000E+01  0.78769133E-04  0.16176077E-04
  0.16600000E+01  0.78882776E-04  0.16622832E-04
  0.16700000E+01  0.78987483E-04  0.17071177E-04
  0.16800000E+01  0.79081995E-04  0.17521417E-04
  0.16900000E+01  0.79165344E-04  0.17972343E-04
  0.17000000E+01  0.79234651E-04  0.18422162E-04
  0.17100000E+01  0.79287544E-04  0.18867748E-04
  0.17200000E+01  0.79322648E-04  0.19307305E-04
  0.17300000E+01  0.79338593E-04  0.19739900E-04
  0.17400000E+01  0.79335843E-04  0.20164454E-04
  0.17500000E+01  0.79316541E-04  0.20579039E-04
  0.17600000E+01  0.79281562E-04  0.20983619E-04
  0.17700000E+01  0.79228972E-04  0.21380635E-04
  0.17800000E+01  0.79156391E-04  0.21766017E-04
  0.17900000E+01  0.79072972E-04  0.22128354E-04
  0.18000000E+01  0.79012909E-04  0.22460994E-04
  0.18100000E+01  0.79015165E-04  0.22769392E-04
  0.18200000E+01  0.79086829E-04  0.23065706E-04
  0.18300000E+01  0.79215239E-04  0.23365374E-04
  0.18400000E+01  0.79467761E-04  0.23701173E-04
  0.18500000E+01  0.79573294E-04  0.24110984E-04
  0.18600000E+01  0.79670670E-04  0.24385801E-04
  0.18700000E+01  0.80060798E-04  0.24684198E-04
  0.18800000E+01  0.80575644E-04  0.25056327E-04
  0.18900000E+01  0.81050605E-04  0.25508771E-04
  0.19000000E+01  0.81461064E-04  0.26006140E-04
  0.19100000E+01  0.81838829E-04  0.26522807E-04
  0.19200000E+01  0.82220114E-04  0.27053264E-04
  0.19300000E+01  0.82624067E-04  0.27610768E-04
  0.19400000E+01  0.83049170E-04  0.28199176E-04
  0.19500000E+01  0.83480974E-04  0.28822155E-04
  0.19600000E+01  0.83901915E-04  0.29478365E-04
  0.19700000E+01  0.84301448E-04  0.30161092E-04
  0.19800000E+01  0.84686210E-04  0.30876589E-04
  0.19900000E+01  0.85036698E-04  0.31591945E-04
  0.20000000E+01  0.85381725E-04  0.32307441E-04
  0.20100000E+01  0.85734482E-04  0.33019529E-04
  0.20200000E+01  0.86106423E-04  0.33728309E-04
  0.20300000E+01  0.86498683E-04  0.34436545E-04
  0.20400000E+01  0.86899372E-04  0.35139299E-04
  0.20500000E+01  0.87282970E-04  0.35846392E-04
  0.20600000E+01  0.87619658E-04  0.36546444E-04
  0.20700000E+01  0.87900918E-04  0.37219421E-04
  0.20800000E+01  0.88176835E-04  0.37840958E-04
  0.20900000E+01  0.88612572E-04  0.38396476E-04
  0.21000000E+01  0.89566398E-04  0.38898684E-04
  0.21100000E+01  0.91624549E-04  0.39412178E-04
  0.21200000E+01  0.95420834E-04  0.40078297E-04
  0.21300000E+01  0.10109004E-03  0.41194725E-04
  0.21400000E+01  0.10763923E-03  0.43308174E-04
  0.21500000E+01  0.11310781E-03  0.46883191E-04
  0.21600000E+01  0.11595902E-03  0.51288050E-04
  0.21700000E+01  0.11650916E-03  0.55098443E-04
  0.21800000E+01  0.11669881E-03  0.58073450E-04
  0.21900000E+01  0.11842059E-03  0.60971004E-04
  0.22000000E+01  0.12214583E-03  0.64462561E-04
  0.22100000E+01  0.12678852E-03  0.68934926E-04
  0.22200000E+01  0.13147254E-03  0.74686439E-04
  0.22300000E+01  0.13822090E-03  0.82387850E-04
  0.22400000E+01  0.14914696E-03  0.96652252E-04
  0.22500000E+01  0.95972114E-04  0.13399792E-03
  0.22600000E+01  0.31912483E-04  0.11013978E-03
  0.22700000E+01  0.28558230E-04  0.10155740E-03
  0.22800000E+01  0.17485020E-04  0.95471043E-04
  0.22900000E+01  0.12069936E-04  0.89606278E-04
  0.23000000E+01  0.11383448E-04  0.85086764E-04
  0.23100000E+01  0.13378845E-04  0.81972236E-04
  0.23200000E+01  0.16002816E-04  0.79794943E-04
  0.23300000E+01  0.17712469E-04  0.78177851E-04
  0.23400000E+01  0.18483850E-04  0.76928544E-04
  0.23500000E+01  0.18770981E-04  0.75944081E-04
  0.23600000E+01  0.18894155E-04  0.75156472E-04
  0.23700000E+01  0.18965729E-04  0.74516701E-04
  0.23800000E+01  0.18982511E-04  0.73991607E-04
  0.23900000E+01  0.18916638E-04  0.73546598E-04
  0.24000000E+01  0.18744581E-04  0.73160053E-04
  0.24100000E+01  0.18454631E-04  0.72815557E-04
  0.24200000E+01  0.18045042E-04  0.72501233E-04
  0.24300000E+01  0.17524000E-04  0.72208833E-04
  0.24400000E+01  0.16905839E-04  0.71932603E-04
  0.24500000E+01  0.16207797E-04  0.71668366E-04
  0.24600000E+01  0.15447499E-04  0.71412584E-04
  0.24700000E+01  0.14640459E-04  0.71161286E-04
  0.24800000E+01  0.13798497E-04  0.70910243E-04
  0.24900000E+01  0.12930470E-04  0.70657652E-04
  0.25000000E+01  0.12042921E-04  0.70406473E-04
  0.25100000E+01  0.11138281E-04  0.70160732E-04
  0.25200000E+01  0.10218907E-04  0.69916938E-04
  0.25300000E+01  0.92968948E-05  0.69668750E-04
  0.25400000E+01  0.83738589E-05  0.69424162E-04
  0.25500000E+01  0.74354768E-05  0.69186023E-04
  0.25600000E+01  0.64674203E-05  0.68957111E-04
  0.25700000E+01  0.54547552E-05  0.68734648E-04
  0.25800000E+01  0.43888419E-05  0.68511141E-04
  0.25900000E+01  0.32688395E-05  0.68278314E-04
  0.26000000E+01  0.20995714E-05  0.68029861E-04
  0.26100000E+01  0.88952312E-06  0.67762032E-04
  0.26200000E+01 -0.35096913E-06  0.67472829E-04
  0.26300000E+01 -0.16114169E-05  0.67161009E-04
  0.26400000E+01 -0.28824666E-05  0.66825477E-04
  0.26500000E+01 -0.41564688E-05  0.66465109E-04
  0.26600000E+01 -0.54273443E-05  0.66078795E-04
  0.26700000E+01 -0.66900317E-05  0.65665571E-04
  0.26800000E+01 -0.79398520E-05  0.65224751E-04
  0.26900000E+01 -0.91720306E-05  0.64756023E-04
  0.27000000E+01 -0.10381473E-04  0.64259532E-04
  0.27100000E+01 -0.11562804E-04  0.63735928E-04
  0.27200000E+01 -0.12710632E-04  0.63186412E-04
  0.27300000E+01 -0.13820002E-04  0.62612743E-04
  0.27400000E+01 -0.14886990E-04  0.62017214E-04
  0.27500000E+01 -0.15909414E-04  0.61402592E-04
  0.27600000E+01 -0.16887608E-04  0.60772022E-04
  0.27700000E+01 -0.17825179E-04  0.60128925E-04
  0.27800000E+01 -0.18729613E-04  0.59476842E-04
  0.27900000E+01 -0.19612491E-04  0.58819196E-04
  0.28000000E+01 -0.20489064E-04  0.58158880E-04
  0.28100000E+01 -0.21376927E-04  0.57497603E-04
  0.28200000E+01 -0.22293736E-04  0.56835016E-04
  0.28300000E+01 -0.23254256E-04  0.56167834E-04
  0.28400000E+01 -0.24267354E-04  0.55489383E-04
  0.28500000E+01 -0.25333642E-04  0.54789904E-04
  0.28600000E+01 -0.26444197E-04  0.54057741E-04
  0.28700000E+01 -0.27580296E-04  0.53281101E-04
  0.28800000E+01 -0.28714101E-04  0.52449792E-04
  0.28900000E+01 -0.29811079E-04  0.51556757E-04
  0.29000000E+01 -0.30835962E-04  0.50600813E-04
  0.29100000E+01 -0.31763236E-04  0.49592155E-04
  0.29200000E+01 -0.32589054E-04  0.48554470E-04
  0.29300000E+01 -0.33336614E-04  0.47514403E-04
  0.29400000E+01 -0.34047278E-04  0.46481662E-04
  0.29500000E+01 -0.34758796E-04  0.45437373E-04
  0.29600000E+01 -0.35484209E-04  0.44351603E-04
  0.29700000E+01 -0.36207524E-04  0.43214490E-04
  0.29800000E+01 -0.36899635E-04  0.42039090E-04
  0.29900000E+01 -0.37541003E-04  0.40840692E-04
  0.30000000E+01 -0.38133087E-04  0.39625578E-04
  0.30100000E+01 -0.38691864E-04  0.38393252E-04
  0.30200000E+01 -0.39230810E-04  0.37141250E-04
  0.30300000E+01 -0.39745381E-04  0.35868148E-04
  0.30400000E+01 -0.40206374E-04  0.34575157E-04
  0.30500000E+01 -0.40561393E-04  0.33267254E-04
  0.30600000E+01 -0.40738818E-04  0.31955338E-04
  0.30700000E+01 -0.40654089E-04  0.30662091E-04
  0.30800000E+01 -0.40228485E-04  0.29444906E-04
  0.30900000E+01 -0.39362740E-04  0.28500577E-04
  0.31000000E+01 -0.36026466E-04  0.28684487E-04
  0.31100000E+01 -0.45130164E-04  0.31539002E-04
  0.31200000E+01 -0.32952317E-04  0.16615555E-04
  0.31300000E+01 -0.30725764E-04  0.19989463E-04
  0.31400000E+01 -0.29219665E-04  0.20602570E-04
  0.31500000E+01 -0.27535676E-04  0.20471246E-04
  0.31600000E+01 -0.25520784E-04  0.20101898E-04
  0.31700000E+01 -0.23617263E-04  0.19676568E-04
  0.31800000E+01 -0.21544571E-04  0.19258574E-04
  0.31900000E+01 -0.19334519E-04  0.18901047E-04
  0.32000000E+01 -0.17014226E-04  0.18614686E-04
  0.32100000E+01 -0.14599022E-04  0.18401105E-04
  0.32200000E+01 -0.12139570E-04  0.18261358E-04
  0.32300000E+01 -0.96935087E-05  0.18192358E-04
  0.32400000E+01 -0.72979945E-05  0.18193447E-04
  0.32500000E+01 -0.49650315E-05  0.18263558E-04
  0.32600000E+01 -0.26874035E-05  0.18400739E-04
  0.32700000E+01 -0.44637051E-06  0.18606052E-04
  0.32800000E+01  0.17824841E-05  0.18877877E-04
  0.32900000E+01  0.40260890E-05  0.19215437E-04
  0.33000000E+01  0.63110501E-05  0.19625901E-04
  0.33100000E+01  0.86575768E-05  0.20118459E-04
  0.33200000E+01  0.11065510E-04  0.20707619E-04
  0.33300000E+01  0.13494765E-04  0.21417160E-04
  0.33400000E+01  0.15906724E-04  0.22271034E-04
  0.33500000E+01  0.18430325E-04  0.23308865E-04
  0.33600000E+01  0.21077319E-04  0.24623539E-04
  0.33700000E+01  0.22744636E-04  0.26428965E-04
  0.33800000E+01  0.22525325E-04  0.28378022E-04
  0.33900000E+01  0.21363229E-04  0.29644751E-04
  0.34000000E+01  0.20868564E-04  0.30330350E-04
  0.34100000E+01  0.21090841E-04  0.31172722E-04
  0.34200000E+01  0.21228420E-04  0.32066761E-04
  0.34300000E+01  0.21449367E-04  0.32951764E-04
  0.34400000E+01  0.21725779E-04  0.33861344E-04
  0.34500000E+01  0.21995955E-04  0.34783009E-04
  0.34600000E+01  0.22229202E-04  0.35713972E-04
  0.34700000E+01  0.22406121E-04  0.36674195E-04
  0.34800000E+01  0.22511147E-04  0.37660059E-04
  0.34900000E+01  0.22531764E-04  0.38662606E-04
  0.35000000E+01  0.22448728E-04  0.39697060E-04
  0.35100000E+01  0.22232241E-04  0.40774641E-04
  0.35200000E+01  0.21844659E-04  0.41881097E-04
  0.35300000E+01  0.21243128E-04  0.43012521E-04
  0.35400000E+01  0.20382313E-04  0.44178553E-04
  0.35500000E+01  0.19219414E-04  0.45371085E-04
  0.35600000E+01  0.17721010E-04  0.46567876E-04
  0.35700000E+01  0.15870002E-04  0.47742044E-04
  0.35800000E+01  0.13671161E-04  0.48861060E-04
  0.35900000E+01  0.11154188E-04  0.49887974E-04
  0.36000000E+01  0.83734575E-05  0.50772241E-04
  0.36100000E+01  0.54036442E-05  0.51456824E-04
  0.36200000E+01  0.23313936E-05  0.51907044E-04
  0.36300000E+01 -0.75612428E-06  0.52120444E-04
  0.36400000E+01 -0.37844797E-05  0.52117214E-04
  0.36500000E+01 -0.67033891E-05  0.51933760E-04
  0.36600000E+01 -0.94931191E-05  0.51618132E-04
  0.36700000E+01 -0.12164189E-04  0.51220785E-04
  0.36800000E+01 -0.14750961E-04  0.50785447E-04
  0.36900000E+01 -0.17301489E-04  0.50345308E-04
  0.37000000E+01 -0.19866443E-04  0.49920980E-04
  0.37100000E+01 -0.22489278E-04  0.49516341E-04
  0.37200000E+01 -0.25198598E-04  0.49114059E-04
  0.37300000E+01 -0.28002773E-04  0.48674624E-04
  0.37400000E+01 -0.30886308E-04  0.48141066E-04
  0.37500000E+01 -0.33806937E-04  0.47449756E-04
  0.37600000E+01 -0.36691237E-04  0.46546244E-04
  0.37700000E+01 -0.39426928E-04  0.45402368E-04
  0.37800000E+01 -0.41859068E-04  0.44027452E-04
  0.37900000E+01 -0.43818659E-04  0.42467011E-04
  0.38000000E+01 -0.45214914E-04  0.40790392E-04
  0.38100000E+01 -0.46145083E-04  0.39076927E-04
  0.38200000E+01 -0.46856703E-04  0.37404155E-04
  0.38300000E+01 -0.47491448E-04  0.35820106E-04
  0.38400000E+01 -0.47626313E-04  0.34406657E-04
  0.38500000E+01 -0.39739254E-04  0.35518799E-04
  0.38600000E+01 -0.50305419E-04  0.28883506E-04
  0.38700000E+01 -0.44625633E-04  0.29686767E-04
  0.38800000E+01 -0.44474949E-04  0.29162976E-04
  0.38900000E+01 -0.45309186E-04  0.26644769E-04
  0.39000000E+01 -0.52686160E-04  0.32798242E-06
  0.39100000E+01 -0.84008269E-04  0.27633895E-04
  0.39200000E+01 -0.47836415E-04  0.20607892E-04
  0.39300000E+01 -0.45510830E-04  0.19745174E-04
  0.39400000E+01 -0.42624335E-04  0.18839171E-04
  0.39500000E+01 -0.40029285E-04  0.18105541E-04
  0.39600000E+01 -0.38046358E-04  0.17458091E-04
  0.39700000E+01 -0.36588652E-04  0.16833349E-04
  0.39800000E+01 -0.35404647E-04  0.16213455E-04
  0.39900000E+01 -0.34296910E-04  0.15600266E-04
  0.40000000E+01 -0.33176466E-04  0.14999089E-04
  0.40100000E+01 -0.32007331E-04  0.14421709E-04
  0.40200000E+01 -0.30768869E-04  0.13882157E-04
  0.40300000E+01 -0.29329799E-04  0.13377518E-04
  0.40400000E+01 -0.27478609E-04  0.12930234E-04
  0.40500000E+01 -0.25671715E-04  0.12612111E-04
  0.40600000E+01 -0.25250656E-04  0.12413335E-04
  0.40700000E+01 -0.25463266E-04  0.11655764E-04
  0.40800000E+01 -0.23451260E-04  0.10324250E-04
  0.40900000E+01 -0.20027015E-04  0.10001042E-04
  0.41000000E+01 -0.17897817E-04  0.10136457E-04
  0.41100000E+01 -0.16922564E-04  0.10270796E-04
  0.41200000E+01 -0.16093625E-04  0.10362715E-04
  0.41300000E+01 -0.15254899E-04  0.10428113E-04
  0.41400000E+01 -0.14502073E-04  0.10477421E-04
  0.41500000E+01 -0.13851790E-04  0.10514860E-04
  0.41600000E+01 -0.13284323E-04  0.10542149E-04
  0.41700000E+01 -0.12779872E-04  0.10561211E-04
  0.41800000E+01 -0.12325321E-04  0.10575512E-04
  0.41900000E+01 -0.11914062E-04  0.10588698E-04
  0.42000000E+01 -0.11543199E-04  0.10601221E-04
  0.42100000E+01 -0.11209879E-04  0.10611772E-04
  0.42200000E+01 -0.10909427E-04  0.10620142E-04
  0.42300000E+01 -0.10636086E-04  0.10627061E-04
  0.42400000E+01 -0.10384642E-04  0.10633208E-04
  0.42500000E+01 -0.10151169E-04  0.10638888E-04
  0.42600000E+01 -0.99327850E-05  0.10644227E-04
  0.42700000E+01 -0.97272005E-05  0.10649274E-04
  0.42800000E+01 -0.95324843E-05  0.10653940E-04
  0.42900000E+01 -0.93469553E-05  0.10657939E-04
  0.43000000E+01 -0.91691686E-05  0.10660882E-04
  0.43100000E+01 -0.89978723E-05  0.10662383E-04
  0.43200000E+01 -0.88318813E-05  0.10662160E-04
  0.43300000E+01 -0.86700316E-05  0.10660043E-04
  0.43400000E+01 -0.85111712E-05  0.10655942E-04
  0.43500000E+01 -0.83541472E-05  0.10649808E-04
  0.43600000E+01 -0.81977937E-05  0.10641616E-04
  0.43700000E+01 -0.80409097E-05  0.10631355E-04
  0.43800000E+01 -0.78822193E-05  0.10619033E-04
  0.43900000E+01 -0.77203301E-05  0.10604694E-04
  0.44000000E+01 -0.75537056E-05  0.10588435E-04
  0.44100000E+01 -0.73806661E-05  0.10570435E-04
  0.44200000E+01 -0.71993635E-05  0.10551001E-04
  0.44300000E+01 -0.70080686E-05  0.10530778E-04
  0.44400000E+01 -0.68064818E-05  0.10502817E-04
  0.44500000E+01 -0.65772213E-05  0.10479837E-04
  0.44600000E+01 -0.63306335E-05  0.10456352E-04
  0.44700000E+01 -0.60598945E-05  0.10434013E-04
  0.44800000E+01 -0.57639162E-05  0.10413844E-04
  0.44900000E+01 -0.54415796E-05  0.10396658E-04
  0.45000000E+01 -0.50919460E-05  0.10383262E-04
  0.45100000E+01 -0.47146115E-05  0.10374496E-04
  0.45200000E+01 -0.43099796E-05  0.10371290E-04
  0.45300000E+01 -0.38793600E-05  0.10374672E-04
  0.45400000E+01 -0.34250164E-05  0.10385769E-04
  0.45500000E+01 -0.29501107E-05  0.10405813E-04
  0.45600000E+01 -0.24585577E-05  0.10436167E-04
  0.45700000E+01 -0.19549102E-05  0.10478335E-04
  0.45800000E+01 -0.14444114E-05  0.10533956E-04
  0.45900000E+01 -0.93327118E-06  0.10604802E-04
  0.46000000E+01 -0.42905078E-06  0.10692800E-04
  0.46100000E+01  0.59155246E-07  0.10799949E-04
  0.46200000E+01  0.52117487E-06  0.10927840E-04
  0.46300000E+01  0.94715971E-06  0.11076834E-04
  0.46400000E+01  0.13294481E-05  0.11245912E-04
  0.46500000E+01  0.16630102E-05  0.11433578E-04
  0.46600000E+01  0.19427647E-05  0.11638111E-04
  0.46700000E+01  0.21604790E-05  0.11856721E-04
  0.46800000E+01  0.23077250E-05  0.12083625E-04
  0.46900000E+01  0.23832251E-05  0.12307721E-04
  0.47000000E+01  0.23921543E-05  0.12522474E-04
  0.47100000E+01  0.23363767E-05  0.12732098E-04
  0.47200000E+01  0.22101821E-05  0.12938258E-04
  0.47300000E+01  0.20052668E-05  0.13138034E-04
  0.47400000E+01  0.17165163E-05  0.13326842E-04
  0.47500000E+01  0.13451085E-05  0.13499974E-04
  0.47600000E+01  0.89963065E-06  0.13653254E-04
  0.47700000E+01  0.39553726E-06  0.13783252E-04
  0.47800000E+01 -0.14631153E-06  0.13887332E-04
  0.47900000E+01 -0.70133261E-06  0.13963627E-04
  0.48000000E+01 -0.12431582E-05  0.14011036E-04
  0.48100000E+01 -0.17466784E-05  0.14029358E-04
  0.48200000E+01 -0.21905211E-05  0.14018901E-04
  0.48300000E+01 -0.25574340E-05  0.13981493E-04
  0.48400000E+01 -0.28390512E-05  0.13921995E-04
  0.48500000E+01 -0.30381268E-05  0.13848074E-04
  0.48600000E+01 -0.31675027E-05  0.13770720E-04
  0.48700000E+01 -0.32490022E-05  0.13703648E-04
  0.48800000E+01 -0.33110228E-05  0.13661001E-04
  0.48900000E+01 -0.33849094E-05  0.13653356E-04
  0.49000000E+01 -0.35007177E-05  0.13683113E-04
  0.49100000E+01 -0.36830438E-05  0.13741519E-04
  0.49200000E+01 -0.39475984E-05  0.13809705E-04
  0.49300000E+01 -0.42991047E-05  0.13864309E-04
  0.49400000E+01 -0.47308643E-05  0.13885291E-04
  0.49500000E+01 -0.52260534E-05  0.13861962E-04
  0.49600000E+01 -0.57604951E-05  0.13794472E-04
  0.49700000E+01 -0.63063984E-05  0.13691035E-04
  0.49800000E+01 -0.68364069E-05  0.13563284E-04
  0.49900000E+01 -0.73272799E-05  0.13422218E-04
  0.50000000E+01 -0.77626402E-05  0.13275894E-04
  0.50100000E+01 -0.81344327E-05  0.13128837E-04
  0.50200000E+01 -0.84429982E-05  0.12982549E-04
  0.50300000E+01 -0.86959144E-05  0.12836440E-04
  0.50400000E+01 -0.89059671E-05  0.12688759E-04
  0.50500000E+01 -0.90887111E-05  0.12537333E-04
  0.50600000E+01 -0.92600474E-05  0.12380114E-04
  0.50700000E+01 -0.94341250E-05  0.12215505E-04
  0.50800000E+01 -0.96218107E-05  0.12042430E-04
  0.50900000E+01 -0.98297410E-05  0.11860277E-04
  0.51000000E+01 -0.10060078E-04  0.11668966E-04
  0.51100000E+01 -0.10311693E-04  0.11469097E-04
  0.51200000E+01 -0.10581568E-04  0.11261120E-04
  0.51300000E+01 -0.10863788E-04  0.11045596E-04
  0.51400000E+01 -0.11151263E-04  0.10823422E-04
  0.51500000E+01 -0.11437136E-04  0.10595567E-04
  0.51600000E+01 -0.11715494E-04  0.10362932E-04
  0.51700000E+01 -0.11981823E-04  0.10126240E-04
  0.51800000E+01 -0.12233259E-04  0.98859706E-05
  0.51900000E+01 -0.12468647E-04  0.96423286E-05
  0.52000000E+01 -0.12688464E-04  0.93952326E-05
  0.52100000E+01 -0.12894593E-04  0.91443268E-05
  0.52200000E+01 -0.13089925E-04  0.88889905E-05
  0.52300000E+01 -0.13277684E-04  0.86283239E-05
  0.52400000E+01 -0.13460485E-04  0.83610870E-05
  0.52500000E+01 -0.13639337E-04  0.80856017E-05
  0.52600000E+01 -0.13813021E-04  0.77997386E-05
  0.52700000E+01 -0.13978286E-04  0.75013286E-05
  0.52800000E+01 -0.14130938E-04  0.71893062E-05
  0.52900000E+01 -0.14267318E-04  0.68646985E-05
  0.53000000E+01 -0.14385331E-04  0.65295265E-05
  0.53100000E+01 -0.14484437E-04  0.61845562E-05
  0.53200000E+01 -0.14564664E-04  0.58290342E-05
  0.53300000E+01 -0.14625325E-04  0.54620634E-05
  0.53400000E+01 -0.14664071E-04  0.50834989E-05
  0.53500000E+01 -0.14676579E-04  0.46940572E-05
  0.53600000E+01 -0.14656685E-04  0.42952788E-05
  0.53700000E+01 -0.14596643E-04  0.38894520E-05
  0.53800000E+01 -0.14487297E-04  0.34793688E-05
  0.53900000E+01 -0.14318123E-04  0.30679887E-05
  0.54000000E+01 -0.14077299E-04  0.26581888E-05
  0.54100000E+01 -0.13752037E-04  0.22527118E-05
  0.54200000E+01 -0.13329376E-04  0.18543592E-05
  0.54300000E+01 -0.12797610E-04  0.14664252E-05
  0.54400000E+01 -0.12148318E-04  0.10933539E-05
  0.54500000E+01 -0.11378787E-04  0.74155479E-06
  0.54600000E+01 -0.10494375E-04  0.42020273E-06
  0.54700000E+01 -0.95101766E-05  0.14162319E-06
  0.54800000E+01 -0.84513953E-05 -0.79477386E-07
  0.54900000E+01 -0.73519481E-05 -0.22885094E-06
  0.55000000E+01 -0.62512670E-05 -0.29778053E-06
  0.55100000E+01 -0.51897175E-05 -0.28834665E-06
  0.55200000E+01 -0.42034809E-05 -0.21478862E-06
  0.55300000E+01 -0.33199812E-05 -0.98565055E-07
  0.55400000E+01 -0.25548392E-05  0.39744593E-07
  0.55500000E+01 -0.19109828E-05  0.18572666E-06
  0.55600000E+01 -0.13799551E-05  0.33124969E-06
  0.55700000E+01 -0.94494488E-06  0.47186053E-06
  0.55800000E+01 -0.58400530E-06  0.60468086E-06
  0.55900000E+01 -0.27167088E-06  0.72963325E-06
  0.56000000E+01 -0.19326439E-08  0.84508767E-06
  0.56100000E+01  0.25285532E-06  0.94776660E-06
  0.56200000E+01  0.50170016E-06  0.10408171E-05
  0.56300000E+01  0.74977253E-06  0.11247920E-05
  0.56400000E+01  0.10002463E-05  0.12000835E-05
  0.56500000E+01  0.12541127E-05  0.12670660E-05
  0.56600000E+01  0.15110963E-05  0.13262768E-05
  0.56700000E+01  0.17703079E-05  0.13785802E-05
  0.56800000E+01  0.20306310E-05  0.14251993E-05
  0.56900000E+01  0.22908941E-05  0.14676115E-05
  0.57000000E+01  0.25499352E-05  0.15073851E-05
  0.57100000E+01  0.28066113E-05  0.15460360E-05
  0.57200000E+01  0.30598162E-05  0.15849543E-05
  0.57300000E+01  0.33085147E-05  0.16253953E-05
  0.57400000E+01  0.35517964E-05  0.16685003E-05
  0.57500000E+01  0.37889342E-05  0.17153058E-05
  0.57600000E+01  0.40194322E-05  0.17667166E-05
  0.57700000E+01  0.42430535E-05  0.18234387E-05
  0.57800000E+01  0.44598268E-05  0.18858927E-05
  0.57900000E+01  0.46700288E-05  0.19541378E-05
  0.58000000E+01  0.48741527E-05  0.20278336E-05
  0.58100000E+01  0.50728634E-05  0.21062600E-05
  0.58200000E+01  0.52669475E-05  0.21884021E-05
  0.58300000E+01  0.54572561E-05  0.22730865E-05
  0.58400000E+01  0.56446485E-05  0.23591543E-05
  0.58500000E+01  0.58299321E-05  0.24456402E-05
  0.58600000E+01  0.60138041E-05  0.25319327E-05
  0.58700000E+01  0.61967921E-05  0.26178873E-05
  0.58800000E+01  0.63791992E-05  0.27038762E-05
  0.58900000E+01  0.65610577E-05  0.27907632E-05
  0.59000000E+01  0.67420859E-05  0.28798057E-05
  0.59100000E+01  0.69216611E-05  0.29724955E-05
  0.59200000E+01  0.70988073E-05  0.30703609E-05
  0.59300000E+01  0.72721955E-05  0.31747575E-05
  0.59400000E+01  0.74401637E-05  0.32866794E-05
  0.59500000E+01  0.76007533E-05  0.34066158E-05
  0.59600000E+01  0.77517610E-05  0.35344711E-05
  0.59700000E+01  0.78908048E-05  0.36695554E-05
  0.59800000E+01  0.80154013E-05  0.38106406E-05
  0.59900000E+01  0.81230503E-05  0.39560677E-05
  0.60000000E+01  0.82113233E-05  0.41038872E-05
  0.60100000E+01  0.82779531E-05  0.42520096E-05
  0.60200000E+01  0.83209192E-05  0.43983484E-05
  0.60300000E+01  0.83385248E-05  0.45409435E-05
  0.60400000E+01  0.83294660E-05  0.46780529E-05
  0.60500000E+01  0.82928850E-05  0.48082136E-05
  0.60600000E+01  0.82284104E-05  0.49302719E-05
  0.60700000E+01  0.81361796E-05  0.50433863E-05
  0.60800000E+01  0.80168455E-05  0.51470118E-05
  0.60900000E+01  0.78715648E-05  0.52408696E-05
  0.61000000E+01  0.77019708E-05  0.53249084E-05
  0.61100000E+01  0.75101323E-05  0.53992632E-05
  0.61200000E+01  0.72984981E-05  0.54642135E-05
  0.61300000E+01  0.70698317E-05  0.55201457E-05
  0.61400000E+01  0.68271394E-05  0.55675186E-05
  0.61500000E+01  0.65735918E-05  0.56068350E-05
  0.61600000E+01  0.63124443E-05  0.56386188E-05
  0.61700000E+01  0.60469587E-05  0.56633964E-05
  0.61800000E+01  0.57803277E-05  0.56816840E-05
  0.61900000E+01  0.55156054E-05  0.56939780E-05
  0.62000000E+01  0.52556466E-05  0.57007485E-05
  0.62100000E+01  0.50030543E-05  0.57024359E-05
  0.62200000E+01  0.47601382E-05  0.56994490E-05
  0.62300000E+01  0.45288852E-05  0.56921640E-05
  0.62400000E+01  0.43109390E-05  0.56809244E-05
  0.62500000E+01  0.41075938E-05  0.56660420E-05
  0.62600000E+01  0.39197954E-05  0.56477968E-05
  0.62700000E+01  0.37481535E-05  0.56264385E-05
  0.62800000E+01  0.35929613E-05  0.56021871E-05
  0.62900000E+01  0.34542224E-05  0.55752349E-05
  0.63000000E+01  0.33316817E-05  0.55457484E-05
  0.63100000E+01  0.32248615E-05  0.55138705E-05
  0.63200000E+01  0.31330983E-05  0.54797239E-05
  0.63300000E+01  0.30555812E-05  0.54434150E-05
  0.63400000E+01  0.29913886E-05  0.54050374E-05
  0.63500000E+01  0.29395245E-05  0.53646764E-05
  0.63600000E+01  0.28989508E-05  0.53224126E-05
  0.63700000E+01  0.28686167E-05  0.52783251E-05
  0.63800000E+01  0.28474845E-05  0.52324947E-05
  0.63900000E+01  0.28345508E-05  0.51850047E-05
  0.64000000E+01  0.28288632E-05  0.51359431E-05
  0.64100000E+01  0.28295333E-05  0.50854017E-05
  0.64200000E+01  0.28357454E-05  0.50334760E-05
  0.64300000E+01  0.28467611E-05  0.49802647E-05
  0.64400000E+01  0.28619217E-05  0.49258680E-05
  0.64500000E+01  0.28806468E-05  0.48703866E-05
  0.64600000E+01  0.29024309E-05  0.48139202E-05
  0.64700000E+01  0.29268390E-05  0.47565664E-05
  0.64800000E+01  0.29535001E-05  0.46984187E-05
  0.64900000E+01  0.29821006E-05  0.46395648E-05
  0.65000000E+01  0.30123774E-05  0.45800851E-05
  0.65100000E+01  0.30441113E-05  0.45200499E-05
  0.65200000E+01  0.30771201E-05  0.44595180E-05
  0.65300000E+01  0.31112543E-05  0.43985344E-05
  0.65400000E+01  0.31463917E-05  0.43371288E-05
  0.65500000E+01  0.31824346E-05  0.42753138E-05
  0.65600000E+01  0.32193074E-05  0.42130834E-05
  0.65700000E+01  0.32569557E-05  0.41504125E-05
  0.65800000E+01  0.32953462E-05  0.40872560E-05
  0.65900000E+01  0.33344678E-05  0.40235489E-05
  0.66000000E+01  0.33743331E-05  0.39592073E-05
  0.66100000E+01  0.34149811E-05  0.38941303E-05
  0.66200000E+01  0.34564796E-05  0.38282044E-05
  0.66300000E+01  0.34989281E-05  0.37613087E-05
  0.66400000E+01  0.35424611E-05  0.36933221E-05
  0.66500000E+01  0.35872497E-05  0.36241314E-05
  0.66600000E+01  0.36335049E-05  0.35536388E-05
  0.66700000E+01  0.36814781E-05  0.34817683E-05
  0.66800000E+01  0.37314623E-05  0.34084692E-05
  0.66900000E+01  0.37837915E-05  0.33337156E-05
  0.67000000E+01  0.38388399E-05  0.32575022E-05
  0.67100000E+01  0.38970190E-05  0.31798357E-05
  0.67200000E+01  0.39587745E-05  0.31007254E-05
  0.67300000E+01  0.40245812E-05  0.30201727E-05
  0.67400000E+01  0.40949375E-05  0.29381635E-05
  0.67500000E+01  0.41703580E-05  0.28546645E-05
  0.67600000E+01  0.42513661E-05  0.27696249E-05
  0.67700000E+01  0.43384850E-05  0.26829848E-05
  0.67800000E+01  0.44322285E-05  0.25946881E-05
  0.67900000E+01  0.45330915E-05  0.25046980E-05
  0.68000000E+01  0.46415410E-05  0.24130144E-05
  0.68100000E+01  0.47580070E-05  0.23196876E-05
  0.68200000E+01  0.48828760E-05  0.22248274E-05
  0.68300000E+01  0.50164854E-05  0.21286054E-05
  0.68400000E+01  0.51591212E-05  0.20312491E-05
  0.68500000E+01  0.53110193E-05  0.19330299E-05
  0.68600000E+01  0.54723710E-05  0.18342459E-05
  0.68700000E+01  0.56433320E-05  0.17352030E-05
  0.68800000E+01  0.58240370E-05  0.16361966E-05
  0.68900000E+01  0.60146174E-05  0.15374960E-05
  0.69000000E+01  0.62152219E-05  0.14393320E-05
  0.69100000E+01  0.64260388E-05  0.13418871E-05
  0.69200000E+01  0.66473184E-05  0.12452861E-05
  0.69300000E+01  0.68793946E-05  0.11495885E-05
  0.69400000E+01  0.71227045E-05  0.10547852E-05
  0.69500000E+01  0.73778062E-05  0.96080431E-06
  0.69600000E+01  0.76453944E-05  0.86753501E-06
  0.69700000E+01  0.79263145E-05  0.77487311E-06
  0.69800000E+01  0.82215762E-05  0.68278736E-06
  0.69900000E+01  0.85323698E-05  0.59139324E-06
  0.70000000E+01  0.88600927E-05  0.50101131E-06
