  0.00000000E+00  0.32835298E+04 -0.24501982E-12
  0.10000000E-01  0.33323411E+04 -0.46347930E+02
  0.20000000E-01  0.34737318E+04 -0.84285627E+02
  0.30000000E-01  0.37520644E+04 -0.95068293E+02
  0.40000000E-01  0.40359676E+04  0.14980071E+02
  0.50000000E-01  0.42496707E+04  0.12247121E+03
  0.60000000E-01  0.45047252E+04  0.31330503E+03
  0.70000000E-01  0.44829666E+04  0.59874376E+03
  0.80000000E-01  0.40892204E+04  0.81284324E+03
  0.90000000E-01  0.36276538E+04  0.88407462E+03
  0.10000000E+00  0.32997706E+04  0.89690836E+03
  0.11000000E+00  0.30554842E+04  0.88643406E+03
  0.12000000E+00  0.28508898E+04  0.86328243E+03
  0.13000000E+00  0.26781850E+04  0.83232196E+03
  0.14000000E+00  0.25350371E+04  0.79627496E+03
  0.15000000E+00  0.24183984E+04  0.75718454E+03
  0.16000000E+00  0.23247232E+04  0.71661697E+03
  0.17000000E+00  0.22503660E+04  0.67555834E+03
  0.18000000E+00  0.21918334E+04  0.63453516E+03
  0.19000000E+00  0.21460142E+04  0.59384174E+03
  0.20000000E+00  0.21103604E+04  0.55369806E+03
  0.21000000E+00  0.20829547E+04  0.51429504E+03
  0.22000000E+00  0.20624531E+04  0.47577404E+03
  0.23000000E+00  0.20479521E+04  0.43820253E+03
  0.24000000E+00  0.20388438E+04  0.40157541E+03
  0.25000000E+00  0.20347028E+04  0.36584225E+03
  0.26000000E+00  0.20352135E+04  0.33094966E+03
  0.27000000E+00  0.20401261E+04  0.29688337E+03
  0.28000000E+00  0.20492277E+04  0.26369229E+03
  0.29000000E+00  0.20623162E+04  0.23148587E+03
  0.30000000E+00  0.20791771E+04  0.20041144E+03
  0.31000000E+00  0.20995624E+04  0.17062524E+03
  0.32000000E+00  0.21231788E+04  0.14226741E+03
  0.33000000E+00  0.21496846E+04  0.11544512E+03
  0.34000000E+00  0.21786989E+04  0.90224164E+02
  0.35000000E+00  0.22098171E+04  0.66627409E+02
  0.36000000E+00  0.22426322E+04  0.44638292E+02
  0.37000000E+00  0.22767558E+04  0.24207149E+02
  0.38000000E+00  0.23118366E+04  0.52589215E+01
  0.39000000E+00  0.23475722E+04 -0.12298183E+02
  0.40000000E+00  0.23837162E+04 -0.28563284E+02
  0.41000000E+00  0.24200789E+04 -0.43634182E+02
  0.42000000E+00  0.24565228E+04 -0.57601672E+02
  0.43000000E+00  0.24929562E+04 -0.70547589E+02
  0.44000000E+00  0.25293250E+04 -0.82545298E+02
  0.45000000E+00  0.25656046E+04 -0.93660856E+02
  0.46000000E+00  0.26017926E+04 -0.10395392E+03
  0.47000000E+00  0.26379029E+04 -0.11347807E+03
  0.48000000E+00  0.26739615E+04 -0.12228050E+03
  0.49000000E+00  0.27100027E+04 -0.13040153E+03
  0.50000000E+00  0.27460672E+04 -0.13787459E+03
  0.51000000E+00  0.27821998E+04 -0.14472681E+03
  0.52000000E+00  0.28184481E+04 -0.15097983E+03
  0.53000000E+00  0.28548618E+04 -0.15665032E+03
  0.54000000E+00  0.28914913E+04 -0.16175034E+03
  0.55000000E+00  0.29283877E+04 -0.16628772E+03
  0.56000000E+00  0.29656018E+04 -0.17026629E+03
  0.57000000E+00  0.30031830E+04 -0.17368598E+03
  0.58000000E+00  0.30411763E+04 -0.17654279E+03
  0.59000000E+00  0.30796175E+04 -0.17882860E+03
  0.60000000E+00  0.31185268E+04 -0.18053050E+03
  0.61000000E+00  0.31579008E+04 -0.18162923E+03
  0.62000000E+00  0.31977072E+04 -0.18209762E+03
  0.63000000E+00  0.32378825E+04 -0.18190037E+03
  0.64000000E+00  0.32783380E+04 -0.18099740E+03
  0.65000000E+00  0.33189704E+04 -0.17935307E+03
  0.66000000E+00  0.33596768E+04 -0.17695006E+03
  0.67000000E+00  0.34003666E+04 -0.17379777E+03
  0.68000000E+00  0.34409663E+04 -0.16992401E+03
  0.69000000E+00  0.34814146E+04 -0.16535616E+03
  0.70000000E+00  0.35216519E+04 -0.16011017E+03
  0.71000000E+00  0.35616096E+04 -0.15419172E+03
  0.72000000E+00  0.36012087E+04 -0.14760271E+03
  0.73000000E+00  0.36403693E+04 -0.14035185E+03
  0.74000000E+00  0.36790291E+04 -0.13247012E+03
  0.75000000E+00  0.37171652E+04 -0.12401962E+03
  0.76000000E+00  0.37548165E+04 -0.11507537E+03
  0.77000000E+00  0.37921100E+04 -0.10568496E+03
  0.78000000E+00  0.38292309E+04 -0.95836172E+02
  0.79000000E+00  0.38662218E+04 -0.85436526E+02
  0.80000000E+00  0.39027894E+04 -0.74343694E+02
  0.81000000E+00  0.39386179E+04 -0.62640311E+02
  0.82000000E+00  0.39739408E+04 -0.50541890E+02
  0.83000000E+00  0.40095174E+04 -0.37949674E+02
  0.84000000E+00  0.40458587E+04 -0.24598319E+02
  0.85000000E+00  0.40819865E+04 -0.99696726E+01
  0.86000000E+00  0.41154859E+04  0.62365769E+01
  0.87000000E+00  0.41452989E+04  0.22666503E+02
  0.88000000E+00  0.41731030E+04  0.38564426E+02
  0.89000000E+00  0.42006963E+04  0.54451137E+02
  0.90000000E+00  0.42282070E+04  0.70633650E+02
  0.91000000E+00  0.42550721E+04  0.87158606E+02
  0.92000000E+00  0.42809972E+04  0.10399075E+03
  0.93000000E+00  0.43059707E+04  0.12108037E+03
  0.94000000E+00  0.43300737E+04  0.13838635E+03
  0.95000000E+00  0.43533936E+04  0.15588634E+03
  0.96000000E+00  0.43759935E+04  0.17358154E+03
  0.97000000E+00  0.43978957E+04  0.19149672E+03
  0.98000000E+00  0.44190724E+04  0.20967185E+03
  0.99000000E+00  0.44394489E+04  0.22814355E+03
  0.10000000E+01  0.44589185E+04  0.24692043E+03
  0.10100000E+01  0.44773710E+04  0.26595944E+03
  0.10200000E+01  0.44947341E+04  0.28515911E+03
  0.10300000E+01  0.45110674E+04  0.30438719E+03
  0.10400000E+01  0.45269194E+04  0.32354474E+03
  0.10500000E+01  0.45434274E+04  0.34274886E+03
  0.10600000E+01  0.45597608E+04  0.36276409E+03
  0.10700000E+01  0.45731135E+04  0.38326658E+03
  0.10800000E+01  0.45854020E+04  0.40244100E+03
  0.10900000E+01  0.46003549E+04  0.42107819E+03
  0.11000000E+01  0.46185428E+04  0.43993250E+03
  0.11100000E+01  0.46404037E+04  0.45968166E+03
  0.11200000E+01  0.46663264E+04  0.48195551E+03
  0.11300000E+01  0.46885195E+04  0.50930736E+03
  0.11400000E+01  0.47020394E+04  0.53644736E+03
  0.11500000E+01  0.47087778E+04  0.56368162E+03
  0.11600000E+01  0.47163871E+04  0.59079470E+03
  0.11700000E+01  0.47170218E+04  0.61569161E+03
  0.11800000E+01  0.47180509E+04  0.63903006E+03
  0.11900000E+01  0.47194952E+04  0.66157310E+03
  0.12000000E+01  0.47211978E+04  0.68365607E+03
  0.12100000E+01  0.47228475E+04  0.70538476E+03
  0.12200000E+01  0.47244414E+04  0.72677132E+03
  0.12300000E+01  0.47261098E+04  0.74787551E+03
  0.12400000E+01  0.47279407E+04  0.76880496E+03
  0.12500000E+01  0.47299076E+04  0.78965562E+03
  0.12600000E+01  0.47318850E+04  0.81046491E+03
  0.12700000E+01  0.47337842E+04  0.83118967E+03
  0.12800000E+01  0.47355971E+04  0.85177803E+03
  0.12900000E+01  0.47373600E+04  0.87216432E+03
  0.13000000E+01  0.47394111E+04  0.89230541E+03
  0.13100000E+01  0.47456320E+04  0.91248839E+03
  0.13200000E+01  0.47608808E+04  0.93623275E+03
  0.13300000E+01  0.47596657E+04  0.96742236E+03
  0.13400000E+01  0.47446597E+04  0.99137706E+03
  0.13500000E+01  0.47383528E+04  0.10130704E+04
  0.13600000E+01  0.47341919E+04  0.10349589E+04
  0.13700000E+01  0.47287857E+04  0.10568347E+04
  0.13800000E+01  0.47231306E+04  0.10783817E+04
  0.13900000E+01  0.47176085E+04  0.10998782E+04
  0.14000000E+01  0.47119878E+04  0.11214543E+04
  0.14100000E+01  0.47058988E+04  0.11431585E+04
  0.14200000E+01  0.46984150E+04  0.11661455E+04
  0.14300000E+01  0.46888964E+04  0.11889415E+04
  0.14400000E+01  0.46770521E+04  0.12115485E+04
  0.14500000E+01  0.46630743E+04  0.12333873E+04
  0.14600000E+01  0.46475950E+04  0.12541910E+04
  0.14700000E+01  0.46314343E+04  0.12740209E+04
  0.14800000E+01  0.46153333E+04  0.12930847E+04
  0.14900000E+01  0.45997786E+04  0.13115849E+04
  0.15000000E+01  0.45849600E+04  0.13296693E+04
  0.15100000E+01  0.45708341E+04  0.13474394E+04
  0.15200000E+01  0.45572156E+04  0.13649708E+04
  0.15300000E+01  0.45438580E+04  0.13823193E+04
  0.15400000E+01  0.45305679E+04  0.13995210E+04
  0.15500000E+01  0.45171992E+04  0.14165824E+04
  0.15600000E+01  0.45036709E+04  0.14334581E+04
  0.15700000E+01  0.44899871E+04  0.14500977E+04
  0.15800000E+01  0.44762110E+04  0.14664906E+04
  0.15900000E+01  0.44624248E+04  0.14826583E+04
  0.16000000E+01  0.44486957E+04  0.14986273E+04
  0.16100000E+01  0.44350603E+04  0.15144161E+04
  0.16200000E+01  0.44215273E+04  0.15300328E+04
  0.16300000E+01  0.44080899E+04  0.15454780E+04
  0.16400000E+01  0.43947358E+04  0.15607508E+04
  0.16500000E+01  0.43814470E+04  0.15758530E+04
  0.16600000E+01  0.43681966E+04  0.15907887E+04
  0.16700000E+01  0.43549650E+04  0.16055559E+04
  0.16800000E+01  0.43417729E+04  0.16201405E+04
  0.16900000E+01  0.43286271E+04  0.16345391E+04
  0.17000000E+01  0.43156289E+04  0.16487594E+04
  0.17100000E+01  0.43028206E+04  0.16628570E+04
  0.17200000E+01  0.42901526E+04  0.16768638E+04
  0.17300000E+01  0.42775705E+04  0.16908044E+04
  0.17400000E+01  0.42650241E+04  0.17047034E+04
  0.17500000E+01  0.42524729E+04  0.17185849E+04
  0.17600000E+01  0.42399180E+04  0.17324685E+04
  0.17700000E+01  0.42274160E+04  0.17463672E+04
  0.17800000E+01  0.42149237E+04  0.17602978E+04
  0.17900000E+01  0.42023736E+04  0.17742263E+04
  0.18000000E+01  0.41899421E+04  0.17882283E+04
  0.18100000E+01  0.41777427E+04  0.18024777E+04
  0.18200000E+01  0.41654636E+04  0.18170897E+04
  0.18300000E+01  0.41528481E+04  0.18320242E+04
  0.18400000E+01  0.41404368E+04  0.18472832E+04
  0.18500000E+01  0.41278508E+04  0.18637085E+04
  0.18600000E+01  0.41109347E+04  0.18808231E+04
  0.18700000E+01  0.40921595E+04  0.18969909E+04
  0.18800000E+01  0.40724340E+04  0.19127062E+04
  0.18900000E+01  0.40517216E+04  0.19279651E+04
  0.19000000E+01  0.40302078E+04  0.19427160E+04
  0.19100000E+01  0.40081654E+04  0.19569493E+04
  0.19200000E+01  0.39858020E+04  0.19707498E+04
  0.19300000E+01  0.39632451E+04  0.19842003E+04
  0.19400000E+01  0.39405679E+04  0.19973756E+04
  0.19500000E+01  0.39177597E+04  0.20103306E+04
  0.19600000E+01  0.38947520E+04  0.20230812E+04
  0.19700000E+01  0.38714957E+04  0.20356021E+04
  0.19800000E+01  0.38481011E+04  0.20481703E+04
  0.19900000E+01  0.38240844E+04  0.20604370E+04
  0.20000000E+01  0.37994254E+04  0.20725603E+04
  0.20100000E+01  0.37741996E+04  0.20843042E+04
  0.20200000E+01  0.37487478E+04  0.20957170E+04
  0.20300000E+01  0.37230933E+04  0.21067924E+04
  0.20400000E+01  0.36973439E+04  0.21175576E+04
  0.20500000E+01  0.36716649E+04  0.21279574E+04
  0.20600000E+01  0.36462622E+04  0.21380205E+04
  0.20700000E+01  0.36213670E+04  0.21477715E+04
  0.20800000E+01  0.35972216E+04  0.21572557E+04
  0.20900000E+01  0.35740689E+04  0.21665441E+04
  0.21000000E+01  0.35521405E+04  0.21757462E+04
  0.21100000E+01  0.35316452E+04  0.21850091E+04
  0.21200000E+01  0.35127454E+04  0.21945001E+04
  0.21300000E+01  0.34954933E+04  0.22043941E+04
  0.21400000E+01  0.34797200E+04  0.22148704E+04
  0.21500000E+01  0.34650164E+04  0.22260862E+04
  0.21600000E+01  0.34509525E+04  0.22380773E+04
  0.21700000E+01  0.34373537E+04  0.22507889E+04
  0.21800000E+01  0.34243156E+04  0.22643116E+04
  0.21900000E+01  0.34119843E+04  0.22787835E+04
  0.22000000E+01  0.34003794E+04  0.22942678E+04
  0.22100000E+01  0.33893635E+04  0.23108709E+04
  0.22200000E+01  0.33787634E+04  0.23288854E+04
  0.22300000E+01  0.33693265E+04  0.23489752E+04
  0.22400000E+01  0.33606606E+04  0.23736098E+04
  0.22500000E+01  0.33368008E+04  0.24049080E+04
  0.22600000E+01  0.32904346E+04  0.24325093E+04
  0.22700000E+01  0.32406121E+04  0.24548064E+04
  0.22800000E+01  0.31872339E+04  0.24732446E+04
  0.22900000E+01  0.31361922E+04  0.24882006E+04
  0.23000000E+01  0.30871044E+04  0.25031876E+04
  0.23100000E+01  0.30334450E+04  0.25158643E+04
  0.23200000E+01  0.29816875E+04  0.25258945E+04
  0.23300000E+01  0.29316687E+04  0.25341458E+04
  0.23400000E+01  0.28830289E+04  0.25410175E+04
  0.23500000E+01  0.28353930E+04  0.25466729E+04
  0.23600000E+01  0.27886068E+04  0.25511767E+04
  0.23700000E+01  0.27427670E+04  0.25546150E+04
  0.23800000E+01  0.26979935E+04  0.25570908E+04
  0.23900000E+01  0.26544838E+04  0.25586866E+04
  0.24000000E+01  0.26123716E+04  0.25595175E+04
  0.24100000E+01  0.25716908E+04  0.25596750E+04
  0.24200000E+01  0.25324389E+04  0.25592363E+04
  0.24300000E+01  0.24945853E+04  0.25582676E+04
  0.24400000E+01  0.24580830E+04  0.25568254E+04
  0.24500000E+01  0.24228788E+04  0.25549571E+04
  0.24600000E+01  0.23889177E+04  0.25527038E+04
  0.24700000E+01  0.23561412E+04  0.25501029E+04
  0.24800000E+01  0.23244807E+04  0.25471903E+04
  0.24900000E+01  0.22938539E+04  0.25440014E+04
  0.25000000E+01  0.22641665E+04  0.25405687E+04
  0.25100000E+01  0.22353087E+04  0.25369161E+04
  0.25200000E+01  0.22071391E+04  0.25330485E+04
  0.25300000E+01  0.21795593E+04  0.25289126E+04
  0.25400000E+01  0.21526249E+04  0.25244864E+04
  0.25500000E+01  0.21263805E+04  0.25198007E+04
  0.25600000E+01  0.21008018E+04  0.25148815E+04
  0.25700000E+01  0.20758445E+04  0.25097476E+04
  0.25800000E+01  0.20514628E+04  0.25044154E+04
  0.25900000E+01  0.20276060E+04  0.24988981E+04
  0.26000000E+01  0.20042207E+04  0.24932044E+04
  0.26100000E+01  0.19812536E+04  0.24873380E+04
  0.26200000E+01  0.19586544E+04  0.24812984E+04
  0.26300000E+01  0.19363775E+04  0.24750808E+04
  0.26400000E+01  0.19143845E+04  0.24686769E+04
  0.26500000E+01  0.18926457E+04  0.24620754E+04
  0.26600000E+01  0.18711419E+04  0.24552627E+04
  0.26700000E+01  0.18498647E+04  0.24482239E+04
  0.26800000E+01  0.18288173E+04  0.24409441E+04
  0.26900000E+01  0.18080148E+04  0.24334087E+04
  0.27000000E+01  0.17874837E+04  0.24256050E+04
  0.27100000E+01  0.17672621E+04  0.24175224E+04
  0.27200000E+01  0.17473984E+04  0.24091532E+04
  0.27300000E+01  0.17279496E+04  0.24004939E+04
  0.27400000E+01  0.17089795E+04  0.23915455E+04
  0.27500000E+01  0.16905550E+04  0.23823152E+04
  0.27600000E+01  0.16727431E+04  0.23728173E+04
  0.27700000E+01  0.16556061E+04  0.23630737E+04
  0.27800000E+01  0.16391977E+04  0.23531151E+04
  0.27900000E+01  0.16235563E+04  0.23429813E+04
  0.28000000E+01  0.16086984E+04  0.23327203E+04
  0.28100000E+01  0.15946095E+04  0.23223870E+04
  0.28200000E+01  0.15812349E+04  0.23120395E+04
  0.28300000E+01  0.15684711E+04  0.23017337E+04
  0.28400000E+01  0.15561628E+04  0.22915180E+04
  0.28500000E+01  0.15441086E+04  0.22814269E+04
  0.28600000E+01  0.15320796E+04  0.22714732E+04
  0.28700000E+01  0.15198506E+04  0.22616406E+04
  0.28800000E+01  0.15072372E+04  0.22518759E+04
  0.28900000E+01  0.14941262E+04  0.22420827E+04
  0.29000000E+01  0.14804852E+04  0.22321264E+04
  0.29100000E+01  0.14663421E+04  0.22218656E+04
  0.29200000E+01  0.14517449E+04  0.22112107E+04
  0.29300000E+01  0.14367289E+04  0.22001524E+04
  0.29400000E+01  0.14213249E+04  0.21887049E+04
  0.29500000E+01  0.14056178E+04  0.21767933E+04
  0.29600000E+01  0.13898226E+04  0.21642205E+04
  0.29700000E+01  0.13743243E+04  0.21507981E+04
  0.29800000E+01  0.13596439E+04  0.21364875E+04
  0.29900000E+01  0.13463544E+04  0.21213757E+04
  0.30000000E+01  0.13350027E+04  0.21055798E+04
  0.30100000E+01  0.13260853E+04  0.20891960E+04
  0.30200000E+01  0.13200871E+04  0.20722943E+04
  0.30300000E+01  0.13175571E+04  0.20549266E+04
  0.30400000E+01  0.13191556E+04  0.20371412E+04
  0.30500000E+01  0.13256121E+04  0.20190027E+04
  0.30600000E+01  0.13375728E+04  0.20006283E+04
  0.30700000E+01  0.13553984E+04  0.19821988E+04
  0.30800000E+01  0.13790829E+04  0.19638396E+04
  0.30900000E+01  0.14085663E+04  0.19452108E+04
  0.31000000E+01  0.14469965E+04  0.19250076E+04
  0.31100000E+01  0.15538219E+04  0.19085316E+04
  0.31200000E+01  0.15921647E+04  0.19561163E+04
  0.31300000E+01  0.15935276E+04  0.19582125E+04
  0.31400000E+01  0.16130962E+04  0.19568191E+04
  0.31500000E+01  0.16372262E+04  0.19565534E+04
  0.31600000E+01  0.16611044E+04  0.19576431E+04
  0.31700000E+01  0.16840936E+04  0.19596602E+04
  0.31800000E+01  0.17051927E+04  0.19622531E+04
  0.31900000E+01  0.17242732E+04  0.19651939E+04
  0.32000000E+01  0.17417862E+04  0.19683449E+04
  0.32100000E+01  0.17582554E+04  0.19716640E+04
  0.32200000E+01  0.17741883E+04  0.19751459E+04
  0.32300000E+01  0.17900416E+04  0.19787968E+04
  0.32400000E+01  0.18061622E+04  0.19826365E+04
  0.32500000E+01  0.18227740E+04  0.19866944E+04
  0.32600000E+01  0.18400182E+04  0.19910109E+04
  0.32700000E+01  0.18580212E+04  0.19956428E+04
  0.32800000E+01  0.18769573E+04  0.20006572E+04
  0.32900000E+01  0.18970542E+04  0.20061494E+04
  0.33000000E+01  0.19184808E+04  0.20122849E+04
  0.33100000E+01  0.19411741E+04  0.20193039E+04
  0.33200000E+01  0.19648840E+04  0.20274193E+04
  0.33300000E+01  0.19895756E+04  0.20366435E+04
  0.33400000E+01  0.20156216E+04  0.20469450E+04
  0.33500000E+01  0.20436118E+04  0.20587685E+04
  0.33600000E+01  0.20746961E+04  0.20727762E+04
  0.33700000E+01  0.21086019E+04  0.20900244E+04
  0.33800000E+01  0.21399344E+04  0.21126017E+04
  0.33900000E+01  0.21641788E+04  0.21409839E+04
  0.34000000E+01  0.21623795E+04  0.21713211E+04
  0.34100000E+01  0.21529935E+04  0.21948741E+04
  0.34200000E+01  0.21437953E+04  0.22157263E+04
  0.34300000E+01  0.21337963E+04  0.22348310E+04
  0.34400000E+01  0.21233640E+04  0.22526471E+04
  0.34500000E+01  0.21123976E+04  0.22694831E+04
  0.34600000E+01  0.21008850E+04  0.22855206E+04
  0.34700000E+01  0.20888768E+04  0.23009044E+04
  0.34800000E+01  0.20763890E+04  0.23157350E+04
  0.34900000E+01  0.20633988E+04  0.23300804E+04
  0.35000000E+01  0.20498622E+04  0.23440031E+04
  0.35100000E+01  0.20357230E+04  0.23575540E+04
  0.35200000E+01  0.20209144E+04  0.23707680E+04
  0.35300000E+01  0.20053588E+04  0.23836743E+04
  0.35400000E+01  0.19889678E+04  0.23962985E+04
  0.35500000E+01  0.19716437E+04  0.24086540E+04
  0.35600000E+01  0.19532823E+04  0.24207452E+04
  0.35700000E+01  0.19337799E+04  0.24325657E+04
  0.35800000E+01  0.19130421E+04  0.24440904E+04
  0.35900000E+01  0.18909936E+04  0.24552756E+04
  0.36000000E+01  0.18675887E+04  0.24660596E+04
  0.36100000E+01  0.18428302E+04  0.24763616E+04
  0.36200000E+01  0.18167722E+04  0.24860911E+04
  0.36300000E+01  0.17895121E+04  0.24951512E+04
  0.36400000E+01  0.17611950E+04  0.25034526E+04
  0.36500000E+01  0.17320066E+04  0.25109273E+04
  0.36600000E+01  0.17021561E+04  0.25175374E+04
  0.36700000E+01  0.16718549E+04  0.25232799E+04
  0.36800000E+01  0.16412964E+04  0.25281834E+04
  0.36900000E+01  0.16106416E+04  0.25323008E+04
  0.37000000E+01  0.15800119E+04  0.25356999E+04
  0.37100000E+01  0.15494884E+04  0.25384549E+04
  0.37200000E+01  0.15191165E+04  0.25406387E+04
  0.37300000E+01  0.14889122E+04  0.25423149E+04
  0.37400000E+01  0.14588712E+04  0.25435316E+04
  0.37500000E+01  0.14289772E+04  0.25443173E+04
  0.37600000E+01  0.13992123E+04  0.25446802E+04
  0.37700000E+01  0.13695659E+04  0.25446108E+04
  0.37800000E+01  0.13400429E+04  0.25440890E+04
  0.37900000E+01  0.13106695E+04  0.25430943E+04
  0.38000000E+01  0.12814883E+04  0.25416164E+04
  0.38100000E+01  0.12525415E+04  0.25396609E+04
  0.38200000E+01  0.12238707E+04  0.25372441E+04
  0.38300000E+01  0.11955594E+04  0.25343826E+04
  0.38400000E+01  0.11675469E+04  0.25310926E+04
  0.38500000E+01  0.11409768E+04  0.25274198E+04
  0.38600000E+01  0.11163306E+04  0.25258377E+04
  0.38700000E+01  0.10819326E+04  0.25224711E+04
  0.38800000E+01  0.10539971E+04  0.25165199E+04
  0.38900000E+01  0.10317612E+04  0.25112897E+04
  0.39000000E+01  0.10017228E+04  0.25063438E+04
  0.39100000E+01  0.97226547E+03  0.25060830E+04
  0.39200000E+01  0.94520819E+03  0.24982186E+04
  0.39300000E+01  0.91940319E+03  0.24911335E+04
  0.39400000E+01  0.89448124E+03  0.24840797E+04
  0.39500000E+01  0.87033164E+03  0.24769231E+04
  0.39600000E+01  0.84684055E+03  0.24696382E+04
  0.39700000E+01  0.82390070E+03  0.24622253E+04
  0.39800000E+01  0.80140891E+03  0.24546901E+04
  0.39900000E+01  0.77926009E+03  0.24470502E+04
  0.40000000E+01  0.75722524E+03  0.24393346E+04
  0.40100000E+01  0.73498180E+03  0.24315268E+04
  0.40200000E+01  0.71237159E+03  0.24235111E+04
  0.40300000E+01  0.68952085E+03  0.24152278E+04
  0.40400000E+01  0.66688066E+03  0.24066023E+04
  0.40500000E+01  0.64552127E+03  0.23975998E+04
  0.40600000E+01  0.62586069E+03  0.23885874E+04
  0.40700000E+01  0.60533737E+03  0.23805250E+04
  0.40800000E+01  0.58076125E+03  0.23725577E+04
  0.40900000E+01  0.55362423E+03  0.23622914E+04
  0.41000000E+01  0.52811230E+03  0.23502866E+04
  0.41100000E+01  0.50580941E+03  0.23375582E+04
  0.41200000E+01  0.48597720E+03  0.23245127E+04
  0.41300000E+01  0.46788442E+03  0.23113070E+04
  0.41400000E+01  0.45127271E+03  0.22980261E+04
  0.41500000E+01  0.43601991E+03  0.22847303E+04
  0.41600000E+01  0.42197682E+03  0.22714637E+04
  0.41700000E+01  0.40895919E+03  0.22582483E+04
  0.41800000E+01  0.39678171E+03  0.22450761E+04
  0.41900000E+01  0.38529428E+03  0.22319159E+04
  0.42000000E+01  0.37440030E+03  0.22187355E+04
  0.42100000E+01  0.36404931E+03  0.22055214E+04
  0.42200000E+01  0.35421368E+03  0.21922765E+04
  0.42300000E+01  0.34486727E+03  0.21790105E+04
  0.42400000E+01  0.33597670E+03  0.21657344E+04
  0.42500000E+01  0.32750294E+03  0.21524569E+04
  0.42600000E+01  0.31940656E+03  0.21391824E+04
  0.42700000E+01  0.31165238E+03  0.21259115E+04
  0.42800000E+01  0.30421236E+03  0.21126421E+04
  0.42900000E+01  0.29706647E+03  0.20993712E+04
  0.43000000E+01  0.29020316E+03  0.20860953E+04
  0.43100000E+01  0.28361825E+03  0.20728119E+04
  0.43200000E+01  0.27731207E+03  0.20595190E+04
  0.43300000E+01  0.27128849E+03  0.20462158E+04
  0.43400000E+01  0.26555465E+03  0.20329015E+04
  0.43500000E+01  0.26012083E+03  0.20195759E+04
  0.43600000E+01  0.25500051E+03  0.20062387E+04
  0.43700000E+01  0.25021053E+03  0.19928899E+04
  0.43800000E+01  0.24577146E+03  0.19795293E+04
  0.43900000E+01  0.24170802E+03  0.19661570E+04
  0.44000000E+01  0.23804983E+03  0.19527729E+04
  0.44100000E+01  0.23483231E+03  0.19393767E+04
  0.44200000E+01  0.23209723E+03  0.19259678E+04
  0.44300000E+01  0.22989676E+03  0.19125425E+04
  0.44400000E+01  0.22830924E+03  0.18991904E+04
  0.44500000E+01  0.22721414E+03  0.18857637E+04
  0.44600000E+01  0.22683730E+03  0.18723366E+04
  0.44700000E+01  0.22720552E+03  0.18588992E+04
  0.44800000E+01  0.22842260E+03  0.18454522E+04
  0.44900000E+01  0.23059686E+03  0.18320012E+04
  0.45000000E+01  0.23384321E+03  0.18185543E+04
  0.45100000E+01  0.23828714E+03  0.18051228E+04
  0.45200000E+01  0.24406541E+03  0.17917216E+04
  0.45300000E+01  0.25132580E+03  0.17783710E+04
  0.45400000E+01  0.26022464E+03  0.17650977E+04
  0.45500000E+01  0.27091969E+03  0.17519370E+04
  0.45600000E+01  0.28355498E+03  0.17389363E+04
  0.45700000E+01  0.29823577E+03  0.17261602E+04
  0.45800000E+01  0.31499562E+03  0.17136955E+04
  0.45900000E+01  0.33376465E+03  0.17016583E+04
  0.46000000E+01  0.35435470E+03  0.16901953E+04
  0.46100000E+01  0.37647804E+03  0.16794736E+04
  0.46200000E+01  0.39980718E+03  0.16696411E+04
  0.46300000E+01  0.42405956E+03  0.16607686E+04
  0.46400000E+01  0.44906837E+03  0.16528346E+04
  0.46500000E+01  0.47481738E+03  0.16458097E+04
  0.46600000E+01  0.50142287E+03  0.16397874E+04
  0.46700000E+01  0.52881471E+03  0.16350749E+04
  0.46800000E+01  0.55585274E+03  0.16321839E+04
  0.46900000E+01  0.58005661E+03  0.16313671E+04
  0.47000000E+01  0.59968116E+03  0.16313210E+04
  0.47100000E+01  0.61590212E+03  0.16303773E+04
  0.47200000E+01  0.63142229E+03  0.16287357E+04
  0.47300000E+01  0.64767781E+03  0.16270018E+04
  0.47400000E+01  0.66449737E+03  0.16254561E+04
  0.47500000E+01  0.68131311E+03  0.16241968E+04
  0.47600000E+01  0.69779345E+03  0.16232533E+04
  0.47700000E+01  0.71380777E+03  0.16226273E+04
  0.47800000E+01  0.72929166E+03  0.16223044E+04
  0.47900000E+01  0.74419083E+03  0.16222610E+04
  0.48000000E+01  0.75845214E+03  0.16224692E+04
  0.48100000E+01  0.77202668E+03  0.16229005E+04
  0.48200000E+01  0.78487548E+03  0.16235265E+04
  0.48300000E+01  0.79697637E+03  0.16243205E+04
  0.48400000E+01  0.80832291E+03  0.16252578E+04
  0.48500000E+01  0.81892266E+03  0.16263139E+04
  0.48600000E+01  0.82879627E+03  0.16274645E+04
  0.48700000E+01  0.83797490E+03  0.16286849E+04
  0.48800000E+01  0.84649761E+03  0.16299505E+04
  0.48900000E+01  0.85440905E+03  0.16312381E+04
  0.49000000E+01  0.86175760E+03  0.16325263E+04
  0.49100000E+01  0.86859434E+03  0.16337970E+04
  0.49200000E+01  0.87497249E+03  0.16350348E+04
  0.49300000E+01  0.88094741E+03  0.16362272E+04
  0.49400000E+01  0.88657628E+03  0.16373647E+04
  0.49500000E+01  0.89191730E+03  0.16384427E+04
  0.49600000E+01  0.89702812E+03  0.16394623E+04
  0.49700000E+01  0.90196391E+03  0.16404294E+04
  0.49800000E+01  0.90677556E+03  0.16413530E+04
  0.49900000E+01  0.91150834E+03  0.16422438E+04
  0.50000000E+01  0.91620127E+03  0.16431137E+04
  0.50100000E+01  0.92088685E+03  0.16439741E+04
  0.50200000E+01  0.92559093E+03  0.16448361E+04
  0.50300000E+01  0.93033262E+03  0.16457103E+04
  0.50400000E+01  0.93512428E+03  0.16466070E+04
  0.50500000E+01  0.93997217E+03  0.16475352E+04
  0.50600000E+01  0.94487798E+03  0.16485026E+04
  0.50700000E+01  0.94984079E+03  0.16495150E+04
  0.50800000E+01  0.95485778E+03  0.16505766E+04
  0.50900000E+01  0.95992266E+03  0.16516921E+04
  0.51000000E+01  0.96502811E+03  0.16528656E+04
  0.51100000E+01  0.97017127E+03  0.16540992E+04
  0.51200000E+01  0.97536497E+03  0.16554017E+04
  0.51300000E+01  0.98060349E+03  0.16567841E+04
  0.51400000E+01  0.98587583E+03  0.16582539E+04
  0.51500000E+01  0.99117274E+03  0.16598172E+04
  0.51600000E+01  0.99648733E+03  0.16614794E+04
  0.51700000E+01  0.10018155E+04  0.16632454E+04
  0.51800000E+01  0.10071572E+04  0.16651196E+04
  0.51900000E+01  0.10125185E+04  0.16671061E+04
  0.52000000E+01  0.10179138E+04  0.16692096E+04
  0.52100000E+01  0.10233660E+04  0.16714353E+04
  0.52200000E+01  0.10289048E+04  0.16737905E+04
  0.52300000E+01  0.10345582E+04  0.16762857E+04
  0.52400000E+01  0.10403394E+04  0.16789371E+04
  0.52500000E+01  0.10462330E+04  0.16817692E+04
  0.52600000E+01  0.10521898E+04  0.16848145E+04
  0.52700000E+01  0.10581367E+04  0.16881040E+04
  0.52800000E+01  0.10640025E+04  0.16916435E+04
  0.52900000E+01  0.10697483E+04  0.16953961E+04
  0.53000000E+01  0.10753855E+04  0.16993093E+04
  0.53100000E+01  0.10809718E+04  0.17033646E+04
  0.53200000E+01  0.10865851E+04  0.17075880E+04
  0.53300000E+01  0.10922917E+04  0.17120256E+04
  0.53400000E+01  0.10981232E+04  0.17167226E+04
  0.53500000E+01  0.11040696E+04  0.17217163E+04
  0.53600000E+01  0.11100863E+04  0.17270359E+04
  0.53700000E+01  0.11161061E+04  0.17327036E+04
  0.53800000E+01  0.11220477E+04  0.17387365E+04
  0.53900000E+01  0.11278184E+04  0.17451465E+04
  0.54000000E+01  0.11333108E+04  0.17519421E+04
  0.54100000E+01  0.11383981E+04  0.17591287E+04
  0.54200000E+01  0.11429288E+04  0.17667084E+04
  0.54300000E+01  0.11467253E+04  0.17746798E+04
  0.54400000E+01  0.11495862E+04  0.17830355E+04
  0.54500000E+01  0.11512949E+04  0.17917580E+04
  0.54600000E+01  0.11516337E+04  0.18008144E+04
  0.54700000E+01  0.11504030E+04  0.18101489E+04
  0.54800000E+01  0.11474427E+04  0.18196758E+04
  0.54900000E+01  0.11426532E+04  0.18292763E+04
  0.55000000E+01  0.11360105E+04  0.18388049E+04
  0.55100000E+01  0.11275736E+04  0.18481072E+04
  0.55200000E+01  0.11174806E+04  0.18570470E+04
  0.55300000E+01  0.11059346E+04  0.18655286E+04
  0.55400000E+01  0.10931811E+04  0.18735029E+04
  0.55500000E+01  0.10794814E+04  0.18809580E+04
  0.55600000E+01  0.10650872E+04  0.18879036E+04
  0.55700000E+01  0.10502200E+04  0.18943597E+04
  0.55800000E+01  0.10350583E+04  0.19003508E+04
  0.55900000E+01  0.10197347E+04  0.19059046E+04
  0.56000000E+01  0.10043305E+04  0.19110484E+04
  0.56100000E+01  0.98890075E+03  0.19158073E+04
  0.56200000E+01  0.97346824E+03  0.19202058E+04
  0.56300000E+01  0.95803938E+03  0.19242646E+04
  0.56400000E+01  0.94261171E+03  0.19280022E+04
  0.56500000E+01  0.92717872E+03  0.19314352E+04
  0.56600000E+01  0.91173306E+03  0.19345792E+04
  0.56700000E+01  0.89626791E+03  0.19374485E+04
  0.56800000E+01  0.88077741E+03  0.19400557E+04
  0.56900000E+01  0.86525664E+03  0.19424115E+04
  0.57000000E+01  0.84970154E+03  0.19445248E+04
  0.57100000E+01  0.83410891E+03  0.19464026E+04
  0.57200000E+01  0.81847650E+03  0.19480509E+04
  0.57300000E+01  0.80280311E+03  0.19494748E+04
  0.57400000E+01  0.78708872E+03  0.19506788E+04
  0.57500000E+01  0.77133451E+03  0.19516673E+04
  0.57600000E+01  0.75554293E+03  0.19524441E+04
  0.57700000E+01  0.73971753E+03  0.19530125E+04
  0.57800000E+01  0.72386298E+03  0.19533749E+04
  0.57900000E+01  0.70798492E+03  0.19535331E+04
  0.58000000E+01  0.69208998E+03  0.19534880E+04
  0.58100000E+01  0.67618565E+03  0.19532402E+04
  0.58200000E+01  0.66028035E+03  0.19527899E+04
  0.58300000E+01  0.64438337E+03  0.19521373E+04
  0.58400000E+01  0.62850488E+03  0.19512827E+04
  0.58500000E+01  0.61265587E+03  0.19502264E+04
  0.58600000E+01  0.59684812E+03  0.19489691E+04
  0.58700000E+01  0.58109411E+03  0.19475114E+04
  0.58800000E+01  0.56540695E+03  0.19458538E+04
  0.58900000E+01  0.54980030E+03  0.19439970E+04
  0.59000000E+01  0.53428821E+03  0.19419413E+04
  0.59100000E+01  0.51888507E+03  0.19396870E+04
  0.59200000E+01  0.50360548E+03  0.19372344E+04
  0.59300000E+01  0.48846418E+03  0.19345839E+04
  0.59400000E+01  0.47347589E+03  0.19317364E+04
  0.59500000E+01  0.45865531E+03  0.19286930E+04
  0.59600000E+01  0.44401695E+03  0.19254559E+04
  0.59700000E+01  0.42957510E+03  0.19220278E+04
  0.59800000E+01  0.41534373E+03  0.19184127E+04
  0.59900000E+01  0.40133639E+03  0.19146154E+04
  0.60000000E+01  0.38756612E+03  0.19106416E+04
  0.60100000E+01  0.37404540E+03  0.19064982E+04
  0.60200000E+01  0.36078606E+03  0.19021927E+04
  0.60300000E+01  0.34779918E+03  0.18977334E+04
  0.60400000E+01  0.33509503E+03  0.18931291E+04
  0.60500000E+01  0.32268303E+03  0.18883890E+04
  0.60600000E+01  0.31057167E+03  0.18835226E+04
  0.60700000E+01  0.29876850E+03  0.18785394E+04
  0.60800000E+01  0.28728003E+03  0.18734491E+04
  0.60900000E+01  0.27611179E+03  0.18682609E+04
  0.61000000E+01  0.26526826E+03  0.18629843E+04
  0.61100000E+01  0.25475288E+03  0.18576279E+04
  0.61200000E+01  0.24456807E+03  0.18522005E+04
  0.61300000E+01  0.23471521E+03  0.18467102E+04
  0.61400000E+01  0.22519472E+03  0.18411647E+04
  0.61500000E+01  0.21600603E+03  0.18355715E+04
  0.61600000E+01  0.20714766E+03  0.18299374E+04
  0.61700000E+01  0.19861723E+03  0.18242689E+04
  0.61800000E+01  0.19041153E+03  0.18185721E+04
  0.61900000E+01  0.18252657E+03  0.18128527E+04
  0.62000000E+01  0.17495761E+03  0.18071157E+04
  0.62100000E+01  0.16769926E+03  0.18013663E+04
  0.62200000E+01  0.16074550E+03  0.17956087E+04
  0.62300000E+01  0.15408977E+03  0.17898473E+04
  0.62400000E+01  0.14772503E+03  0.17840858E+04
  0.62500000E+01  0.14164379E+03  0.17783278E+04
  0.62600000E+01  0.13583824E+03  0.17725765E+04
  0.62700000E+01  0.13030026E+03  0.17668347E+04
  0.62800000E+01  0.12502150E+03  0.17611053E+04
  0.62900000E+01  0.11999343E+03  0.17553906E+04
  0.63000000E+01  0.11520741E+03  0.17496928E+04
  0.63100000E+01  0.11065475E+03  0.17440138E+04
  0.63200000E+01  0.10632673E+03  0.17383555E+04
  0.63300000E+01  0.10221470E+03  0.17327194E+04
  0.63400000E+01  0.98310068E+02  0.17271069E+04
  0.63500000E+01  0.94604359E+02  0.17215193E+04
  0.63600000E+01  0.91089264E+02  0.17159576E+04
  0.63700000E+01  0.87756658E+02  0.17104229E+04
  0.63800000E+01  0.84598626E+02  0.17049159E+04
  0.63900000E+01  0.81607487E+02  0.16994375E+04
  0.64000000E+01  0.78775813E+02  0.16939882E+04
  0.64100000E+01  0.76096444E+02  0.16885686E+04
  0.64200000E+01  0.73562498E+02  0.16831791E+04
  0.64300000E+01  0.71167379E+02  0.16778202E+04
  0.64400000E+01  0.68904788E+02  0.16724921E+04
  0.64500000E+01  0.66768718E+02  0.16671951E+04
  0.64600000E+01  0.64753465E+02  0.16619293E+04
  0.64700000E+01  0.62853620E+02  0.16566948E+04
  0.64800000E+01  0.61064074E+02  0.16514918E+04
  0.64900000E+01  0.59380009E+02  0.16463202E+04
  0.65000000E+01  0.57796901E+02  0.16411800E+04
  0.65100000E+01  0.56310511E+02  0.16360712E+04
  0.65200000E+01  0.54916883E+02  0.16309937E+04
  0.65300000E+01  0.53612337E+02  0.16259473E+04
  0.65400000E+01  0.52393463E+02  0.16209321E+04
  0.65500000E+01  0.51257113E+02  0.16159477E+04
  0.65600000E+01  0.50200396E+02  0.16109940E+04
  0.65700000E+01  0.49220669E+02  0.16060709E+04
  0.65800000E+01  0.48315523E+02  0.16011782E+04
  0.65900000E+01  0.47482778E+02  0.15963156E+04
  0.66000000E+01  0.46720470E+02  0.15914828E+04
  0.66100000E+01  0.46026833E+02  0.15866798E+04
  0.66200000E+01  0.45400290E+02  0.15819062E+04
  0.66300000E+01  0.44839434E+02  0.15771619E+04
  0.66400000E+01  0.44343013E+02  0.15724465E+04
  0.66500000E+01  0.43909908E+02  0.15677601E+04
  0.66600000E+01  0.43539115E+02  0.15631025E+04
  0.66700000E+01  0.43229727E+02  0.15584736E+04
  0.66800000E+01  0.42980912E+02  0.15538735E+04
  0.66900000E+01  0.42791890E+02  0.15493024E+04
  0.67000000E+01  0.42661915E+02  0.15447604E+04
  0.67100000E+01  0.42590258E+02  0.15402477E+04
  0.67200000E+01  0.42576186E+02  0.15357648E+04
  0.67300000E+01  0.42618944E+02  0.15313119E+04
  0.67400000E+01  0.42717751E+02  0.15268894E+04
  0.67500000E+01  0.42871779E+02  0.15224977E+04
  0.67600000E+01  0.43080155E+02  0.15181371E+04
  0.67700000E+01  0.43341957E+02  0.15138079E+04
  0.67800000E+01  0.43656211E+02  0.15095103E+04
  0.67900000E+01  0.44021907E+02  0.15052444E+04
  0.68000000E+01  0.44438002E+02  0.15010105E+04
  0.68100000E+01  0.44903443E+02  0.14968084E+04
  0.68200000E+01  0.45417182E+02  0.14926383E+04
  0.68300000E+01  0.45978207E+02  0.14885002E+04
  0.68400000E+01  0.46585571E+02  0.14843940E+04
  0.68500000E+01  0.47238428E+02  0.14803198E+04
  0.68600000E+01  0.47936075E+02  0.14762777E+04
  0.68700000E+01  0.48677994E+02  0.14722678E+04
  0.68800000E+01  0.49463902E+02  0.14682901E+04
  0.68900000E+01  0.50293794E+02  0.14643449E+04
  0.69000000E+01  0.51167997E+02  0.14604323E+04
  0.69100000E+01  0.52087206E+02  0.14565525E+04
  0.69200000E+01  0.53052530E+02  0.14527056E+04
  0.69300000E+01  0.54065530E+02  0.14488918E+04
  0.69400000E+01  0.55128260E+02  0.14451113E+04
  0.69500000E+01  0.56243309E+02  0.14413646E+04
  0.69600000E+01  0.57413860E+02  0.14376518E+04
  0.69700000E+01  0.58643758E+02  0.14339738E+04
  0.69800000E+01  0.59937610E+02  0.14303315E+04
  0.69900000E+01  0.61300940E+02  0.14267263E+04
  0.70000000E+01  0.62740424E+02  0.14231605E+04
