  0.00000000E+00 -0.61727460E-04  0.29280644E-14
  0.10000000E-01 -0.99718384E-04  0.35709018E-03
  0.20000000E-01 -0.19342400E-03  0.39690908E-03
  0.30000000E-01 -0.26069138E-03  0.74844134E-04
  0.40000000E-01 -0.14339434E-03 -0.27306893E-03
  0.50000000E-01  0.96604406E-04 -0.32647013E-03
  0.60000000E-01  0.24371429E-03  0.37085183E-04
  0.70000000E-01  0.19080900E-03  0.47977183E-03
  0.80000000E-01  0.89675277E-04  0.60819578E-03
  0.90000000E-01  0.24667084E-04  0.47660908E-03
  0.10000000E+00 -0.16294743E-04  0.24428566E-03
  0.11000000E+00 -0.38803028E-04  0.27032829E-04
  0.12000000E+00 -0.49284299E-04 -0.10467511E-03
  0.13000000E+00 -0.53633402E-04 -0.15453529E-03
  0.14000000E+00 -0.55510855E-04 -0.15480465E-03
  0.15000000E+00 -0.56298663E-04 -0.13262001E-03
  0.16000000E+00 -0.56411158E-04 -0.10402896E-03
  0.17000000E+00 -0.56114609E-04 -0.77031075E-04
  0.18000000E+00 -0.55653450E-04 -0.54850755E-04
  0.19000000E+00 -0.55214529E-04 -0.38115194E-04
  0.20000000E+00 -0.54917854E-04 -0.26245091E-04
  0.21000000E+00 -0.54830405E-04 -0.18265843E-04
  0.22000000E+00 -0.54983523E-04 -0.13194861E-04
  0.23000000E+00 -0.55386850E-04 -0.10186262E-04
  0.24000000E+00 -0.56038181E-04 -0.85713788E-05
  0.25000000E+00 -0.56930143E-04 -0.78587933E-05
  0.26000000E+00 -0.58054672E-04 -0.77125707E-05
  0.27000000E+00 -0.59405704E-04 -0.79169683E-05
  0.28000000E+00 -0.60980259E-04 -0.83372149E-05
  0.29000000E+00 -0.62778275E-04 -0.88849516E-05
  0.30000000E+00 -0.64802187E-04 -0.94926475E-05
  0.31000000E+00 -0.67057708E-04 -0.10097091E-04
  0.32000000E+00 -0.69556878E-04 -0.10629641E-04
  0.33000000E+00 -0.72322886E-04 -0.11010108E-04
  0.34000000E+00 -0.75394444E-04 -0.11141167E-04
  0.35000000E+00 -0.78827063E-04 -0.10900532E-04
  0.36000000E+00 -0.82689984E-04 -0.10128632E-04
  0.37000000E+00 -0.87059562E-04 -0.86102237E-05
  0.38000000E+00 -0.92011762E-04 -0.60493672E-05
  0.39000000E+00 -0.97617623E-04 -0.20386104E-05
  0.40000000E+00 -0.10394502E-03  0.39750125E-05
  0.41000000E+00 -0.11106694E-03  0.12722368E-04
  0.42000000E+00 -0.11907264E-03  0.25135769E-04
  0.43000000E+00 -0.12807615E-03  0.42353972E-04
  0.44000000E+00 -0.13821908E-03  0.65696781E-04
  0.45000000E+00 -0.14966813E-03  0.96596244E-04
  0.46000000E+00 -0.16261046E-03  0.13647203E-03
  0.47000000E+00 -0.17725071E-03  0.18654194E-03
  0.48000000E+00 -0.19381202E-03  0.24756543E-03
  0.49000000E+00 -0.21254045E-03  0.31952916E-03
  0.50000000E+00 -0.23370945E-03  0.40129842E-03
  0.51000000E+00 -0.25761932E-03  0.49027535E-03
  0.52000000E+00 -0.28458705E-03  0.58212198E-03
  0.53000000E+00 -0.31492300E-03  0.67061810E-03
  0.54000000E+00 -0.34889180E-03  0.74772801E-03
  0.55000000E+00 -0.38665357E-03  0.80393988E-03
  0.56000000E+00 -0.42817943E-03  0.82891614E-03
  0.57000000E+00 -0.47313140E-03  0.81245096E-03
  0.58000000E+00 -0.52069403E-03  0.74567688E-03
  0.59000000E+00 -0.56934754E-03  0.62240350E-03
  0.60000000E+00 -0.61658411E-03  0.44041865E-03
  0.61000000E+00 -0.65859931E-03  0.20254894E-03
  0.62000000E+00 -0.69004261E-03 -0.82727172E-04
  0.63000000E+00 -0.70398765E-03 -0.40128602E-03
  0.64000000E+00 -0.69236020E-03 -0.73408592E-03
  0.65000000E+00 -0.64708057E-03 -0.10586134E-02
  0.66000000E+00 -0.56203339E-03 -0.13509305E-02
  0.67000000E+00 -0.43558368E-03 -0.15880961E-02
  0.68000000E+00 -0.27278405E-03 -0.17506509E-02
  0.69000000E+00 -0.86030949E-04 -0.18248254E-02
  0.70000000E+00  0.10675234E-03 -0.18041481E-02
  0.71000000E+00  0.28615719E-03 -0.16902175E-02
  0.72000000E+00  0.43597281E-03 -0.14925168E-02
  0.73000000E+00  0.54651000E-03 -0.12273029E-02
  0.74000000E+00  0.61543470E-03 -0.91573470E-03
  0.75000000E+00  0.64638072E-03 -0.58151859E-03
  0.76000000E+00  0.64649311E-03 -0.24840656E-03
  0.77000000E+00  0.62405336E-03  0.62114689E-04
  0.78000000E+00  0.58681825E-03  0.33266677E-03
  0.79000000E+00  0.54117382E-03  0.55117737E-03
  0.80000000E+00  0.49190588E-03  0.71134448E-03
  0.81000000E+00  0.44230749E-03  0.81236458E-03
  0.82000000E+00  0.39446972E-03  0.85808773E-03
  0.83000000E+00  0.34962501E-03  0.85586502E-03
  0.84000000E+00  0.30838879E-03  0.81524409E-03
  0.85000000E+00  0.27095279E-03  0.74662175E-03
  0.86000000E+00  0.23725821E-03  0.66009337E-03
  0.87000000E+00  0.20715288E-03  0.56468823E-03
  0.88000000E+00  0.18039287E-03  0.46788656E-03
  0.89000000E+00  0.15666934E-03  0.37530734E-03
  0.90000000E+00  0.13568637E-03  0.29067110E-03
  0.91000000E+00  0.11717753E-03  0.21603192E-03
  0.92000000E+00  0.10090492E-03  0.15211530E-03
  0.93000000E+00  0.86656883E-04  0.98666635E-04
  0.94000000E+00  0.74245945E-04  0.54784454E-04
  0.95000000E+00  0.63508103E-04  0.19215917E-04
  0.96000000E+00  0.54303788E-04 -0.94046919E-05
  0.97000000E+00  0.46519678E-04 -0.32382969E-04
  0.98000000E+00  0.40068374E-04 -0.50857542E-04
  0.99000000E+00  0.34880426E-04 -0.65754229E-04
  0.10000000E+01  0.30883426E-04 -0.77790045E-04
  0.10100000E+01  0.27974312E-04 -0.87509506E-04
  0.10200000E+01  0.26013228E-04 -0.95331869E-04
  0.10300000E+01  0.24858518E-04 -0.10158769E-03
  0.10400000E+01  0.24405340E-04 -0.10652262E-03
  0.10500000E+01  0.24575815E-04 -0.11029707E-03
  0.10600000E+01  0.25267387E-04 -0.11312055E-03
  0.10700000E+01  0.26425738E-04 -0.11525423E-03
  0.10800000E+01  0.28063429E-04 -0.11666666E-03
  0.10900000E+01  0.30045971E-04 -0.11721203E-03
  0.11000000E+01  0.32245845E-04 -0.11690650E-03
  0.11100000E+01  0.34570113E-04 -0.11581073E-03
  0.11200000E+01  0.37060604E-04 -0.11444695E-03
  0.11300000E+01  0.40480319E-04 -0.11097160E-03
  0.11400000E+01  0.43646669E-04 -0.10462650E-03
  0.11500000E+01  0.43701712E-04 -0.95495097E-04
  0.11600000E+01  0.44363821E-04 -0.93869882E-04
  0.11700000E+01  0.45840638E-04 -0.85863425E-04
  0.11800000E+01  0.46602700E-04 -0.79194433E-04
  0.11900000E+01  0.47032540E-04 -0.72086896E-04
  0.12000000E+01  0.47187662E-04 -0.64813073E-04
  0.12100000E+01  0.47111837E-04 -0.57367413E-04
  0.12200000E+01  0.46808109E-04 -0.49756572E-04
  0.12300000E+01  0.46266447E-04 -0.42059297E-04
  0.12400000E+01  0.45508150E-04 -0.34400354E-04
  0.12500000E+01  0.44571662E-04 -0.26917502E-04
  0.12600000E+01  0.43500179E-04 -0.19729050E-04
  0.12700000E+01  0.42299440E-04 -0.12906172E-04
  0.12800000E+01  0.40989474E-04 -0.65149727E-05
  0.12900000E+01  0.39617914E-04 -0.62426374E-06
  0.13000000E+01  0.38209184E-04  0.47189380E-05
  0.13100000E+01  0.36771353E-04  0.94977041E-05
  0.13200000E+01  0.35321244E-04  0.13736652E-04
  0.13300000E+01  0.33892789E-04  0.17381683E-04
  0.13400000E+01  0.32543195E-04  0.20609483E-04
  0.13500000E+01  0.31150161E-04  0.23410914E-04
  0.13600000E+01  0.29747871E-04  0.25553781E-04
  0.13700000E+01  0.28385429E-04  0.27073470E-04
  0.13800000E+01  0.27078777E-04  0.28064215E-04
  0.13900000E+01  0.25838142E-04  0.28580403E-04
  0.14000000E+01  0.24623896E-04  0.28655435E-04
  0.14100000E+01  0.23464496E-04  0.28282445E-04
  0.14200000E+01  0.22382219E-04  0.27526706E-04
  0.14300000E+01  0.21358023E-04  0.26452914E-04
  0.14400000E+01  0.20394153E-04  0.25109095E-04
  0.14500000E+01  0.19483912E-04  0.23544653E-04
  0.14600000E+01  0.18620840E-04  0.21807363E-04
  0.14700000E+01  0.17801501E-04  0.19937961E-04
  0.14800000E+01  0.17024425E-04  0.17971461E-04
  0.14900000E+01  0.16288681E-04  0.15938449E-04
  0.15000000E+01  0.15593723E-04  0.13866448E-04
  0.15100000E+01  0.14939144E-04  0.11782509E-04
  0.15200000E+01  0.14324186E-04  0.97129481E-05
  0.15300000E+01  0.13748219E-04  0.76816431E-05
  0.15400000E+01  0.13210216E-04  0.57136104E-05
  0.15500000E+01  0.12706275E-04  0.38296778E-05
  0.15600000E+01  0.12231864E-04  0.20433385E-05
  0.15700000E+01  0.11783314E-04  0.36362644E-06
  0.15800000E+01  0.11358801E-04 -0.12055946E-05
  0.15900000E+01  0.10958123E-04 -0.26637874E-05
  0.16000000E+01  0.10581815E-04 -0.40113062E-05
  0.16100000E+01  0.10229604E-04 -0.52488454E-05
  0.16200000E+01  0.99005458E-05 -0.63782534E-05
  0.16300000E+01  0.95939621E-05 -0.73991425E-05
  0.16400000E+01  0.93087817E-05 -0.82988714E-05
  0.16500000E+01  0.90370061E-05 -0.90716347E-05
  0.16600000E+01  0.87642448E-05 -0.97689458E-05
  0.16700000E+01  0.85173616E-05 -0.10422323E-04
  0.16800000E+01  0.83009200E-05 -0.10984717E-04
  0.16900000E+01  0.80986131E-05 -0.11431759E-04
  0.17000000E+01  0.78982763E-05 -0.11801949E-04
  0.17100000E+01  0.76964629E-05 -0.12120906E-04
  0.17200000E+01  0.74918837E-05 -0.12407797E-04
  0.17300000E+01  0.72884430E-05 -0.12682315E-04
  0.17400000E+01  0.70926160E-05 -0.12959035E-04
  0.17500000E+01  0.69077661E-05 -0.13246578E-04
  0.17600000E+01  0.67320637E-05 -0.13553854E-04
  0.17700000E+01  0.65687368E-05 -0.13887324E-04
  0.17800000E+01  0.64231415E-05 -0.14230654E-04
  0.17900000E+01  0.62880698E-05 -0.14580719E-04
  0.18000000E+01  0.61669250E-05 -0.14985243E-04
  0.18100000E+01  0.60736597E-05 -0.15533054E-04
  0.18200000E+01  0.60565982E-05 -0.16220845E-04
  0.18300000E+01  0.61339542E-05 -0.16623470E-04
  0.18400000E+01  0.61567935E-05 -0.16914383E-04
  0.18500000E+01  0.61697776E-05 -0.16304259E-04
  0.18600000E+01  0.55960575E-05 -0.16245639E-04
  0.18700000E+01  0.51501805E-05 -0.17086869E-04
  0.18800000E+01  0.48443918E-05 -0.18342275E-04
  0.18900000E+01  0.47427292E-05 -0.19839248E-04
  0.19000000E+01  0.48573806E-05 -0.21325173E-04
  0.19100000E+01  0.51273964E-05 -0.22672532E-04
  0.19200000E+01  0.54905894E-05 -0.23868575E-04
  0.19300000E+01  0.59091690E-05 -0.24955057E-04
  0.19400000E+01  0.63825269E-05 -0.25977268E-04
  0.19500000E+01  0.69170465E-05 -0.26965034E-04
  0.19600000E+01  0.75190572E-05 -0.27934796E-04
  0.19700000E+01  0.81844089E-05 -0.28897048E-04
  0.19800000E+01  0.90682023E-05 -0.29938232E-04
  0.19900000E+01  0.10001979E-04 -0.30739495E-04
  0.20000000E+01  0.11025678E-04 -0.31323866E-04
  0.20100000E+01  0.12092953E-04 -0.31962901E-04
  0.20200000E+01  0.13281535E-04 -0.32591328E-04
  0.20300000E+01  0.14591228E-04 -0.33205826E-04
  0.20400000E+01  0.16042776E-04 -0.33827191E-04
  0.20500000E+01  0.17647893E-04 -0.34469753E-04
  0.20600000E+01  0.19425642E-04 -0.35100251E-04
  0.20700000E+01  0.21388096E-04 -0.35527587E-04
  0.20800000E+01  0.23531486E-04 -0.35169025E-04
  0.20900000E+01  0.25807538E-04 -0.32712400E-04
  0.21000000E+01  0.28059413E-04 -0.25967664E-04
  0.21100000E+01  0.29894449E-04 -0.12671040E-04
  0.21200000E+01  0.30464249E-04  0.72421646E-05
  0.21300000E+01  0.28249218E-04  0.29644124E-04
  0.21400000E+01  0.21548785E-04  0.47977575E-04
  0.21500000E+01  0.10643050E-04  0.57836416E-04
  0.21600000E+01 -0.17655855E-05  0.58146869E-04
  0.21700000E+01 -0.12877615E-04  0.48627276E-04
  0.21800000E+01 -0.19757798E-04  0.30150006E-04
  0.21900000E+01 -0.22039929E-04  0.73097093E-05
  0.22000000E+01 -0.21321679E-04 -0.13227986E-04
  0.22100000E+01 -0.19104790E-04 -0.27153086E-04
  0.22200000E+01 -0.16356830E-04 -0.33815913E-04
  0.22300000E+01 -0.13971896E-04 -0.34316631E-04
  0.22400000E+01 -0.14302096E-04 -0.34232573E-04
  0.22500000E+01 -0.10800490E-04 -0.43529466E-04
  0.22600000E+01 -0.72097736E-05 -0.38092227E-04
  0.22700000E+01 -0.60172036E-05 -0.36847905E-04
  0.22800000E+01 -0.40780360E-05 -0.37748415E-04
  0.22900000E+01 -0.25086544E-05 -0.36506746E-04
  0.23000000E+01  0.23399600E-05 -0.36603088E-04
  0.23100000E+01  0.31717334E-05 -0.30133800E-04
  0.23200000E+01  0.35951151E-05 -0.28111325E-04
  0.23300000E+01  0.48214459E-05 -0.26760486E-04
  0.23400000E+01  0.51571546E-05 -0.25239005E-04
  0.23500000E+01  0.58445007E-05 -0.23377695E-04
  0.23600000E+01  0.63931527E-05 -0.21631178E-04
  0.23700000E+01  0.68109492E-05 -0.19965566E-04
  0.23800000E+01  0.71273183E-05 -0.18408792E-04
  0.23900000E+01  0.73563749E-05 -0.17011036E-04
  0.24000000E+01  0.75296343E-05 -0.15794208E-04
  0.24100000E+01  0.76674689E-05 -0.14741770E-04
  0.24200000E+01  0.77825633E-05 -0.13836327E-04
  0.24300000E+01  0.78823947E-05 -0.13059043E-04
  0.24400000E+01  0.79707902E-05 -0.12389988E-04
  0.24500000E+01  0.80497650E-05 -0.11809846E-04
  0.24600000E+01  0.81209576E-05 -0.11301220E-04
  0.24700000E+01  0.81859815E-05 -0.10849704E-04
  0.24800000E+01  0.82460899E-05 -0.10444615E-04
  0.24900000E+01  0.83020452E-05 -0.10077352E-04
  0.25000000E+01  0.83542111E-05 -0.97394718E-05
  0.25100000E+01  0.84019231E-05 -0.94266745E-05
  0.25200000E+01  0.84411837E-05 -0.91370065E-05
  0.25300000E+01  0.84681766E-05 -0.88885722E-05
  0.25400000E+01  0.84992835E-05 -0.86902460E-05
  0.25500000E+01  0.85357965E-05 -0.85215699E-05
  0.25600000E+01  0.85745993E-05 -0.83703001E-05
  0.25700000E+01  0.86145052E-05 -0.82366024E-05
  0.25800000E+01  0.86550511E-05 -0.81188186E-05
  0.25900000E+01  0.86960312E-05 -0.80145850E-05
  0.26000000E+01  0.87373236E-05 -0.79221859E-05
  0.26100000E+01  0.87787993E-05 -0.78402797E-05
  0.26200000E+01  0.88202673E-05 -0.77676355E-05
  0.26300000E+01  0.88615040E-05 -0.77030679E-05
  0.26400000E+01  0.89023563E-05 -0.76454401E-05
  0.26500000E+01  0.89428524E-05 -0.75936569E-05
  0.26600000E+01  0.89832525E-05 -0.75466441E-05
  0.26700000E+01  0.90240199E-05 -0.75033456E-05
  0.26800000E+01  0.90657429E-05 -0.74627610E-05
  0.26900000E+01  0.91090509E-05 -0.74235314E-05
  0.27000000E+01  0.91541926E-05 -0.73842935E-05
  0.27100000E+01  0.92014626E-05 -0.73441492E-05
  0.27200000E+01  0.92510784E-05 -0.73017351E-05
  0.27300000E+01  0.93031387E-05 -0.72556579E-05
  0.27400000E+01  0.93577014E-05 -0.72045773E-05
  0.27500000E+01  0.94147861E-05 -0.71471772E-05
  0.27600000E+01  0.94743397E-05 -0.70821713E-05
  0.27700000E+01  0.95361816E-05 -0.70082920E-05
  0.27800000E+01  0.95999539E-05 -0.69242701E-05
  0.27900000E+01  0.96650965E-05 -0.68288259E-05
  0.28000000E+01  0.97308506E-05 -0.67207086E-05
  0.28100000E+01  0.97962894E-05 -0.65988234E-05
  0.28200000E+01  0.98603574E-05 -0.64624685E-05
  0.28300000E+01  0.99219003E-05 -0.63116543E-05
  0.28400000E+01  0.99796754E-05 -0.61474003E-05
  0.28500000E+01  0.10032365E-04 -0.59718425E-05
  0.28600000E+01  0.10078668E-04 -0.57879840E-05
  0.28700000E+01  0.10117546E-04 -0.55990478E-05
  0.28800000E+01  0.10148652E-04 -0.54076455E-05
  0.28900000E+01  0.10172680E-04 -0.52152454E-05
  0.29000000E+01  0.10191127E-04 -0.50225439E-05
  0.29100000E+01  0.10204960E-04 -0.48311270E-05
  0.29200000E+01  0.10212857E-04 -0.46460035E-05
  0.29300000E+01  0.10211397E-04 -0.44773753E-05
  0.29400000E+01  0.10199046E-04 -0.43392928E-05
  0.29500000E+01  0.10180804E-04 -0.42441031E-05
  0.29600000E+01  0.10167540E-04 -0.41949647E-05
  0.29700000E+01  0.10169405E-04 -0.41812417E-05
  0.29800000E+01  0.10189154E-04 -0.41804969E-05
  0.29900000E+01  0.10223385E-04 -0.41672977E-05
  0.30000000E+01  0.10267075E-04 -0.41253999E-05
  0.30100000E+01  0.10314797E-04 -0.40570284E-05
  0.30200000E+01  0.10358835E-04 -0.39837341E-05
  0.30300000E+01  0.10391601E-04 -0.39348990E-05
  0.30400000E+01  0.10418380E-04 -0.39243834E-05
  0.30500000E+01  0.10461065E-04 -0.39327817E-05
  0.30600000E+01  0.10531514E-04 -0.39223587E-05
  0.30700000E+01  0.10608616E-04 -0.38827892E-05
  0.30800000E+01  0.10656500E-04 -0.38526546E-05
  0.30900000E+01  0.10682877E-04 -0.38690579E-05
  0.31000000E+01  0.10740177E-04 -0.39056572E-05
  0.31100000E+01  0.10795520E-04 -0.41525425E-05
  0.31200000E+01  0.11274244E-04 -0.37954037E-05
  0.31300000E+01  0.11341001E-04 -0.35984466E-05
  0.31400000E+01  0.11444193E-04 -0.33616503E-05
  0.31500000E+01  0.11565107E-04 -0.31199193E-05
  0.31600000E+01  0.11686675E-04 -0.28331677E-05
  0.31700000E+01  0.11800690E-04 -0.25072621E-05
  0.31800000E+01  0.11904526E-04 -0.21525199E-05
  0.31900000E+01  0.11998762E-04 -0.17777254E-05
  0.32000000E+01  0.12084250E-04 -0.13877809E-05
  0.32100000E+01  0.12162175E-04 -0.98424131E-06
  0.32200000E+01  0.12233434E-04 -0.56659496E-06
  0.32300000E+01  0.12298938E-04 -0.13305106E-06
  0.32400000E+01  0.12359973E-04  0.31918136E-06
  0.32500000E+01  0.12416005E-04  0.79375630E-06
  0.32600000E+01  0.12465863E-04  0.12952884E-05
  0.32700000E+01  0.12510613E-04  0.18307809E-05
  0.32800000E+01  0.12549997E-04  0.24140515E-05
  0.32900000E+01  0.12580209E-04  0.30704682E-05
  0.33000000E+01  0.12596689E-04  0.38255626E-05
  0.33100000E+01  0.12588403E-04  0.46612444E-05
  0.33200000E+01  0.12541783E-04  0.54849874E-05
  0.33300000E+01  0.12483196E-04  0.62335328E-05
  0.33400000E+01  0.12475543E-04  0.70723464E-05
  0.33500000E+01  0.12501466E-04  0.83473451E-05
  0.33600000E+01  0.12383070E-04  0.10256370E-04
  0.33700000E+01  0.12164438E-04  0.12490443E-04
  0.33800000E+01  0.11653970E-04  0.15531443E-04
  0.33900000E+01  0.97272763E-05  0.19142046E-04
  0.34000000E+01  0.72481474E-05  0.18730364E-04
  0.34100000E+01  0.62151419E-05  0.15434892E-04
  0.34200000E+01  0.57243899E-05  0.14329082E-04
  0.34300000E+01  0.53744336E-05  0.13503601E-04
  0.34400000E+01  0.51086100E-05  0.12832320E-04
  0.34500000E+01  0.48915549E-05  0.12291982E-04
  0.34600000E+01  0.47061764E-05  0.11806725E-04
  0.34700000E+01  0.45477493E-05  0.11361376E-04
  0.34800000E+01  0.44097389E-05  0.10968613E-04
  0.34900000E+01  0.42877973E-05  0.10630534E-04
  0.35000000E+01  0.41828953E-05  0.10339165E-04
  0.35100000E+01  0.40935735E-05  0.10085593E-04
  0.35200000E+01  0.40157475E-05  0.98642162E-05
  0.35300000E+01  0.39494512E-05  0.96731782E-05
  0.35400000E+01  0.38953128E-05  0.95134199E-05
  0.35500000E+01  0.38505459E-05  0.93875427E-05
  0.35600000E+01  0.38130219E-05  0.92988299E-05
  0.35700000E+01  0.37811896E-05  0.92504182E-05
  0.35800000E+01  0.37526915E-05  0.92445459E-05
  0.35900000E+01  0.37247116E-05  0.92819196E-05
  0.36000000E+01  0.36927565E-05  0.93615333E-05
  0.36100000E+01  0.36525444E-05  0.94807534E-05
  0.36200000E+01  0.36010788E-05  0.96349857E-05
  0.36300000E+01  0.35353854E-05  0.98175372E-05
  0.36400000E+01  0.34532717E-05  0.10020044E-04
  0.36500000E+01  0.33537418E-05  0.10233401E-04
  0.36600000E+01  0.32363589E-05  0.10448930E-04
  0.36700000E+01  0.31010845E-05  0.10659318E-04
  0.36800000E+01  0.29484053E-05  0.10858851E-04
  0.36900000E+01  0.27796315E-05  0.11042964E-04
  0.37000000E+01  0.25970490E-05  0.11207583E-04
  0.37100000E+01  0.24035402E-05  0.11348780E-04
  0.37200000E+01  0.22017667E-05  0.11462912E-04
  0.37300000E+01  0.19935807E-05  0.11547063E-04
  0.37400000E+01  0.17800933E-05  0.11599450E-04
  0.37500000E+01  0.15621617E-05  0.11619562E-04
  0.37600000E+01  0.13408451E-05  0.11608015E-04
  0.37700000E+01  0.11175848E-05  0.11566275E-04
  0.37800000E+01  0.89407719E-06  0.11496493E-04
  0.37900000E+01  0.67192773E-06  0.11401391E-04
  0.38000000E+01  0.45224708E-06  0.11283729E-04
  0.38100000E+01  0.23540775E-06  0.11145180E-04
  0.38200000E+01  0.21355950E-07  0.10987321E-04
  0.38300000E+01 -0.18945202E-06  0.10816610E-04
  0.38400000E+01 -0.39744103E-06  0.10633542E-04
  0.38500000E+01 -0.61174345E-06  0.10510577E-04
  0.38600000E+01 -0.87626894E-06  0.10340897E-04
  0.38700000E+01 -0.11570189E-05  0.97315511E-05
  0.38800000E+01 -0.12920240E-05  0.93334498E-05
  0.38900000E+01 -0.13522478E-05  0.88329386E-05
  0.39000000E+01 -0.14538850E-05  0.84441371E-05
  0.39100000E+01 -0.17983636E-05  0.78119870E-05
  0.39200000E+01 -0.16910975E-05  0.73754728E-05
  0.39300000E+01 -0.16143471E-05  0.71678688E-05
  0.39400000E+01 -0.16362021E-05  0.71593669E-05
  0.39500000E+01 -0.17389611E-05  0.71921728E-05
  0.39600000E+01 -0.18746401E-05  0.71280026E-05
  0.39700000E+01 -0.20099203E-05  0.69192807E-05
  0.39800000E+01 -0.21044061E-05  0.63571644E-05
  0.39900000E+01 -0.20619642E-05  0.66535438E-05
  0.40000000E+01 -0.25070981E-05  0.56795878E-05
  0.40100000E+01 -0.23738155E-05  0.60232321E-05
  0.40200000E+01 -0.25967576E-05  0.55822042E-05
  0.40300000E+01 -0.27494033E-05  0.51799951E-05
  0.40400000E+01 -0.28504696E-05  0.47464304E-05
  0.40500000E+01 -0.29183737E-05  0.43733105E-05
  0.40600000E+01 -0.29879558E-05  0.40879036E-05
  0.40700000E+01 -0.31082525E-05  0.37804129E-05
  0.40800000E+01 -0.32428972E-05  0.32918014E-05
  0.40900000E+01 -0.32831655E-05  0.26802529E-05
  0.41000000E+01 -0.32552885E-05  0.21282784E-05
  0.41100000E+01 -0.32017825E-05  0.16937176E-05
  0.41200000E+01 -0.31379027E-05  0.13372100E-05
  0.41300000E+01 -0.30691498E-05  0.10289565E-05
  0.41400000E+01 -0.29988609E-05  0.76063601E-06
  0.41500000E+01 -0.29304809E-05  0.52822333E-06
  0.41600000E+01 -0.28685284E-05  0.32460090E-06
  0.41700000E+01 -0.28023246E-05  0.38581663E-07
  0.41800000E+01 -0.26325926E-05 -0.99136783E-07
  0.41900000E+01 -0.25634541E-05 -0.14307661E-06
  0.42000000E+01 -0.24901611E-05 -0.25644882E-06
  0.42100000E+01 -0.24090431E-05 -0.34791540E-06
  0.42200000E+01 -0.23256664E-05 -0.41626133E-06
  0.42300000E+01 -0.22433028E-05 -0.46343178E-06
  0.42400000E+01 -0.21632844E-05 -0.49287349E-06
  0.42500000E+01 -0.20859633E-05 -0.50848193E-06
  0.42600000E+01 -0.20114581E-05 -0.51382144E-06
  0.42700000E+01 -0.19398340E-05 -0.51182680E-06
  0.42800000E+01 -0.18710215E-05 -0.50475793E-06
  0.42900000E+01 -0.18048271E-05 -0.49405854E-06
  0.43000000E+01 -0.17411665E-05 -0.48048996E-06
  0.43100000E+01 -0.16800722E-05 -0.46449487E-06
  0.43200000E+01 -0.16216033E-05 -0.44639963E-06
  0.43300000E+01 -0.15657651E-05 -0.42648448E-06
  0.43400000E+01 -0.15124809E-05 -0.40500278E-06
  0.43500000E+01 -0.14616046E-05 -0.38218083E-06
  0.43600000E+01 -0.14129546E-05 -0.35819873E-06
  0.43700000E+01 -0.13663527E-05 -0.33317865E-06
  0.43800000E+01 -0.13216523E-05 -0.30720463E-06
  0.43900000E+01 -0.12787450E-05 -0.28036685E-06
  0.44000000E+01 -0.12375175E-05 -0.25257627E-06
  0.44100000E+01 -0.11977249E-05 -0.22272189E-06
  0.44200000E+01 -0.11591479E-05 -0.18870898E-06
  0.44300000E+01 -0.11218524E-05 -0.14997002E-06
  0.44400000E+01 -0.10885980E-05 -0.80082348E-07
  0.44500000E+01 -0.10706357E-05 -0.67924614E-07
  0.44600000E+01 -0.10441415E-05 -0.33676582E-07
  0.44700000E+01 -0.10197259E-05 -0.38739679E-08
  0.44800000E+01 -0.99608589E-06  0.24824153E-07
  0.44900000E+01 -0.97283410E-06  0.53537522E-07
  0.45000000E+01 -0.95017990E-06  0.85195324E-07
  0.45100000E+01 -0.92867159E-06  0.11883656E-06
  0.45200000E+01 -0.90819805E-06  0.15471654E-06
  0.45300000E+01 -0.88879590E-06  0.19328798E-06
  0.45400000E+01 -0.87052405E-06  0.23502354E-06
  0.45500000E+01 -0.85344389E-06  0.28042914E-06
  0.45600000E+01 -0.83765549E-06  0.32987634E-06
  0.45700000E+01 -0.82332211E-06  0.38344992E-06
  0.45800000E+01 -0.81069652E-06  0.44082838E-06
  0.45900000E+01 -0.80015441E-06  0.50121938E-06
  0.46000000E+01 -0.79218553E-06  0.56337762E-06
  0.46100000E+01 -0.78727529E-06  0.62570374E-06
  0.46200000E+01 -0.78566664E-06  0.68646563E-06
  0.46300000E+01 -0.78708992E-06  0.74436360E-06
  0.46400000E+01 -0.79060825E-06  0.79961423E-06
  0.46500000E+01 -0.79480546E-06  0.85489209E-06
  0.46600000E+01 -0.79895066E-06  0.91448402E-06
  0.46700000E+01 -0.80532043E-06  0.98077651E-06
  0.46800000E+01 -0.81837548E-06  0.10502462E-05
  0.46900000E+01 -0.83990157E-06  0.11140226E-05
  0.47000000E+01 -0.86643490E-06  0.11651252E-05
  0.47100000E+01 -0.89302195E-06  0.12048331E-05
  0.47200000E+01 -0.91835202E-06  0.12400562E-05
  0.47300000E+01 -0.94267294E-06  0.12767637E-05
  0.47400000E+01 -0.96646737E-06  0.13179739E-05
  0.47500000E+01 -0.99052083E-06  0.13652255E-05
  0.47600000E+01 -0.10158577E-05  0.14193766E-05
  0.47700000E+01 -0.10436599E-05  0.14802392E-05
  0.47800000E+01 -0.10752621E-05  0.15460873E-05
  0.47900000E+01 -0.11121884E-05  0.16135328E-05
  0.48000000E+01 -0.11561512E-05  0.16778726E-05
  0.48100000E+01 -0.12089081E-05  0.17325811E-05
  0.48200000E+01 -0.12705655E-05  0.17700843E-05
  0.48300000E+01 -0.13400305E-05  0.17871365E-05
  0.48400000E+01 -0.14152642E-05  0.17802491E-05
  0.48500000E+01 -0.14919929E-05  0.17467190E-05
  0.48600000E+01 -0.15652278E-05  0.16868217E-05
  0.48700000E+01 -0.16308237E-05  0.16032133E-05
  0.48800000E+01 -0.16864924E-05  0.15004352E-05
  0.48900000E+01 -0.17318907E-05  0.13842211E-05
  0.49000000E+01 -0.17680469E-05  0.12606659E-05
  0.49100000E+01 -0.17966564E-05  0.11354209E-05
  0.49200000E+01 -0.18195534E-05  0.10130616E-05
  0.49300000E+01 -0.18383723E-05  0.89672803E-06
  0.49400000E+01 -0.18543346E-05  0.78805741E-06
  0.49500000E+01 -0.18681988E-05  0.68735532E-06
  0.49600000E+01 -0.18803780E-05  0.59390894E-06
  0.49700000E+01 -0.18910999E-05  0.50634626E-06
  0.49800000E+01 -0.19005102E-05  0.42298261E-06
  0.49900000E+01 -0.19086988E-05  0.34213794E-06
  0.50000000E+01 -0.19156790E-05  0.26242393E-06
  0.50100000E+01 -0.19213982E-05  0.18297675E-06
  0.50200000E+01 -0.19257781E-05  0.10356779E-06
  0.50300000E+01 -0.19286893E-05  0.24507792E-07
  0.50400000E+01 -0.19300195E-05 -0.53684649E-07
  0.50500000E+01 -0.19300477E-05 -0.13074512E-06
  0.50600000E+01 -0.19296298E-05 -0.20701324E-06
  0.50700000E+01 -0.19295607E-05 -0.28342221E-06
  0.50800000E+01 -0.19297929E-05 -0.36115213E-06
  0.50900000E+01 -0.19296903E-05 -0.44136106E-06
  0.51000000E+01 -0.19285584E-05 -0.52462602E-06
  0.51100000E+01 -0.19256110E-05 -0.61074798E-06
  0.51200000E+01 -0.19209967E-05 -0.69756755E-06
  0.51300000E+01 -0.19150517E-05 -0.78514389E-06
  0.51400000E+01 -0.19077805E-05 -0.87396769E-06
  0.51500000E+01 -0.18991260E-05 -0.96426789E-06
  0.51600000E+01 -0.18890182E-05 -0.10560424E-05
  0.51700000E+01 -0.18773886E-05 -0.11491739E-05
  0.51800000E+01 -0.18641685E-05 -0.12434679E-05
  0.51900000E+01 -0.18492906E-05 -0.13386320E-05
  0.52000000E+01 -0.18326917E-05 -0.14342318E-05
  0.52100000E+01 -0.18143233E-05 -0.15296712E-05
  0.52200000E+01 -0.17941742E-05 -0.16242607E-05
  0.52300000E+01 -0.17723071E-05 -0.17174264E-05
  0.52400000E+01 -0.17489127E-05 -0.18090441E-05
  0.52500000E+01 -0.17243710E-05 -0.18997621E-05
  0.52600000E+01 -0.16992401E-05 -0.19910791E-05
  0.52700000E+01 -0.16739771E-05 -0.20849878E-05
  0.52800000E+01 -0.16482792E-05 -0.21832188E-05
  0.52900000E+01 -0.16206463E-05 -0.22864102E-05
  0.53000000E+01 -0.15891791E-05 -0.23936479E-05
  0.53100000E+01 -0.15529831E-05 -0.25026805E-05
  0.53200000E+01 -0.15124944E-05 -0.26107642E-05
  0.53300000E+01 -0.14687582E-05 -0.27157065E-05
  0.53400000E+01 -0.14225249E-05 -0.28164856E-05
  0.53500000E+01 -0.13739218E-05 -0.29131136E-05
  0.53600000E+01 -0.13228660E-05 -0.30060231E-05
  0.53700000E+01 -0.12693482E-05 -0.30955410E-05
  0.53800000E+01 -0.12134260E-05 -0.31817246E-05
  0.53900000E+01 -0.11551881E-05 -0.32644433E-05
  0.54000000E+01 -0.10947471E-05 -0.33434975E-05
  0.54100000E+01 -0.10322335E-05 -0.34186729E-05
  0.54200000E+01 -0.96778151E-06 -0.34897254E-05
  0.54300000E+01 -0.90151639E-06 -0.35563283E-05
  0.54400000E+01 -0.83354071E-06 -0.36180118E-05
  0.54500000E+01 -0.76392204E-06 -0.36741173E-05
  0.54600000E+01 -0.69268959E-06 -0.37237846E-05
  0.54700000E+01 -0.61984888E-06 -0.37659837E-05
  0.54800000E+01 -0.54543133E-06 -0.37996009E-05
  0.54900000E+01 -0.46959902E-06 -0.38235729E-05
  0.55000000E+01 -0.39278159E-06 -0.38370510E-05
  0.55100000E+01 -0.31575983E-06 -0.38395622E-05
  0.55200000E+01 -0.23958700E-06 -0.38311291E-05
  0.55300000E+01 -0.16532947E-06 -0.38123199E-05
  0.55400000E+01 -0.93786347E-07 -0.37842118E-05
  0.55500000E+01 -0.25379226E-07 -0.37482766E-05
  0.55600000E+01  0.39777096E-07 -0.37062093E-05
  0.55700000E+01  0.10173814E-06 -0.36597283E-05
  0.55800000E+01  0.16064713E-06 -0.36104245E-05
  0.55900000E+01  0.21677101E-06 -0.35599683E-05
  0.56000000E+01  0.27060047E-06 -0.35095933E-05
  0.56100000E+01  0.32309165E-06 -0.34580004E-05
  0.56200000E+01  0.37316450E-06 -0.34031933E-05
  0.56300000E+01  0.42021416E-06 -0.33481383E-05
  0.56400000E+01  0.46500018E-06 -0.32940364E-05
  0.56500000E+01  0.50780081E-06 -0.32402461E-05
  0.56600000E+01  0.54876274E-06 -0.31866347E-05
  0.56700000E+01  0.58799156E-06 -0.31332106E-05
  0.56800000E+01  0.62557811E-06 -0.30799233E-05
  0.56900000E+01  0.66160722E-06 -0.30267057E-05
  0.57000000E+01  0.69615781E-06 -0.29735119E-05
  0.57100000E+01  0.72929858E-06 -0.29203216E-05
  0.57200000E+01  0.76108892E-06 -0.28671269E-05
  0.57300000E+01  0.79157941E-06 -0.28139202E-05
  0.57400000E+01  0.82081497E-06 -0.27606888E-05
  0.57500000E+01  0.84883540E-06 -0.27074156E-05
  0.57600000E+01  0.87567544E-06 -0.26540822E-05
  0.57700000E+01  0.90136576E-06 -0.26006715E-05
  0.57800000E+01  0.92593027E-06 -0.25471706E-05
  0.57900000E+01  0.94938789E-06 -0.24935717E-05
  0.58000000E+01  0.97175212E-06 -0.24398738E-05
  0.58100000E+01  0.99303370E-06 -0.23860828E-05
  0.58200000E+01  0.10132400E-05 -0.23322119E-05
  0.58300000E+01  0.10323779E-05 -0.22782822E-05
  0.58400000E+01  0.10504533E-05 -0.22243221E-05
  0.58500000E+01  0.10674718E-05 -0.21703680E-05
  0.58600000E+01  0.10834380E-05 -0.21164635E-05
  0.58700000E+01  0.10983547E-05 -0.20626594E-05
  0.58800000E+01  0.11122226E-05 -0.20090129E-05
  0.58900000E+01  0.11250404E-05 -0.19555876E-05
  0.59000000E+01  0.11368033E-05 -0.19024521E-05
  0.59100000E+01  0.11475058E-05 -0.18496797E-05
  0.59200000E+01  0.11571415E-05 -0.17973473E-05
  0.59300000E+01  0.11657055E-05 -0.17455346E-05
  0.59400000E+01  0.11731957E-05 -0.16943233E-05
  0.59500000E+01  0.11796150E-05 -0.16437961E-05
  0.59600000E+01  0.11849725E-05 -0.15940358E-05
  0.59700000E+01  0.11892846E-05 -0.15451246E-05
  0.59800000E+01  0.11925753E-05 -0.14971431E-05
  0.59900000E+01  0.11948763E-05 -0.14501694E-05
  0.60000000E+01  0.11962273E-05 -0.14042787E-05
  0.60100000E+01  0.11966738E-05 -0.13595420E-05
  0.60200000E+01  0.11962667E-05 -0.13160256E-05
  0.60300000E+01  0.11950616E-05 -0.12737907E-05
  0.60400000E+01  0.11931165E-05 -0.12328924E-05
  0.60500000E+01  0.11904915E-05 -0.11933797E-05
  0.60600000E+01  0.11872470E-05 -0.11552947E-05
  0.60700000E+01  0.11834428E-05 -0.11186727E-05
  0.60800000E+01  0.11791379E-05 -0.10835422E-05
  0.60900000E+01  0.11743889E-05 -0.10499242E-05
  0.61000000E+01  0.11692501E-05 -0.10178332E-05
  0.61100000E+01  0.11637727E-05 -0.98727662E-06
  0.61200000E+01  0.11580046E-05 -0.95825572E-06
  0.61300000E+01  0.11519899E-05 -0.93076558E-06
  0.61400000E+01  0.11457693E-05 -0.90479571E-06
  0.61500000E+01  0.11393794E-05 -0.88033053E-06
  0.61600000E+01  0.11328531E-05 -0.85734989E-06
  0.61700000E+01  0.11262197E-05 -0.83582966E-06
  0.61800000E+01  0.11195046E-05 -0.81574233E-06
  0.61900000E+01  0.11127307E-05 -0.79705755E-06
  0.62000000E+01  0.11059174E-05 -0.77974275E-06
  0.62100000E+01  0.10990825E-05 -0.76376365E-06
  0.62200000E+01  0.10922414E-05 -0.74908482E-06
  0.62300000E+01  0.10854081E-05 -0.73567014E-06
  0.62400000E+01  0.10785955E-05 -0.72348326E-06
  0.62500000E+01  0.10718156E-05 -0.71248792E-06
  0.62600000E+01  0.10650796E-05 -0.70264837E-06
  0.62700000E+01  0.10583984E-05 -0.69392953E-06
  0.62800000E+01  0.10517825E-05 -0.68629724E-06
  0.62900000E+01  0.10452414E-05 -0.67971836E-06
  0.63000000E+01  0.10387850E-05 -0.67416081E-06
  0.63100000E+01  0.10324224E-05 -0.66959349E-06
  0.63200000E+01  0.10261630E-05 -0.66598618E-06
  0.63300000E+01  0.10200160E-05 -0.66330925E-06
  0.63400000E+01  0.10139915E-05 -0.66153330E-06
  0.63500000E+01  0.10081001E-05 -0.66062873E-06
  0.63600000E+01  0.10023539E-05 -0.66056501E-06
  0.63700000E+01  0.99676622E-06 -0.66131001E-06
  0.63800000E+01  0.99135208E-06 -0.66282902E-06
  0.63900000E+01  0.98612817E-06 -0.66508369E-06
  0.64000000E+01  0.98111276E-06 -0.66803079E-06
  0.64100000E+01  0.97632539E-06 -0.67162091E-06
  0.64200000E+01  0.97178646E-06 -0.67579698E-06
  0.64300000E+01  0.96751665E-06 -0.68049283E-06
  0.64400000E+01  0.96353653E-06 -0.68563179E-06
  0.64500000E+01  0.95986574E-06 -0.69112535E-06
  0.64600000E+01  0.95652247E-06 -0.69687223E-06
  0.64700000E+01  0.95352293E-06 -0.70275772E-06
  0.64800000E+01  0.95088093E-06 -0.70865368E-06
  0.64900000E+01  0.94860721E-06 -0.71441918E-06
  0.65000000E+01  0.94670937E-06 -0.71990210E-06
  0.65100000E+01  0.94519124E-06 -0.72494172E-06
  0.65200000E+01  0.94405257E-06 -0.72937240E-06
  0.65300000E+01  0.94328894E-06 -0.73302848E-06
  0.65400000E+01  0.94289084E-06 -0.73575030E-06
  0.65500000E+01  0.94284353E-06 -0.73739129E-06
  0.65600000E+01  0.94312580E-06 -0.73782585E-06
  0.65700000E+01  0.94370885E-06 -0.73695788E-06
  0.65800000E+01  0.94455444E-06 -0.73472934E-06
  0.65900000E+01  0.94561239E-06 -0.73112851E-06
  0.66000000E+01  0.94681760E-06 -0.72619741E-06
  0.66100000E+01  0.94808689E-06 -0.72003768E-06
  0.66200000E+01  0.94931594E-06 -0.71281442E-06
  0.66300000E+01  0.95037779E-06 -0.70475742E-06
  0.66400000E+01  0.95112257E-06 -0.69615942E-06
  0.66500000E+01  0.95138154E-06 -0.68737099E-06
  0.66600000E+01  0.95097454E-06 -0.67879197E-06
  0.66700000E+01  0.94972279E-06 -0.67085960E-06
  0.66800000E+01  0.94746606E-06 -0.66403357E-06
  0.66900000E+01  0.94408406E-06 -0.65877865E-06
  0.67000000E+01  0.93951918E-06 -0.65554552E-06
  0.67100000E+01  0.93379825E-06 -0.65475082E-06
  0.67200000E+01  0.92704940E-06 -0.65675742E-06
  0.67300000E+01  0.91950995E-06 -0.66185605E-06
  0.67400000E+01  0.91152242E-06 -0.67024921E-06
  0.67500000E+01  0.90351656E-06 -0.68203858E-06
  0.67600000E+01  0.89597872E-06 -0.69721652E-06
  0.67700000E+01  0.88941157E-06 -0.71566240E-06
  0.67800000E+01  0.88429044E-06 -0.73714397E-06
  0.67900000E+01  0.88102271E-06 -0.76132375E-06
  0.68000000E+01  0.87991627E-06 -0.78777013E-06
  0.68100000E+01  0.88116073E-06 -0.81597256E-06
  0.68200000E+01  0.88482291E-06 -0.84535984E-06
  0.68300000E+01  0.89085507E-06 -0.87532050E-06
  0.68400000E+01  0.89911390E-06 -0.90522408E-06
  0.68500000E+01  0.90938578E-06 -0.93444233E-06
  0.68600000E+01  0.92141472E-06 -0.96236912E-06
  0.68700000E+01  0.93492829E-06 -0.98843854E-06
  0.68800000E+01  0.94965799E-06 -0.10121404E-05
  0.68900000E+01  0.96535142E-06 -0.10330325E-05
  0.69000000E+01  0.98177724E-06 -0.10507499E-05
  0.69100000E+01  0.99872497E-06 -0.10650096E-05
  0.69200000E+01  0.10160041E-05 -0.10756118E-05
  0.69300000E+01  0.10334445E-05 -0.10824359E-05
  0.69400000E+01  0.10508980E-05 -0.10854333E-05
  0.69500000E+01  0.10682363E-05 -0.10846164E-05
  0.69600000E+01  0.10853421E-05 -0.10800452E-05
  0.69700000E+01  0.11020909E-05 -0.10718103E-05
  0.69800000E+01  0.11183310E-05 -0.10600113E-05
  0.69900000E+01  0.11338750E-05 -0.10447245E-05
  0.70000000E+01  0.11485127E-05 -0.10259553E-05
