  0.00000000E+00 -0.45325944E+03  0.37744101E-14
  0.10000000E-01 -0.45248563E+03 -0.57716632E+02
  0.20000000E-01 -0.45023646E+03 -0.11515969E+03
  0.30000000E-01 -0.44059364E+03 -0.21623631E+03
  0.40000000E-01 -0.35987153E+03 -0.24835704E+03
  0.50000000E-01 -0.34488714E+03 -0.15453483E+03
  0.60000000E-01 -0.35432750E+03 -0.13627101E+03
  0.70000000E-01 -0.36468104E+03 -0.15463605E+03
  0.80000000E-01 -0.36216133E+03 -0.17951023E+03
  0.90000000E-01 -0.35351693E+03 -0.19225736E+03
  0.10000000E+00 -0.34358607E+03 -0.20022143E+03
  0.11000000E+00 -0.33318408E+03 -0.20567330E+03
  0.12000000E+00 -0.32286898E+03 -0.20866734E+03
  0.13000000E+00 -0.31332133E+03 -0.20898776E+03
  0.14000000E+00 -0.30519493E+03 -0.20683289E+03
  0.15000000E+00 -0.29856738E+03 -0.20307110E+03
  0.16000000E+00 -0.29310185E+03 -0.19887172E+03
  0.17000000E+00 -0.28842850E+03 -0.19517606E+03
  0.18000000E+00 -0.28429409E+03 -0.19242628E+03
  0.19000000E+00 -0.28054753E+03 -0.19062056E+03
  0.20000000E+00 -0.27709482E+03 -0.18952372E+03
  0.21000000E+00 -0.27387149E+03 -0.18886035E+03
  0.22000000E+00 -0.27083317E+03 -0.18841626E+03
  0.23000000E+00 -0.26795342E+03 -0.18805924E+03
  0.24000000E+00 -0.26522153E+03 -0.18772125E+03
  0.25000000E+00 -0.26263847E+03 -0.18737507E+03
  0.26000000E+00 -0.26021168E+03 -0.18701882E+03
  0.27000000E+00 -0.25794972E+03 -0.18666816E+03
  0.28000000E+00 -0.25585806E+03 -0.18635198E+03
  0.29000000E+00 -0.25393648E+03 -0.18610852E+03
  0.30000000E+00 -0.25217793E+03 -0.18598043E+03
  0.31000000E+00 -0.25056793E+03 -0.18600923E+03
  0.32000000E+00 -0.24908448E+03 -0.18622976E+03
  0.33000000E+00 -0.24769866E+03 -0.18666577E+03
  0.34000000E+00 -0.24637692E+03 -0.18732705E+03
  0.35000000E+00 -0.24508512E+03 -0.18820871E+03
  0.36000000E+00 -0.24379369E+03 -0.18929244E+03
  0.37000000E+00 -0.24248192E+03 -0.19054929E+03
  0.38000000E+00 -0.24113929E+03 -0.19194349E+03
  0.39000000E+00 -0.23976333E+03 -0.19343659E+03
  0.40000000E+00 -0.23835543E+03 -0.19499097E+03
  0.41000000E+00 -0.23691656E+03 -0.19657254E+03
  0.42000000E+00 -0.23544501E+03 -0.19815214E+03
  0.43000000E+00 -0.23393695E+03 -0.19970579E+03
  0.44000000E+00 -0.23238939E+03 -0.20121407E+03
  0.45000000E+00 -0.23080315E+03 -0.20266109E+03
  0.46000000E+00 -0.22918402E+03 -0.20403334E+03
  0.47000000E+00 -0.22754134E+03 -0.20531878E+03
  0.48000000E+00 -0.22588518E+03 -0.20650639E+03
  0.49000000E+00 -0.22422360E+03 -0.20758595E+03
  0.50000000E+00 -0.22256152E+03 -0.20854808E+03
  0.51000000E+00 -0.22090144E+03 -0.20938437E+03
  0.52000000E+00 -0.21924590E+03 -0.21008731E+03
  0.53000000E+00 -0.21760003E+03 -0.21065003E+03
  0.54000000E+00 -0.21597275E+03 -0.21106571E+03
  0.55000000E+00 -0.21437594E+03 -0.21132683E+03
  0.56000000E+00 -0.21282215E+03 -0.21142455E+03
  0.57000000E+00 -0.21132209E+03 -0.21134886E+03
  0.58000000E+00 -0.20988341E+03 -0.21109041E+03
  0.59000000E+00 -0.20851144E+03 -0.21064467E+03
  0.60000000E+00 -0.20721238E+03 -0.21001872E+03
  0.61000000E+00 -0.20599753E+03 -0.20923951E+03
  0.62000000E+00 -0.20488680E+03 -0.20836126E+03
  0.63000000E+00 -0.20390876E+03 -0.20746857E+03
  0.64000000E+00 -0.20309535E+03 -0.20667211E+03
  0.65000000E+00 -0.20246938E+03 -0.20609594E+03
  0.66000000E+00 -0.20202751E+03 -0.20585828E+03
  0.67000000E+00 -0.20173010E+03 -0.20605109E+03
  0.68000000E+00 -0.20151020E+03 -0.20672442E+03
  0.69000000E+00 -0.20129511E+03 -0.20788071E+03
  0.70000000E+00 -0.20102217E+03 -0.20948032E+03
  0.71000000E+00 -0.20064529E+03 -0.21145591E+03
  0.72000000E+00 -0.20013941E+03 -0.21373026E+03
  0.73000000E+00 -0.19950206E+03 -0.21623220E+03
  0.74000000E+00 -0.19874732E+03 -0.21890643E+03
  0.75000000E+00 -0.19789611E+03 -0.22171439E+03
  0.76000000E+00 -0.19697015E+03 -0.22461913E+03
  0.77000000E+00 -0.19599237E+03 -0.22754949E+03
  0.78000000E+00 -0.19499729E+03 -0.23040349E+03
  0.79000000E+00 -0.19406153E+03 -0.23321644E+03
  0.80000000E+00 -0.19329614E+03 -0.23633025E+03
  0.81000000E+00 -0.19258524E+03 -0.24011144E+03
  0.82000000E+00 -0.19167045E+03 -0.24459549E+03
  0.83000000E+00 -0.19054409E+03 -0.24986977E+03
  0.84000000E+00 -0.18910585E+03 -0.25625306E+03
  0.85000000E+00 -0.18685862E+03 -0.26304258E+03
  0.86000000E+00 -0.18345122E+03 -0.26809800E+03
  0.87000000E+00 -0.18016650E+03 -0.27047947E+03
  0.88000000E+00 -0.17769610E+03 -0.27187919E+03
  0.89000000E+00 -0.17547609E+03 -0.27405525E+03
  0.90000000E+00 -0.17317987E+03 -0.27706114E+03
  0.91000000E+00 -0.17075797E+03 -0.28023520E+03
  0.92000000E+00 -0.16824771E+03 -0.28317239E+03
  0.93000000E+00 -0.16569562E+03 -0.28575303E+03
  0.94000000E+00 -0.16313388E+03 -0.28797143E+03
  0.95000000E+00 -0.16058062E+03 -0.28987118E+03
  0.96000000E+00 -0.15805021E+03 -0.29153480E+03
  0.97000000E+00 -0.15556154E+03 -0.29307739E+03
  0.98000000E+00 -0.15313632E+03 -0.29463050E+03
  0.99000000E+00 -0.15078565E+03 -0.29631457E+03
  0.10000000E+01 -0.14849249E+03 -0.29820526E+03
  0.10100000E+01 -0.14620377E+03 -0.30030496E+03
  0.10200000E+01 -0.14384182E+03 -0.30253515E+03
  0.10300000E+01 -0.14133667E+03 -0.30480537E+03
  0.10400000E+01 -0.13864521E+03 -0.30737311E+03
  0.10500000E+01 -0.13560891E+03 -0.31096973E+03
  0.10600000E+01 -0.13150518E+03 -0.31427472E+03
  0.10700000E+01 -0.12674863E+03 -0.31391830E+03
  0.10800000E+01 -0.12328248E+03 -0.31115834E+03
  0.10900000E+01 -0.12050894E+03 -0.30898693E+03
  0.11000000E+01 -0.11801364E+03 -0.30721895E+03
  0.11100000E+01 -0.11582072E+03 -0.30496056E+03
  0.11200000E+01 -0.11423268E+03 -0.30173872E+03
  0.11300000E+01 -0.11416067E+03 -0.29946476E+03
  0.11400000E+01 -0.11451306E+03 -0.30074433E+03
  0.11500000E+01 -0.11407866E+03 -0.30735771E+03
  0.11600000E+01 -0.11025683E+03 -0.31209152E+03
  0.11700000E+01 -0.10726180E+03 -0.31289181E+03
  0.11800000E+01 -0.10437391E+03 -0.31390398E+03
  0.11900000E+01 -0.10155908E+03 -0.31438003E+03
  0.12000000E+01 -0.98903075E+02 -0.31455837E+03
  0.12100000E+01 -0.96409661E+02 -0.31465980E+03
  0.12200000E+01 -0.94019905E+02 -0.31488749E+03
  0.12300000E+01 -0.91639166E+02 -0.31533255E+03
  0.12400000E+01 -0.89175662E+02 -0.31596654E+03
  0.12500000E+01 -0.86587933E+02 -0.31667133E+03
  0.12600000E+01 -0.83892772E+02 -0.31730220E+03
  0.12700000E+01 -0.81137104E+02 -0.31774325E+03
  0.12800000E+01 -0.78372653E+02 -0.31794056E+03
  0.12900000E+01 -0.75638133E+02 -0.31790003E+03
  0.13000000E+01 -0.72954576E+02 -0.31767301E+03
  0.13100000E+01 -0.70308981E+02 -0.31754058E+03
  0.13200000E+01 -0.67476624E+02 -0.31787016E+03
  0.13300000E+01 -0.64197169E+02 -0.31703799E+03
  0.13400000E+01 -0.61434271E+02 -0.31523377E+03
  0.13500000E+01 -0.58873973E+02 -0.31392614E+03
  0.13600000E+01 -0.56385266E+02 -0.31279455E+03
  0.13700000E+01 -0.53901753E+02 -0.31180091E+03
  0.13800000E+01 -0.51397292E+02 -0.31076806E+03
  0.13900000E+01 -0.48908489E+02 -0.30974069E+03
  0.14000000E+01 -0.46388356E+02 -0.30871602E+03
  0.14100000E+01 -0.44084149E+02 -0.30752883E+03
  0.14200000E+01 -0.40954306E+02 -0.30608342E+03
  0.14300000E+01 -0.38307219E+02 -0.30431881E+03
  0.14400000E+01 -0.35702064E+02 -0.30224213E+03
  0.14500000E+01 -0.33220309E+02 -0.29991997E+03
  0.14600000E+01 -0.30878475E+02 -0.29745288E+03
  0.14700000E+01 -0.28658447E+02 -0.29494076E+03
  0.14800000E+01 -0.26533202E+02 -0.29245385E+03
  0.14900000E+01 -0.24480766E+02 -0.29002008E+03
  0.15000000E+01 -0.22488145E+02 -0.28763191E+03
  0.15100000E+01 -0.20551205E+02 -0.28526780E+03
  0.15200000E+01 -0.18674550E+02 -0.28292183E+03
  0.15300000E+01 -0.16868752E+02 -0.28061025E+03
  0.15400000E+01 -0.15146793E+02 -0.27837495E+03
  0.15500000E+01 -0.13503053E+02 -0.27626141E+03
  0.15600000E+01 -0.11899986E+02 -0.27429410E+03
  0.15700000E+01 -0.10289947E+02 -0.27245979E+03
  0.15800000E+01 -0.86519676E+01 -0.27071063E+03
  0.15900000E+01 -0.69938538E+01 -0.26898551E+03
  0.16000000E+01 -0.53322815E+01 -0.26723433E+03
  0.16100000E+01 -0.36800575E+01 -0.26543184E+03
  0.16200000E+01 -0.20443924E+01 -0.26357662E+03
  0.16300000E+01 -0.42863574E+00 -0.26168091E+03
  0.16400000E+01  0.11663949E+01 -0.25975885E+03
  0.16500000E+01  0.27416731E+01 -0.25781833E+03
  0.16600000E+01  0.42985489E+01 -0.25585928E+03
  0.16700000E+01  0.58355468E+01 -0.25387845E+03
  0.16800000E+01  0.73476692E+01 -0.25187479E+03
  0.16900000E+01  0.88307550E+01 -0.24985182E+03
  0.17000000E+01  0.10284431E+02 -0.24781608E+03
  0.17100000E+01  0.11708244E+02 -0.24577016E+03
  0.17200000E+01  0.13100489E+02 -0.24370968E+03
  0.17300000E+01  0.14458252E+02 -0.24162329E+03
  0.17400000E+01  0.15776420E+02 -0.23949854E+03
  0.17500000E+01  0.17044136E+02 -0.23733620E+03
  0.17600000E+01  0.18241928E+02 -0.23514512E+03
  0.17700000E+01  0.19349167E+02 -0.23294557E+03
  0.17800000E+01  0.20357847E+02 -0.23088499E+03
  0.17900000E+01  0.21357495E+02 -0.22908765E+03
  0.18000000E+01  0.22392874E+02 -0.22739037E+03
  0.18100000E+01  0.23407748E+02 -0.22569940E+03
  0.18200000E+01  0.24389505E+02 -0.22415315E+03
  0.18300000E+01  0.25390640E+02 -0.22299906E+03
  0.18400000E+01  0.26564986E+02 -0.22240976E+03
  0.18500000E+01  0.28071660E+02 -0.22193853E+03
  0.18600000E+01  0.29917580E+02 -0.22043017E+03
  0.18700000E+01  0.31508456E+02 -0.21865282E+03
  0.18800000E+01  0.33001861E+02 -0.21670439E+03
  0.18900000E+01  0.34404218E+02 -0.21470574E+03
  0.19000000E+01  0.35762900E+02 -0.21270461E+03
  0.19100000E+01  0.37099271E+02 -0.21068665E+03
  0.19200000E+01  0.38424372E+02 -0.20859194E+03
  0.19300000E+01  0.39723585E+02 -0.20637946E+03
  0.19400000E+01  0.40977514E+02 -0.20406891E+03
  0.19500000E+01  0.42198681E+02 -0.20167966E+03
  0.19600000E+01  0.43391176E+02 -0.19919208E+03
  0.19700000E+01  0.44559030E+02 -0.19657919E+03
  0.19800000E+01  0.45513131E+02 -0.19375691E+03
  0.19900000E+01  0.46471698E+02 -0.19104461E+03
  0.20000000E+01  0.47329299E+02 -0.18845660E+03
  0.20100000E+01  0.48208816E+02 -0.18596306E+03
  0.20200000E+01  0.49070304E+02 -0.18342060E+03
  0.20300000E+01  0.49912156E+02 -0.18087299E+03
  0.20400000E+01  0.50694697E+02 -0.17833411E+03
  0.20500000E+01  0.51468998E+02 -0.17580294E+03
  0.20600000E+01  0.52214318E+02 -0.17327060E+03
  0.20700000E+01  0.52931060E+02 -0.17072979E+03
  0.20800000E+01  0.53618209E+02 -0.16817884E+03
  0.20900000E+01  0.54273108E+02 -0.16561521E+03
  0.21000000E+01  0.54891582E+02 -0.16302603E+03
  0.21100000E+01  0.55466406E+02 -0.16037882E+03
  0.21200000E+01  0.55982056E+02 -0.15762800E+03
  0.21300000E+01  0.56409453E+02 -0.15476682E+03
  0.21400000E+01  0.56688822E+02 -0.15192745E+03
  0.21500000E+01  0.56764463E+02 -0.14939068E+03
  0.21600000E+01  0.56743967E+02 -0.14737587E+03
  0.21700000E+01  0.56846054E+02 -0.14581545E+03
  0.21800000E+01  0.57097292E+02 -0.14442263E+03
  0.21900000E+01  0.57409331E+02 -0.14297597E+03
  0.22000000E+01  0.57722041E+02 -0.14147285E+03
  0.22100000E+01  0.58024366E+02 -0.14004648E+03
  0.22200000E+01  0.58360371E+02 -0.13883684E+03
  0.22300000E+01  0.58824227E+02 -0.13800468E+03
  0.22400000E+01  0.59693793E+02 -0.13748811E+03
  0.22500000E+01  0.60827133E+02 -0.13530116E+03
  0.22600000E+01  0.61395952E+02 -0.13312400E+03
  0.22700000E+01  0.61939309E+02 -0.13126471E+03
  0.22800000E+01  0.62393617E+02 -0.12918932E+03
  0.22900000E+01  0.62732342E+02 -0.12799502E+03
  0.23000000E+01  0.63691409E+02 -0.12721808E+03
  0.23100000E+01  0.64519729E+02 -0.12486028E+03
  0.23200000E+01  0.65071887E+02 -0.12267366E+03
  0.23300000E+01  0.65504529E+02 -0.12060117E+03
  0.23400000E+01  0.65888090E+02 -0.11862146E+03
  0.23500000E+01  0.66248570E+02 -0.11665546E+03
  0.23600000E+01  0.66574456E+02 -0.11464391E+03
  0.23700000E+01  0.66854669E+02 -0.11259425E+03
  0.23800000E+01  0.67091172E+02 -0.11056462E+03
  0.23900000E+01  0.67302095E+02 -0.10855228E+03
  0.24000000E+01  0.67481587E+02 -0.10655769E+03
  0.24100000E+01  0.67630820E+02 -0.10459773E+03
  0.24200000E+01  0.67752216E+02 -0.10267733E+03
  0.24300000E+01  0.67847762E+02 -0.10079586E+03
  0.24400000E+01  0.67918726E+02 -0.98950903E+02
  0.24500000E+01  0.67965671E+02 -0.97140251E+02
  0.24600000E+01  0.67988781E+02 -0.95362783E+02
  0.24700000E+01  0.67988429E+02 -0.93618096E+02
  0.24800000E+01  0.67965674E+02 -0.91905613E+02
  0.24900000E+01  0.67922567E+02 -0.90224685E+02
  0.25000000E+01  0.67862301E+02 -0.88576087E+02
  0.25100000E+01  0.67790232E+02 -0.86954550E+02
  0.25200000E+01  0.67710477E+02 -0.85329653E+02
  0.25300000E+01  0.67603369E+02 -0.83681988E+02
  0.25400000E+01  0.67456979E+02 -0.82048518E+02
  0.25500000E+01  0.67282264E+02 -0.80460142E+02
  0.25600000E+01  0.67085393E+02 -0.78915770E+02
  0.25700000E+01  0.66869200E+02 -0.77411151E+02
  0.25800000E+01  0.66635190E+02 -0.75944852E+02
  0.25900000E+01  0.66384198E+02 -0.74515551E+02
  0.26000000E+01  0.66116753E+02 -0.73122098E+02
  0.26100000E+01  0.65833212E+02 -0.71764057E+02
  0.26200000E+01  0.65533713E+02 -0.70441837E+02
  0.26300000E+01  0.65218271E+02 -0.69156618E+02
  0.26400000E+01  0.64886937E+02 -0.67910219E+02
  0.26500000E+01  0.64539908E+02 -0.66704941E+02
  0.26600000E+01  0.64177591E+02 -0.65543419E+02
  0.26700000E+01  0.63800626E+02 -0.64428504E+02
  0.26800000E+01  0.63409879E+02 -0.63363201E+02
  0.26900000E+01  0.63006408E+02 -0.62350619E+02
  0.27000000E+01  0.62591458E+02 -0.61393936E+02
  0.27100000E+01  0.62166467E+02 -0.60496379E+02
  0.27200000E+01  0.61733071E+02 -0.59661214E+02
  0.27300000E+01  0.61293078E+02 -0.58891761E+02
  0.27400000E+01  0.60848387E+02 -0.58191420E+02
  0.27500000E+01  0.60400924E+02 -0.57563714E+02
  0.27600000E+01  0.59952654E+02 -0.57012336E+02
  0.27700000E+01  0.59505741E+02 -0.56541186E+02
  0.27800000E+01  0.59062810E+02 -0.56154347E+02
  0.27900000E+01  0.58627235E+02 -0.55855930E+02
  0.28000000E+01  0.58203341E+02 -0.55649671E+02
  0.28100000E+01  0.57796457E+02 -0.55538163E+02
  0.28200000E+01  0.57412792E+02 -0.55521665E+02
  0.28300000E+01  0.57059161E+02 -0.55596612E+02
  0.28400000E+01  0.56742652E+02 -0.55754159E+02
  0.28500000E+01  0.56470231E+02 -0.55979335E+02
  0.28600000E+01  0.56248142E+02 -0.56251310E+02
  0.28700000E+01  0.56080902E+02 -0.56544797E+02
  0.28800000E+01  0.55969737E+02 -0.56831940E+02
  0.28900000E+01  0.55910647E+02 -0.57083833E+02
  0.29000000E+01  0.55893447E+02 -0.57271869E+02
  0.29100000E+01  0.55904219E+02 -0.57370861E+02
  0.29200000E+01  0.55930747E+02 -0.57365820E+02
  0.29300000E+01  0.55964728E+02 -0.57260493E+02
  0.29400000E+01  0.55997200E+02 -0.57080646E+02
  0.29500000E+01  0.56018873E+02 -0.56865348E+02
  0.29600000E+01  0.56035027E+02 -0.56648358E+02
  0.29700000E+01  0.56065488E+02 -0.56441850E+02
  0.29800000E+01  0.56119751E+02 -0.56234620E+02
  0.29900000E+01  0.56190547E+02 -0.56005093E+02
  0.30000000E+01  0.56265739E+02 -0.55737933E+02
  0.30100000E+01  0.56335696E+02 -0.55432899E+02
  0.30200000E+01  0.56394516E+02 -0.55103921E+02
  0.30300000E+01  0.56439729E+02 -0.54773843E+02
  0.30400000E+01  0.56472482E+02 -0.54468935E+02
  0.30500000E+01  0.56497466E+02 -0.54212919E+02
  0.30600000E+01  0.56522749E+02 -0.54018179E+02
  0.30700000E+01  0.56559267E+02 -0.53876070E+02
  0.30800000E+01  0.56615515E+02 -0.53757488E+02
  0.30900000E+01  0.56680753E+02 -0.53635501E+02
  0.31000000E+01  0.56715904E+02 -0.53556082E+02
  0.31100000E+01  0.56782146E+02 -0.54272172E+02
  0.31200000E+01  0.57543432E+02 -0.54240720E+02
  0.31300000E+01  0.57801035E+02 -0.53722533E+02
  0.31400000E+01  0.58026251E+02 -0.53529131E+02
  0.31500000E+01  0.58288825E+02 -0.53415003E+02
  0.31600000E+01  0.58585063E+02 -0.53285145E+02
  0.31700000E+01  0.58906095E+02 -0.53126894E+02
  0.31800000E+01  0.59247004E+02 -0.52936234E+02
  0.31900000E+01  0.59606854E+02 -0.52719326E+02
  0.32000000E+01  0.59986857E+02 -0.52487404E+02
  0.32100000E+01  0.60390170E+02 -0.52249438E+02
  0.32200000E+01  0.60821056E+02 -0.52010789E+02
  0.32300000E+01  0.61284717E+02 -0.51772236E+02
  0.32400000E+01  0.61786984E+02 -0.51527248E+02
  0.32500000E+01  0.62334225E+02 -0.51258589E+02
  0.32600000E+01  0.62934336E+02 -0.50937536E+02
  0.32700000E+01  0.63596780E+02 -0.50532966E+02
  0.32800000E+01  0.64333113E+02 -0.50032813E+02
  0.32900000E+01  0.65162545E+02 -0.49445656E+02
  0.33000000E+01  0.66126854E+02 -0.48711747E+02
  0.33100000E+01  0.67312014E+02 -0.47520932E+02
  0.33200000E+01  0.68777970E+02 -0.45227959E+02
  0.33300000E+01  0.70287474E+02 -0.41120765E+02
  0.33400000E+01  0.71345150E+02 -0.34960493E+02
  0.33500000E+01  0.71581004E+02 -0.27122591E+02
  0.33600000E+01  0.70820655E+02 -0.18037112E+02
  0.33700000E+01  0.68727089E+02 -0.86012330E+01
  0.33800000E+01  0.64699860E+02 -0.17639686E+01
  0.33900000E+01  0.60026859E+02 -0.38667345E+00
  0.34000000E+01  0.56663924E+02 -0.27747173E+01
  0.34100000E+01  0.54621623E+02 -0.60060955E+01
  0.34200000E+01  0.53320476E+02 -0.82241933E+01
  0.34300000E+01  0.52369551E+02 -0.94461766E+01
  0.34400000E+01  0.51607948E+02 -0.10193641E+02
  0.34500000E+01  0.50962485E+02 -0.10756984E+02
  0.34600000E+01  0.50395906E+02 -0.11210628E+02
  0.34700000E+01  0.49886398E+02 -0.11557424E+02
  0.34800000E+01  0.49419570E+02 -0.11801244E+02
  0.34900000E+01  0.48985900E+02 -0.11958501E+02
  0.35000000E+01  0.48578641E+02 -0.12049930E+02
  0.35100000E+01  0.48192352E+02 -0.12092957E+02
  0.35200000E+01  0.47823015E+02 -0.12098986E+02
  0.35300000E+01  0.47467840E+02 -0.12074226E+02
  0.35400000E+01  0.47124419E+02 -0.12021839E+02
  0.35500000E+01  0.46790634E+02 -0.11943876E+02
  0.35600000E+01  0.46464937E+02 -0.11842431E+02
  0.35700000E+01  0.46146203E+02 -0.11720024E+02
  0.35800000E+01  0.45833475E+02 -0.11579450E+02
  0.35900000E+01  0.45525855E+02 -0.11423368E+02
  0.36000000E+01  0.45222583E+02 -0.11254207E+02
  0.36100000E+01  0.44923318E+02 -0.11073589E+02
  0.36200000E+01  0.44627703E+02 -0.10882047E+02
  0.36300000E+01  0.44335325E+02 -0.10679533E+02
  0.36400000E+01  0.44045683E+02 -0.10465382E+02
  0.36500000E+01  0.43758090E+02 -0.10238710E+02
  0.36600000E+01  0.43471576E+02 -0.99988748E+01
  0.36700000E+01  0.43184961E+02 -0.97458771E+01
  0.36800000E+01  0.42897047E+02 -0.94805863E+01
  0.36900000E+01  0.42606725E+02 -0.92047524E+01
  0.37000000E+01  0.42312994E+02 -0.89208327E+01
  0.37100000E+01  0.42014981E+02 -0.86317221E+01
  0.37200000E+01  0.41712019E+02 -0.83404795E+01
  0.37300000E+01  0.41403769E+02 -0.80501032E+01
  0.37400000E+01  0.41090299E+02 -0.77633681E+01
  0.37500000E+01  0.40772088E+02 -0.74827102E+01
  0.37600000E+01  0.40449965E+02 -0.72101467E+01
  0.37700000E+01  0.40125001E+02 -0.69472257E+01
  0.37800000E+01  0.39798349E+02 -0.66949951E+01
  0.37900000E+01  0.39471083E+02 -0.64539592E+01
  0.38000000E+01  0.39144060E+02 -0.62239800E+01
  0.38100000E+01  0.38817895E+02 -0.60042348E+01
  0.38200000E+01  0.38492958E+02 -0.57937788E+01
  0.38300000E+01  0.38169338E+02 -0.55920219E+01
  0.38400000E+01  0.37847166E+02 -0.53942301E+01
  0.38500000E+01  0.37530590E+02 -0.52228856E+01
  0.38600000E+01  0.37243593E+02 -0.49658315E+01
  0.38700000E+01  0.36898227E+02 -0.47389255E+01
  0.38800000E+01  0.36565562E+02 -0.45196797E+01
  0.38900000E+01  0.36224266E+02 -0.42787440E+01
  0.39000000E+01  0.35888072E+02 -0.40810894E+01
  0.39100000E+01  0.35403088E+02 -0.39901553E+01
  0.39200000E+01  0.35079086E+02 -0.39064016E+01
  0.39300000E+01  0.34747388E+02 -0.38308454E+01
  0.39400000E+01  0.34421251E+02 -0.37512810E+01
  0.39500000E+01  0.34099235E+02 -0.36641296E+01
  0.39600000E+01  0.33780390E+02 -0.35735234E+01
  0.39700000E+01  0.33464990E+02 -0.34831161E+01
  0.39800000E+01  0.33153451E+02 -0.33990987E+01
  0.39900000E+01  0.32852540E+02 -0.33120540E+01
  0.40000000E+01  0.32548963E+02 -0.31932490E+01
  0.40100000E+01  0.32236512E+02 -0.30795669E+01
  0.40200000E+01  0.31912099E+02 -0.29906330E+01
  0.40300000E+01  0.31598850E+02 -0.29267409E+01
  0.40400000E+01  0.31295419E+02 -0.28500688E+01
  0.40500000E+01  0.30992266E+02 -0.27455709E+01
  0.40600000E+01  0.30682431E+02 -0.26173560E+01
  0.40700000E+01  0.30357651E+02 -0.24984597E+01
  0.40800000E+01  0.30026903E+02 -0.24241590E+01
  0.40900000E+01  0.29713009E+02 -0.23822393E+01
  0.41000000E+01  0.29410764E+02 -0.23328628E+01
  0.41100000E+01  0.29110108E+02 -0.22587252E+01
  0.41200000E+01  0.28806058E+02 -0.21634611E+01
  0.41300000E+01  0.28495204E+02 -0.20519828E+01
  0.41400000E+01  0.28173719E+02 -0.19296395E+01
  0.41500000E+01  0.27836706E+02 -0.18088079E+01
  0.41600000E+01  0.27479634E+02 -0.17105060E+01
  0.41700000E+01  0.27104287E+02 -0.16587499E+01
  0.41800000E+01  0.26725188E+02 -0.16700483E+01
  0.41900000E+01  0.26363552E+02 -0.17440615E+01
  0.42000000E+01  0.26032272E+02 -0.18619980E+01
  0.42100000E+01  0.25730330E+02 -0.19944587E+01
  0.42200000E+01  0.25449308E+02 -0.21135963E+01
  0.42300000E+01  0.25180603E+02 -0.22019576E+01
  0.42400000E+01  0.24917465E+02 -0.22542387E+01
  0.42500000E+01  0.24655146E+02 -0.22738299E+01
  0.42600000E+01  0.24390901E+02 -0.22682135E+01
  0.42700000E+01  0.24123531E+02 -0.22456727E+01
  0.42800000E+01  0.23852776E+02 -0.22135974E+01
  0.42900000E+01  0.23578811E+02 -0.21778517E+01
  0.43000000E+01  0.23302012E+02 -0.21425440E+01
  0.43100000E+01  0.23022764E+02 -0.21101653E+01
  0.43200000E+01  0.22741411E+02 -0.20820870E+01
  0.43300000E+01  0.22458246E+02 -0.20589161E+01
  0.43400000E+01  0.22173468E+02 -0.20408188E+01
  0.43500000E+01  0.21887190E+02 -0.20278506E+01
  0.43600000E+01  0.21599459E+02 -0.20201854E+01
  0.43700000E+01  0.21310290E+02 -0.20182426E+01
  0.43800000E+01  0.21019704E+02 -0.20227523E+01
  0.43900000E+01  0.20727748E+02 -0.20348044E+01
  0.44000000E+01  0.20434519E+02 -0.20559113E+01
  0.44100000E+01  0.20140146E+02 -0.20881017E+01
  0.44200000E+01  0.19844640E+02 -0.21338560E+01
  0.44300000E+01  0.19547156E+02 -0.21969358E+01
  0.44400000E+01  0.19273567E+02 -0.22863934E+01
  0.44500000E+01  0.18981881E+02 -0.23519907E+01
  0.44600000E+01  0.18693072E+02 -0.24398819E+01
  0.44700000E+01  0.18403703E+02 -0.25370426E+01
  0.44800000E+01  0.18112962E+02 -0.26497390E+01
  0.44900000E+01  0.17820894E+02 -0.27826395E+01
  0.45000000E+01  0.17527679E+02 -0.29394328E+01
  0.45100000E+01  0.17233611E+02 -0.31239325E+01
  0.45200000E+01  0.16939069E+02 -0.33403075E+01
  0.45300000E+01  0.16644546E+02 -0.35931071E+01
  0.45400000E+01  0.16350697E+02 -0.38872783E+01
  0.45500000E+01  0.16058423E+02 -0.42279954E+01
  0.45600000E+01  0.15768984E+02 -0.46201818E+01
  0.45700000E+01  0.15484140E+02 -0.50676491E+01
  0.45800000E+01  0.15206373E+02 -0.55719187E+01
  0.45900000E+01  0.14939139E+02 -0.61310390E+01
  0.46000000E+01  0.14686967E+02 -0.67389469E+01
  0.46100000E+01  0.14455038E+02 -0.73859416E+01
  0.46200000E+01  0.14247779E+02 -0.80605030E+01
  0.46300000E+01  0.14066753E+02 -0.87519821E+01
  0.46400000E+01  0.13909965E+02 -0.94530118E+01
  0.46500000E+01  0.13774430E+02 -0.10160620E+02
  0.46600000E+01  0.13659886E+02 -0.10875517E+02
  0.46700000E+01  0.13570402E+02 -0.11596822E+02
  0.46800000E+01  0.13513172E+02 -0.12309771E+02
  0.46900000E+01  0.13491173E+02 -0.12982188E+02
  0.47000000E+01  0.13486444E+02 -0.13591578E+02
  0.47100000E+01  0.13476885E+02 -0.14153243E+02
  0.47200000E+01  0.13465245E+02 -0.14702067E+02
  0.47300000E+01  0.13459845E+02 -0.15256182E+02
  0.47400000E+01  0.13464911E+02 -0.15811905E+02
  0.47500000E+01  0.13481818E+02 -0.16359167E+02
  0.47600000E+01  0.13510385E+02 -0.16890466E+02
  0.47700000E+01  0.13549595E+02 -0.17401476E+02
  0.47800000E+01  0.13598087E+02 -0.17889829E+02
  0.47900000E+01  0.13654458E+02 -0.18354019E+02
  0.48000000E+01  0.13716943E+02 -0.18793142E+02
  0.48100000E+01  0.13783695E+02 -0.19208253E+02
  0.48200000E+01  0.13853890E+02 -0.19602326E+02
  0.48300000E+01  0.13927256E+02 -0.19977358E+02
  0.48400000E+01  0.14003271E+02 -0.20335438E+02
  0.48500000E+01  0.14081879E+02 -0.20679075E+02
  0.48600000E+01  0.14163302E+02 -0.21010087E+02
  0.48700000E+01  0.14247906E+02 -0.21329538E+02
  0.48800000E+01  0.14336099E+02 -0.21637720E+02
  0.48900000E+01  0.14428201E+02 -0.21934104E+02
  0.49000000E+01  0.14524321E+02 -0.22217424E+02
  0.49100000E+01  0.14624200E+02 -0.22485997E+02
  0.49200000E+01  0.14726986E+02 -0.22738253E+02
  0.49300000E+01  0.14831080E+02 -0.22973319E+02
  0.49400000E+01  0.14934472E+02 -0.23191444E+02
  0.49500000E+01  0.15035611E+02 -0.23394078E+02
  0.49600000E+01  0.15133938E+02 -0.23583586E+02
  0.49700000E+01  0.15229650E+02 -0.23762721E+02
  0.49800000E+01  0.15323283E+02 -0.23934096E+02
  0.49900000E+01  0.15415464E+02 -0.24099821E+02
  0.50000000E+01  0.15506645E+02 -0.24261380E+02
  0.50100000E+01  0.15596969E+02 -0.24419702E+02
  0.50200000E+01  0.15686445E+02 -0.24575388E+02
  0.50300000E+01  0.15775061E+02 -0.24729033E+02
  0.50400000E+01  0.15862571E+02 -0.24881597E+02
  0.50500000E+01  0.15948320E+02 -0.25034593E+02
  0.50600000E+01  0.16031594E+02 -0.25189825E+02
  0.50700000E+01  0.16112445E+02 -0.25348833E+02
  0.50800000E+01  0.16191897E+02 -0.25513324E+02
  0.50900000E+01  0.16271040E+02 -0.25686972E+02
  0.51000000E+01  0.16352204E+02 -0.25871275E+02
  0.51100000E+01  0.16438605E+02 -0.26066376E+02
  0.51200000E+01  0.16530279E+02 -0.26260795E+02
  0.51300000E+01  0.16625202E+02 -0.26453927E+02
  0.51400000E+01  0.16723203E+02 -0.26647315E+02
  0.51500000E+01  0.16824410E+02 -0.26841878E+02
  0.51600000E+01  0.16929026E+02 -0.27037945E+02
  0.51700000E+01  0.17037275E+02 -0.27235705E+02
  0.51800000E+01  0.17149379E+02 -0.27435382E+02
  0.51900000E+01  0.17265559E+02 -0.27637285E+02
  0.52000000E+01  0.17386040E+02 -0.27841825E+02
  0.52100000E+01  0.17511060E+02 -0.28049521E+02
  0.52200000E+01  0.17640877E+02 -0.28260983E+02
  0.52300000E+01  0.17775794E+02 -0.28476868E+02
  0.52400000E+01  0.17916171E+02 -0.28697820E+02
  0.52500000E+01  0.18062447E+02 -0.28924388E+02
  0.52600000E+01  0.18215159E+02 -0.29156970E+02
  0.52700000E+01  0.18374913E+02 -0.29395808E+02
  0.52800000E+01  0.18542311E+02 -0.29641037E+02
  0.52900000E+01  0.18717904E+02 -0.29892743E+02
  0.53000000E+01  0.18902302E+02 -0.30151012E+02
  0.53100000E+01  0.19096349E+02 -0.30415895E+02
  0.53200000E+01  0.19301133E+02 -0.30687313E+02
  0.53300000E+01  0.19517890E+02 -0.30964912E+02
  0.53400000E+01  0.19747901E+02 -0.31247925E+02
  0.53500000E+01  0.19992424E+02 -0.31535092E+02
  0.53600000E+01  0.20252628E+02 -0.31824599E+02
  0.53700000E+01  0.20529531E+02 -0.32114002E+02
  0.53800000E+01  0.20823945E+02 -0.32400103E+02
  0.53900000E+01  0.21136469E+02 -0.32678781E+02
  0.54000000E+01  0.21467504E+02 -0.32944797E+02
  0.54100000E+01  0.21817280E+02 -0.33191609E+02
  0.54200000E+01  0.22185846E+02 -0.33411227E+02
  0.54300000E+01  0.22573036E+02 -0.33594214E+02
  0.54400000E+01  0.22978344E+02 -0.33729890E+02
  0.54500000E+01  0.23400714E+02 -0.33806836E+02
  0.54600000E+01  0.23838220E+02 -0.33813705E+02
  0.54700000E+01  0.24287666E+02 -0.33740295E+02
  0.54800000E+01  0.24744202E+02 -0.33578752E+02
  0.54900000E+01  0.25201164E+02 -0.33324708E+02
  0.55000000E+01  0.25650436E+02 -0.32978127E+02
  0.55100000E+01  0.26083516E+02 -0.32543643E+02
  0.55200000E+01  0.26493050E+02 -0.32030302E+02
  0.55300000E+01  0.26874107E+02 -0.31450687E+02
  0.55400000E+01  0.27224532E+02 -0.30819601E+02
  0.55500000E+01  0.27544356E+02 -0.30152526E+02
  0.55600000E+01  0.27834867E+02 -0.29464156E+02
  0.55700000E+01  0.28097897E+02 -0.28767232E+02
  0.55800000E+01  0.28335475E+02 -0.28071613E+02
  0.55900000E+01  0.28549051E+02 -0.27383334E+02
  0.56000000E+01  0.28740920E+02 -0.26711483E+02
  0.56100000E+01  0.28914164E+02 -0.26054101E+02
  0.56200000E+01  0.29069535E+02 -0.25412283E+02
  0.56300000E+01  0.29208483E+02 -0.24786334E+02
  0.56400000E+01  0.29332376E+02 -0.24175482E+02
  0.56500000E+01  0.29442404E+02 -0.23578637E+02
  0.56600000E+01  0.29539649E+02 -0.22994746E+02
  0.56700000E+01  0.29625094E+02 -0.22422853E+02
  0.56800000E+01  0.29699618E+02 -0.21862088E+02
  0.56900000E+01  0.29763988E+02 -0.21311665E+02
  0.57000000E+01  0.29818864E+02 -0.20770867E+02
  0.57100000E+01  0.29864810E+02 -0.20239040E+02
  0.57200000E+01  0.29902318E+02 -0.19715592E+02
  0.57300000E+01  0.29931826E+02 -0.19199995E+02
  0.57400000E+01  0.29953736E+02 -0.18691788E+02
  0.57500000E+01  0.29968419E+02 -0.18190574E+02
  0.57600000E+01  0.29976216E+02 -0.17696022E+02
  0.57700000E+01  0.29977433E+02 -0.17207854E+02
  0.57800000E+01  0.29972337E+02 -0.16725849E+02
  0.57900000E+01  0.29961154E+02 -0.16249825E+02
  0.58000000E+01  0.29944074E+02 -0.15779645E+02
  0.58100000E+01  0.29921255E+02 -0.15315208E+02
  0.58200000E+01  0.29892834E+02 -0.14856446E+02
  0.58300000E+01  0.29858936E+02 -0.14403329E+02
  0.58400000E+01  0.29819679E+02 -0.13955858E+02
  0.58500000E+01  0.29775179E+02 -0.13514065E+02
  0.58600000E+01  0.29725550E+02 -0.13078014E+02
  0.58700000E+01  0.29670906E+02 -0.12647798E+02
  0.58800000E+01  0.29611350E+02 -0.12223532E+02
  0.58900000E+01  0.29546983E+02 -0.11805357E+02
  0.59000000E+01  0.29477891E+02 -0.11393430E+02
  0.59100000E+01  0.29404154E+02 -0.10987922E+02
  0.59200000E+01  0.29325844E+02 -0.10589017E+02
  0.59300000E+01  0.29243029E+02 -0.10196908E+02
  0.59400000E+01  0.29155779E+02 -0.98117910E+01
  0.59500000E+01  0.29064173E+02 -0.94338678E+01
  0.59600000E+01  0.28968301E+02 -0.90633393E+01
  0.59700000E+01  0.28868272E+02 -0.87004050E+01
  0.59800000E+01  0.28764215E+02 -0.83452605E+01
  0.59900000E+01  0.28656283E+02 -0.79980952E+01
  0.60000000E+01  0.28544650E+02 -0.76590901E+01
  0.60100000E+01  0.28429512E+02 -0.73284156E+01
  0.60200000E+01  0.28311084E+02 -0.70062292E+01
  0.60300000E+01  0.28189596E+02 -0.66926734E+01
  0.60400000E+01  0.28065291E+02 -0.63878740E+01
  0.60500000E+01  0.27938420E+02 -0.60919377E+01
  0.60600000E+01  0.27809237E+02 -0.58049511E+01
  0.60700000E+01  0.27677997E+02 -0.55269791E+01
  0.60800000E+01  0.27544953E+02 -0.52580640E+01
  0.60900000E+01  0.27410351E+02 -0.49982246E+01
  0.61000000E+01  0.27274430E+02 -0.47474560E+01
  0.61100000E+01  0.27137419E+02 -0.45057290E+01
  0.61200000E+01  0.26999535E+02 -0.42729910E+01
  0.61300000E+01  0.26860985E+02 -0.40491653E+01
  0.61400000E+01  0.26721962E+02 -0.38341528E+01
  0.61500000E+01  0.26582644E+02 -0.36278318E+01
  0.61600000E+01  0.26443200E+02 -0.34300597E+01
  0.61700000E+01  0.26303784E+02 -0.32406737E+01
  0.61800000E+01  0.26164535E+02 -0.30594922E+01
  0.61900000E+01  0.26025585E+02 -0.28863162E+01
  0.62000000E+01  0.25887049E+02 -0.27209307E+01
  0.62100000E+01  0.25749034E+02 -0.25631064E+01
  0.62200000E+01  0.25611634E+02 -0.24126011E+01
  0.62300000E+01  0.25474935E+02 -0.22691616E+01
  0.62400000E+01  0.25339011E+02 -0.21325252E+01
  0.62500000E+01  0.25203926E+02 -0.20024218E+01
  0.62600000E+01  0.25069736E+02 -0.18785753E+01
  0.62700000E+01  0.24936490E+02 -0.17607052E+01
  0.62800000E+01  0.24804226E+02 -0.16485290E+01
  0.62900000E+01  0.24672976E+02 -0.15417631E+01
  0.63000000E+01  0.24542765E+02 -0.14401248E+01
  0.63100000E+01  0.24413611E+02 -0.13433338E+01
  0.63200000E+01  0.24285528E+02 -0.12511137E+01
  0.63300000E+01  0.24158522E+02 -0.11631931E+01
  0.63400000E+01  0.24032597E+02 -0.10793074E+01
  0.63500000E+01  0.23907752E+02 -0.99919929E+00
  0.63600000E+01  0.23783982E+02 -0.92262049E+00
  0.63700000E+01  0.23661278E+02 -0.84933216E+00
  0.63800000E+01  0.23539628E+02 -0.77910599E+00
  0.63900000E+01  0.23419020E+02 -0.71172480E+00
  0.64000000E+01  0.23299435E+02 -0.64698318E+00
  0.64100000E+01  0.23180855E+02 -0.58468790E+00
  0.64200000E+01  0.23063258E+02 -0.52465832E+00
  0.64300000E+01  0.22946621E+02 -0.46672665E+00
  0.64400000E+01  0.22830919E+02 -0.41073806E+00
  0.64500000E+01  0.22716127E+02 -0.35655076E+00
  0.64600000E+01  0.22602217E+02 -0.30403601E+00
  0.64700000E+01  0.22489163E+02 -0.25307801E+00
  0.64800000E+01  0.22376937E+02 -0.20357370E+00
  0.64900000E+01  0.22265511E+02 -0.15543255E+00
  0.65000000E+01  0.22154859E+02 -0.10857628E+00
  0.65100000E+01  0.22044954E+02 -0.62938488E-01
  0.65200000E+01  0.21935771E+02 -0.18464267E-01
  0.65300000E+01  0.21827284E+02  0.24890235E-01
  0.65400000E+01  0.21719470E+02  0.67158309E-01
  0.65500000E+01  0.21612305E+02  0.10836322E+00
  0.65600000E+01  0.21505768E+02  0.14851880E+00
  0.65700000E+01  0.21399838E+02  0.18763004E+00
  0.65800000E+01  0.21294495E+02  0.22569382E+00
  0.65900000E+01  0.21189721E+02  0.26269964E+00
  0.66000000E+01  0.21085498E+02  0.29863037E+00
  0.66100000E+01  0.20981812E+02  0.33346317E+00
  0.66200000E+01  0.20878647E+02  0.36717033E+00
  0.66300000E+01  0.20775994E+02  0.39972032E+00
  0.66400000E+01  0.20673842E+02  0.43107871E+00
  0.66500000E+01  0.20572186E+02  0.46120935E+00
  0.66600000E+01  0.20471026E+02  0.49007537E+00
  0.66700000E+01  0.20370365E+02  0.51764038E+00
  0.66800000E+01  0.20270208E+02  0.54386957E+00
  0.66900000E+01  0.20170570E+02  0.56873087E+00
  0.67000000E+01  0.20071465E+02  0.59219603E+00
  0.67100000E+01  0.19972912E+02  0.61424172E+00
  0.67200000E+01  0.19874935E+02  0.63485049E+00
  0.67300000E+01  0.19777557E+02  0.65401173E+00
  0.67400000E+01  0.19680803E+02  0.67172246E+00
  0.67500000E+01  0.19584700E+02  0.68798802E+00
  0.67600000E+01  0.19489274E+02  0.70282268E+00
  0.67700000E+01  0.19394552E+02  0.71625000E+00
  0.67800000E+01  0.19300558E+02  0.72830311E+00
  0.67900000E+01  0.19207320E+02  0.73902484E+00
  0.68000000E+01  0.19114859E+02  0.74846759E+00
  0.68100000E+01  0.19023201E+02  0.75669312E+00
  0.68200000E+01  0.18932365E+02  0.76377214E+00
  0.68300000E+01  0.18842372E+02  0.76978371E+00
  0.68400000E+01  0.18753239E+02  0.77481446E+00
  0.68500000E+01  0.18664981E+02  0.77895773E+00
  0.68600000E+01  0.18577612E+02  0.78231250E+00
  0.68700000E+01  0.18491141E+02  0.78498227E+00
  0.68800000E+01  0.18405577E+02  0.78707382E+00
  0.68900000E+01  0.18320923E+02  0.78869601E+00
  0.69000000E+01  0.18237179E+02  0.78995855E+00
  0.69100000E+01  0.18154344E+02  0.79097086E+00
  0.69200000E+01  0.18072407E+02  0.79184106E+00
  0.69300000E+01  0.17991355E+02  0.79267502E+00
  0.69400000E+01  0.17911168E+02  0.79357565E+00
  0.69500000E+01  0.17831823E+02  0.79464229E+00
  0.69600000E+01  0.17753293E+02  0.79597024E+00
  0.69700000E+01  0.17675549E+02  0.79765054E+00
  0.69800000E+01  0.17598564E+02  0.79976983E+00
  0.69900000E+01  0.17522312E+02  0.80241023E+00
  0.70000000E+01  0.17446772E+02  0.80564917E+00
