  0.00000000E+00 -0.26745376E+03  0.71709803E-15
  0.10000000E-01 -0.26706540E+03 -0.93045797E+01
  0.20000000E-01 -0.26599640E+03 -0.17513628E+02
  0.30000000E-01 -0.26466746E+03 -0.21995609E+02
  0.40000000E-01 -0.26488033E+03 -0.12334844E+02
  0.50000000E-01 -0.27489109E+03  0.93404931E+01
  0.60000000E-01 -0.29979996E+03 -0.73483038E+01
  0.70000000E-01 -0.30736859E+03 -0.64975841E+02
  0.80000000E-01 -0.30087752E+03 -0.10754076E+03
  0.90000000E-01 -0.29132548E+03 -0.12699685E+03
  0.10000000E+00 -0.28244778E+03 -0.13614479E+03
  0.11000000E+00 -0.27492172E+03 -0.14090497E+03
  0.12000000E+00 -0.26841027E+03 -0.14386785E+03
  0.13000000E+00 -0.26268768E+03 -0.14586929E+03
  0.14000000E+00 -0.25764853E+03 -0.14688224E+03
  0.15000000E+00 -0.25320196E+03 -0.14690428E+03
  0.16000000E+00 -0.24925151E+03 -0.14618170E+03
  0.17000000E+00 -0.24570716E+03 -0.14506365E+03
  0.18000000E+00 -0.24249581E+03 -0.14385873E+03
  0.19000000E+00 -0.23956319E+03 -0.14278006E+03
  0.20000000E+00 -0.23687014E+03 -0.14194485E+03
  0.21000000E+00 -0.23438732E+03 -0.14139523E+03
  0.22000000E+00 -0.23209127E+03 -0.14112387E+03
  0.23000000E+00 -0.22996218E+03 -0.14109668E+03
  0.24000000E+00 -0.22798310E+03 -0.14127014E+03
  0.25000000E+00 -0.22613957E+03 -0.14160265E+03
  0.26000000E+00 -0.22441932E+03 -0.14206077E+03
  0.27000000E+00 -0.22281171E+03 -0.14262142E+03
  0.28000000E+00 -0.22130701E+03 -0.14327139E+03
  0.29000000E+00 -0.21989553E+03 -0.14400524E+03
  0.30000000E+00 -0.21856683E+03 -0.14482260E+03
  0.31000000E+00 -0.21730914E+03 -0.14572552E+03
  0.32000000E+00 -0.21610904E+03 -0.14671625E+03
  0.33000000E+00 -0.21495168E+03 -0.14779566E+03
  0.34000000E+00 -0.21382149E+03 -0.14896220E+03
  0.35000000E+00 -0.21270350E+03 -0.15021157E+03
  0.36000000E+00 -0.21158490E+03 -0.15153676E+03
  0.37000000E+00 -0.21045655E+03 -0.15292843E+03
  0.38000000E+00 -0.20931392E+03 -0.15437557E+03
  0.39000000E+00 -0.20815718E+03 -0.15586622E+03
  0.40000000E+00 -0.20699026E+03 -0.15738822E+03
  0.41000000E+00 -0.20581916E+03 -0.15892996E+03
  0.42000000E+00 -0.20465003E+03 -0.16048095E+03
  0.43000000E+00 -0.20348744E+03 -0.16203224E+03
  0.44000000E+00 -0.20233319E+03 -0.16357678E+03
  0.45000000E+00 -0.20118610E+03 -0.16510947E+03
  0.46000000E+00 -0.20004246E+03 -0.16662721E+03
  0.47000000E+00 -0.19889717E+03 -0.16812879E+03
  0.48000000E+00 -0.19774518E+03 -0.16961467E+03
  0.49000000E+00 -0.19658279E+03 -0.17108678E+03
  0.50000000E+00 -0.19540867E+03 -0.17254824E+03
  0.51000000E+00 -0.19422415E+03 -0.17400294E+03
  0.52000000E+00 -0.19303291E+03 -0.17545501E+03
  0.53000000E+00 -0.19184010E+03 -0.17690786E+03
  0.54000000E+00 -0.19065113E+03 -0.17836241E+03
  0.55000000E+00 -0.18947051E+03 -0.17981425E+03
  0.56000000E+00 -0.18830106E+03 -0.18124945E+03
  0.57000000E+00 -0.18714372E+03 -0.18263941E+03
  0.58000000E+00 -0.18599833E+03 -0.18393658E+03
  0.59000000E+00 -0.18486549E+03 -0.18507439E+03
  0.60000000E+00 -0.18374969E+03 -0.18597595E+03
  0.61000000E+00 -0.18266400E+03 -0.18657500E+03
  0.62000000E+00 -0.18163611E+03 -0.18684803E+03
  0.63000000E+00 -0.18071500E+03 -0.18684935E+03
  0.64000000E+00 -0.17997434E+03 -0.18673354E+03
  0.65000000E+00 -0.17950243E+03 -0.18674862E+03
  0.66000000E+00 -0.17936274E+03 -0.18719113E+03
  0.67000000E+00 -0.17952459E+03 -0.18833120E+03
  0.68000000E+00 -0.17981846E+03 -0.19033240E+03
  0.69000000E+00 -0.17999758E+03 -0.19319859E+03
  0.70000000E+00 -0.17987596E+03 -0.19677101E+03
  0.71000000E+00 -0.17940317E+03 -0.20077713E+03
  0.72000000E+00 -0.17863054E+03 -0.20491063E+03
  0.73000000E+00 -0.17764451E+03 -0.20891026E+03
  0.74000000E+00 -0.17652532E+03 -0.21261057E+03
  0.75000000E+00 -0.17533180E+03 -0.21595348E+03
  0.76000000E+00 -0.17409949E+03 -0.21896733E+03
  0.77000000E+00 -0.17284571E+03 -0.22173011E+03
  0.78000000E+00 -0.17157654E+03 -0.22433335E+03
  0.79000000E+00 -0.17029245E+03 -0.22685713E+03
  0.80000000E+00 -0.16899123E+03 -0.22935848E+03
  0.81000000E+00 -0.16766911E+03 -0.23187024E+03
  0.82000000E+00 -0.16632103E+03 -0.23440549E+03
  0.83000000E+00 -0.16494041E+03 -0.23696366E+03
  0.84000000E+00 -0.16351915E+03 -0.23953592E+03
  0.85000000E+00 -0.16204792E+03 -0.24210918E+03
  0.86000000E+00 -0.16051728E+03 -0.24466893E+03
  0.87000000E+00 -0.15891963E+03 -0.24720114E+03
  0.88000000E+00 -0.15725163E+03 -0.24969376E+03
  0.89000000E+00 -0.15551637E+03 -0.25213761E+03
  0.90000000E+00 -0.15372447E+03 -0.25452688E+03
  0.91000000E+00 -0.15189315E+03 -0.25685879E+03
  0.92000000E+00 -0.15004329E+03 -0.25913273E+03
  0.93000000E+00 -0.14819468E+03 -0.26134866E+03
  0.94000000E+00 -0.14636103E+03 -0.26350525E+03
  0.95000000E+00 -0.14454636E+03 -0.26559816E+03
  0.96000000E+00 -0.14274448E+03 -0.26761876E+03
  0.97000000E+00 -0.14094225E+03 -0.26955379E+03
  0.98000000E+00 -0.13912579E+03 -0.27138617E+03
  0.99000000E+00 -0.13728747E+03 -0.27309749E+03
  0.10000000E+01 -0.13543107E+03 -0.27467721E+03
  0.10100000E+01 -0.13357136E+03 -0.27616427E+03
  0.10200000E+01 -0.13172313E+03 -0.27778185E+03
  0.10300000E+01 -0.12986589E+03 -0.28012171E+03
  0.10400000E+01 -0.12784412E+03 -0.28387020E+03
  0.10500000E+01 -0.12515560E+03 -0.28855844E+03
  0.10600000E+01 -0.12109739E+03 -0.29178708E+03
  0.10700000E+01 -0.11649688E+03 -0.29132509E+03
  0.10800000E+01 -0.11318759E+03 -0.28793567E+03
  0.10900000E+01 -0.11105303E+03 -0.28436931E+03
  0.11000000E+01 -0.10938133E+03 -0.28219850E+03
  0.11100000E+01 -0.10786200E+03 -0.28112306E+03
  0.11200000E+01 -0.10648309E+03 -0.27978911E+03
  0.11300000E+01 -0.10699203E+03 -0.27908292E+03
  0.11400000E+01 -0.10638458E+03 -0.28159077E+03
  0.11500000E+01 -0.10553030E+03 -0.28488694E+03
  0.11600000E+01 -0.10255300E+03 -0.28916506E+03
  0.11700000E+01 -0.10051610E+03 -0.28933965E+03
  0.11800000E+01 -0.98573643E+02 -0.29102769E+03
  0.11900000E+01 -0.96457073E+02 -0.29236306E+03
  0.12000000E+01 -0.94263156E+02 -0.29339132E+03
  0.12100000E+01 -0.92041566E+02 -0.29415293E+03
  0.12200000E+01 -0.89821653E+02 -0.29468207E+03
  0.12300000E+01 -0.87622287E+02 -0.29501174E+03
  0.12400000E+01 -0.85454671E+02 -0.29517195E+03
  0.12500000E+01 -0.83323803E+02 -0.29519038E+03
  0.12600000E+01 -0.81230931E+02 -0.29509423E+03
  0.12700000E+01 -0.79176943E+02 -0.29491107E+03
  0.12800000E+01 -0.77165282E+02 -0.29466760E+03
  0.12900000E+01 -0.75206604E+02 -0.29438558E+03
  0.13000000E+01 -0.73333004E+02 -0.29407565E+03
  0.13100000E+01 -0.71638712E+02 -0.29378369E+03
  0.13200000E+01 -0.69510302E+02 -0.29716092E+03
  0.13300000E+01 -0.65172899E+02 -0.29380295E+03
  0.13400000E+01 -0.63539054E+02 -0.29214324E+03
  0.13500000E+01 -0.61734533E+02 -0.29126992E+03
  0.13600000E+01 -0.59926951E+02 -0.29032546E+03
  0.13700000E+01 -0.58145956E+02 -0.28936616E+03
  0.13800000E+01 -0.56445862E+02 -0.28829330E+03
  0.13900000E+01 -0.54927861E+02 -0.28710136E+03
  0.14000000E+01 -0.53752234E+02 -0.28586164E+03
  0.14100000E+01 -0.54066737E+02 -0.28460992E+03
  0.14200000E+01 -0.53791288E+02 -0.28333562E+03
  0.14300000E+01 -0.71827581E+02 -0.28203262E+03
  0.14400000E+01 -0.35268704E+02 -0.28068355E+03
  0.14500000E+01 -0.29106237E+02 -0.27927981E+03
  0.14600000E+01 -0.33525338E+02 -0.27781843E+03
  0.14700000E+01 -0.33407596E+02 -0.27630087E+03
  0.14800000E+01 -0.32418420E+02 -0.27473157E+03
  0.14900000E+01 -0.31182507E+02 -0.27311660E+03
  0.15000000E+01 -0.29722118E+02 -0.27146253E+03
  0.15100000E+01 -0.28147240E+02 -0.26977575E+03
  0.15200000E+01 -0.26455261E+02 -0.26806194E+03
  0.15300000E+01 -0.24586924E+02 -0.26632588E+03
  0.15400000E+01 -0.22343225E+02 -0.26457135E+03
  0.15500000E+01 -0.20385304E+02 -0.26280122E+03
  0.15600000E+01 -0.16493674E+03 -0.26101765E+03
  0.15700000E+01 -0.25562525E+02 -0.25922225E+03
  0.15800000E+01 -0.21577883E+02 -0.25741633E+03
  0.15900000E+01 -0.19242367E+02 -0.25560111E+03
  0.16000000E+01 -0.17439682E+02 -0.25377776E+03
  0.16100000E+01 -0.15791826E+02 -0.25194753E+03
  0.16200000E+01 -0.14246008E+02 -0.25011166E+03
  0.16300000E+01 -0.12767456E+02 -0.24827129E+03
  0.16400000E+01 -0.11338687E+02 -0.24642729E+03
  0.16500000E+01 -0.99500665E+01 -0.24458013E+03
  0.16600000E+01 -0.85958783E+01 -0.24272983E+03
  0.16700000E+01 -0.72726032E+01 -0.24087610E+03
  0.16800000E+01 -0.59779878E+01 -0.23901880E+03
  0.16900000E+01 -0.47106385E+01 -0.23715603E+03
  0.17000000E+01 -0.34708461E+01 -0.23528809E+03
  0.17100000E+01 -0.22584712E+01 -0.23341574E+03
  0.17200000E+01 -0.10741086E+01 -0.23153932E+03
  0.17300000E+01  0.81405534E-01 -0.22965895E+03
  0.17400000E+01  0.12069656E+01 -0.22777192E+03
  0.17500000E+01  0.23005558E+01 -0.22587322E+03
  0.17600000E+01  0.33575175E+01 -0.22396674E+03
  0.17700000E+01  0.43694806E+01 -0.22208017E+03
  0.17800000E+01  0.53368613E+01 -0.22025630E+03
  0.17900000E+01  0.62805645E+01 -0.21852138E+03
  0.18000000E+01  0.72118836E+01 -0.21688027E+03
  0.18100000E+01  0.81294123E+01 -0.21535449E+03
  0.18200000E+01  0.90409045E+01 -0.21401604E+03
  0.18300000E+01  0.99847393E+01 -0.21294219E+03
  0.18400000E+01  0.11046788E+02 -0.21203646E+03
  0.18500000E+01  0.12324286E+02 -0.21131510E+03
  0.18600000E+01  0.13869106E+02 -0.20952705E+03
  0.18700000E+01  0.15104019E+02 -0.20768473E+03
  0.18800000E+01  0.16301328E+02 -0.20575738E+03
  0.18900000E+01  0.17434157E+02 -0.20376006E+03
  0.19000000E+01  0.18493746E+02 -0.20173270E+03
  0.19100000E+01  0.19499986E+02 -0.19970940E+03
  0.19200000E+01  0.20469747E+02 -0.19771556E+03
  0.19300000E+01  0.21428226E+02 -0.19574902E+03
  0.19400000E+01  0.22371637E+02 -0.19378822E+03
  0.19500000E+01  0.23299887E+02 -0.19181286E+03
  0.19600000E+01  0.24214645E+02 -0.18980285E+03
  0.19700000E+01  0.25138164E+02 -0.18768079E+03
  0.19800000E+01  0.25746183E+02 -0.18541694E+03
  0.19900000E+01  0.26509814E+02 -0.18345400E+03
  0.20000000E+01  0.27236780E+02 -0.18148307E+03
  0.20100000E+01  0.27958218E+02 -0.17954854E+03
  0.20200000E+01  0.28674422E+02 -0.17761408E+03
  0.20300000E+01  0.29374825E+02 -0.17566823E+03
  0.20400000E+01  0.30056093E+02 -0.17371929E+03
  0.20500000E+01  0.30719282E+02 -0.17177583E+03
  0.20600000E+01  0.31366408E+02 -0.16984138E+03
  0.20700000E+01  0.32000856E+02 -0.16791652E+03
  0.20800000E+01  0.32642198E+02 -0.16600089E+03
  0.20900000E+01  0.32180298E+02 -0.16409354E+03
  0.21000000E+01  0.33662291E+02 -0.16219348E+03
  0.21100000E+01  0.34225738E+02 -0.16030271E+03
  0.21200000E+01  0.34743744E+02 -0.15842874E+03
  0.21300000E+01  0.35229325E+02 -0.15658297E+03
  0.21400000E+01  0.35682599E+02 -0.15478208E+03
  0.21500000E+01  0.36100067E+02 -0.15305273E+03
  0.21600000E+01  0.36483252E+02 -0.15142658E+03
  0.21700000E+01  0.36848916E+02 -0.14992438E+03
  0.21800000E+01  0.37227879E+02 -0.14854127E+03
  0.21900000E+01  0.37644084E+02 -0.14724269E+03
  0.22000000E+01  0.38099342E+02 -0.14597338E+03
  0.22100000E+01  0.38579578E+02 -0.14468879E+03
  0.22200000E+01  0.39070330E+02 -0.14347563E+03
  0.22300000E+01  0.39606614E+02 -0.14260855E+03
  0.22400000E+01  0.40400895E+02 -0.14159346E+03
  0.22500000E+01  0.41180193E+02 -0.13963884E+03
  0.22600000E+01  0.41588246E+02 -0.13780646E+03
  0.22700000E+01  0.42045963E+02 -0.13641532E+03
  0.22800000E+01  0.42538991E+02 -0.13533421E+03
  0.22900000E+01  0.43167025E+02 -0.13517250E+03
  0.23000000E+01  0.44543362E+02 -0.13446412E+03
  0.23100000E+01  0.45738283E+02 -0.13192087E+03
  0.23200000E+01  0.46480824E+02 -0.12920281E+03
  0.23300000E+01  0.46989143E+02 -0.12670942E+03
  0.23400000E+01  0.47386300E+02 -0.12443932E+03
  0.23500000E+01  0.47739336E+02 -0.12233922E+03
  0.23600000E+01  0.48073193E+02 -0.12034914E+03
  0.23700000E+01  0.48391341E+02 -0.11842796E+03
  0.23800000E+01  0.48696127E+02 -0.11656585E+03
  0.23900000E+01  0.48996156E+02 -0.11473352E+03
  0.24000000E+01  0.49284901E+02 -0.11290665E+03
  0.24100000E+01  0.49559340E+02 -0.11108601E+03
  0.24200000E+01  0.49818031E+02 -0.10927221E+03
  0.24300000E+01  0.50060157E+02 -0.10746556E+03
  0.24400000E+01  0.50285425E+02 -0.10566659E+03
  0.24500000E+01  0.50493675E+02 -0.10387590E+03
  0.24600000E+01  0.50684182E+02 -0.10209452E+03
  0.24700000E+01  0.50855294E+02 -0.10032462E+03
  0.24800000E+01  0.51005330E+02 -0.98570039E+02
  0.24900000E+01  0.51133849E+02 -0.96835939E+02
  0.25000000E+01  0.51241705E+02 -0.95127388E+02
  0.25100000E+01  0.51330471E+02 -0.93447277E+02
  0.25200000E+01  0.51401733E+02 -0.91794458E+02
  0.25300000E+01  0.51456938E+02 -0.90168212E+02
  0.25400000E+01  0.51494750E+02 -0.88565219E+02
  0.25500000E+01  0.51512143E+02 -0.86987467E+02
  0.25600000E+01  0.51508217E+02 -0.85439930E+02
  0.25700000E+01  0.51484556E+02 -0.83928602E+02
  0.25800000E+01  0.51443108E+02 -0.82457537E+02
  0.25900000E+01  0.51385300E+02 -0.81028171E+02
  0.26000000E+01  0.51312110E+02 -0.79640285E+02
  0.26100000E+01  0.51224314E+02 -0.78293253E+02
  0.26200000E+01  0.51122639E+02 -0.76986735E+02
  0.26300000E+01  0.51007838E+02 -0.75720772E+02
  0.26400000E+01  0.50880720E+02 -0.74495647E+02
  0.26500000E+01  0.50742154E+02 -0.73311754E+02
  0.26600000E+01  0.50593058E+02 -0.72169539E+02
  0.26700000E+01  0.50434374E+02 -0.71069506E+02
  0.26800000E+01  0.50267040E+02 -0.70012240E+02
  0.26900000E+01  0.50091956E+02 -0.68998439E+02
  0.27000000E+01  0.49909975E+02 -0.68028952E+02
  0.27100000E+01  0.49721900E+02 -0.67104812E+02
  0.27200000E+01  0.49528507E+02 -0.66227278E+02
  0.27300000E+01  0.49330584E+02 -0.65397863E+02
  0.27400000E+01  0.49128980E+02 -0.64618356E+02
  0.27500000E+01  0.48924659E+02 -0.63890830E+02
  0.27600000E+01  0.48718748E+02 -0.63217603E+02
  0.27700000E+01  0.48512573E+02 -0.62601154E+02
  0.27800000E+01  0.48307688E+02 -0.62043972E+02
  0.27900000E+01  0.48105897E+02 -0.61548323E+02
  0.28000000E+01  0.47909286E+02 -0.61115937E+02
  0.28100000E+01  0.47720262E+02 -0.60747621E+02
  0.28200000E+01  0.47541600E+02 -0.60442833E+02
  0.28300000E+01  0.47376492E+02 -0.60199263E+02
  0.28400000E+01  0.47228568E+02 -0.60012482E+02
  0.28500000E+01  0.47101846E+02 -0.59875721E+02
  0.28600000E+01  0.47000542E+02 -0.59779865E+02
  0.28700000E+01  0.46928684E+02 -0.59713686E+02
  0.28800000E+01  0.46889523E+02 -0.59664342E+02
  0.28900000E+01  0.46884812E+02 -0.59618119E+02
  0.29000000E+01  0.46914183E+02 -0.59561346E+02
  0.29100000E+01  0.46974876E+02 -0.59481391E+02
  0.29200000E+01  0.47062023E+02 -0.59367628E+02
  0.29300000E+01  0.47169425E+02 -0.59212242E+02
  0.29400000E+01  0.47290450E+02 -0.59010798E+02
  0.29500000E+01  0.47418662E+02 -0.58762489E+02
  0.29600000E+01  0.47548099E+02 -0.58470062E+02
  0.29700000E+01  0.47673478E+02 -0.58139433E+02
  0.29800000E+01  0.47790593E+02 -0.57779079E+02
  0.29900000E+01  0.47896831E+02 -0.57399258E+02
  0.30000000E+01  0.47991461E+02 -0.57011173E+02
  0.30100000E+01  0.48075486E+02 -0.56626216E+02
  0.30200000E+01  0.48151107E+02 -0.56255470E+02
  0.30300000E+01  0.48221206E+02 -0.55909355E+02
  0.30400000E+01  0.48289130E+02 -0.55597139E+02
  0.30500000E+01  0.48358528E+02 -0.55326140E+02
  0.30600000E+01  0.48433373E+02 -0.55100683E+02
  0.30700000E+01  0.48518196E+02 -0.54920865E+02
  0.30800000E+01  0.48618364E+02 -0.54781269E+02
  0.30900000E+01  0.48740178E+02 -0.54670170E+02
  0.31000000E+01  0.48890316E+02 -0.54569915E+02
  0.31100000E+01  0.49074061E+02 -0.54458923E+02
  0.31200000E+01  0.49292446E+02 -0.54315168E+02
  0.31300000E+01  0.49540259E+02 -0.54120282E+02
  0.31400000E+01  0.49807481E+02 -0.53862962E+02
  0.31500000E+01  0.50083692E+02 -0.53540493E+02
  0.31600000E+01  0.50362217E+02 -0.53157883E+02
  0.31700000E+01  0.50641468E+02 -0.52725051E+02
  0.31800000E+01  0.50923172E+02 -0.52253183E+02
  0.31900000E+01  0.51209838E+02 -0.51751439E+02
  0.32000000E+01  0.51503964E+02 -0.51224715E+02
  0.32100000E+01  0.51808395E+02 -0.50672481E+02
  0.32200000E+01  0.52126191E+02 -0.50088210E+02
  0.32300000E+01  0.52460073E+02 -0.49458907E+02
  0.32400000E+01  0.52812257E+02 -0.48764692E+02
  0.32500000E+01  0.53184738E+02 -0.47979100E+02
  0.32600000E+01  0.53579533E+02 -0.47071318E+02
  0.32700000E+01  0.53998532E+02 -0.46010563E+02
  0.32800000E+01  0.54443026E+02 -0.44768758E+02
  0.32900000E+01  0.54913264E+02 -0.43312429E+02
  0.33000000E+01  0.55408285E+02 -0.41577543E+02
  0.33100000E+01  0.55924977E+02 -0.39440608E+02
  0.33200000E+01  0.56447313E+02 -0.36721782E+02
  0.33300000E+01  0.56903275E+02 -0.33245240E+02
  0.33400000E+01  0.57118140E+02 -0.28937334E+02
  0.33500000E+01  0.56874054E+02 -0.23926599E+02
  0.33600000E+01  0.56010901E+02 -0.18637074E+02
  0.33700000E+01  0.54450277E+02 -0.13824045E+02
  0.33800000E+01  0.52233002E+02 -0.10387379E+02
  0.33900000E+01  0.49725588E+02 -0.89058854E+01
  0.34000000E+01  0.47532019E+02 -0.92341509E+01
  0.34100000E+01  0.45935628E+02 -0.10607386E+02
  0.34200000E+01  0.44846122E+02 -0.12176278E+02
  0.34300000E+01  0.44077601E+02 -0.13439907E+02
  0.34400000E+01  0.43491729E+02 -0.14281044E+02
  0.34500000E+01  0.43010386E+02 -0.14775098E+02
  0.34600000E+01  0.42592370E+02 -0.15029989E+02
  0.34700000E+01  0.42215455E+02 -0.15128458E+02
  0.34800000E+01  0.41867425E+02 -0.15125975E+02
  0.34900000E+01  0.41541429E+02 -0.15060035E+02
  0.35000000E+01  0.41233183E+02 -0.14956533E+02
  0.35100000E+01  0.40939469E+02 -0.14832790E+02
  0.35200000E+01  0.40657611E+02 -0.14699189E+02
  0.35300000E+01  0.40385429E+02 -0.14560668E+02
  0.35400000E+01  0.40121254E+02 -0.14418381E+02
  0.35500000E+01  0.39863832E+02 -0.14271362E+02
  0.35600000E+01  0.39612151E+02 -0.14117885E+02
  0.35700000E+01  0.39365329E+02 -0.13956384E+02
  0.35800000E+01  0.39122597E+02 -0.13785927E+02
  0.35900000E+01  0.38883331E+02 -0.13606359E+02
  0.36000000E+01  0.38647070E+02 -0.13418199E+02
  0.36100000E+01  0.38413511E+02 -0.13222414E+02
  0.36200000E+01  0.38182462E+02 -0.13020133E+02
  0.36300000E+01  0.37953793E+02 -0.12812401E+02
  0.36400000E+01  0.37727392E+02 -0.12600008E+02
  0.36500000E+01  0.37503111E+02 -0.12383427E+02
  0.36600000E+01  0.37280695E+02 -0.12162822E+02
  0.36700000E+01  0.37059740E+02 -0.11938124E+02
  0.36800000E+01  0.36839707E+02 -0.11709141E+02
  0.36900000E+01  0.36619988E+02 -0.11475680E+02
  0.37000000E+01  0.36399979E+02 -0.11237664E+02
  0.37100000E+01  0.36179132E+02 -0.10995219E+02
  0.37200000E+01  0.35956992E+02 -0.10748713E+02
  0.37300000E+01  0.35733209E+02 -0.10498769E+02
  0.37400000E+01  0.35507541E+02 -0.10246230E+02
  0.37500000E+01  0.35279846E+02 -0.99921123E+01
  0.37600000E+01  0.35050062E+02 -0.97375238E+01
  0.37700000E+01  0.34818177E+02 -0.94835831E+01
  0.37800000E+01  0.34584121E+02 -0.92313043E+01
  0.37900000E+01  0.34351688E+02 -0.89814403E+01
  0.38000000E+01  0.34111923E+02 -0.87342727E+01
  0.38100000E+01  0.33872998E+02 -0.84894243E+01
  0.38200000E+01  0.33633043E+02 -0.82459021E+01
  0.38300000E+01  0.33391535E+02 -0.80026022E+01
  0.38400000E+01  0.33146444E+02 -0.77599919E+01
  0.38500000E+01  0.32900555E+02 -0.75635221E+01
  0.38600000E+01  0.32716430E+02 -0.73137840E+01
  0.38700000E+01  0.32453418E+02 -0.70441186E+01
  0.38800000E+01  0.32209236E+02 -0.68207216E+01
  0.38900000E+01  0.31962928E+02 -0.65507252E+01
  0.39000000E+01  0.31720066E+02 -0.61609059E+01
  0.39100000E+01  0.31148375E+02 -0.61741984E+01
  0.39200000E+01  0.30949046E+02 -0.61653686E+01
  0.39300000E+01  0.30722382E+02 -0.60565069E+01
  0.39400000E+01  0.30489707E+02 -0.59514323E+01
  0.39500000E+01  0.30257621E+02 -0.58414767E+01
  0.39600000E+01  0.30026175E+02 -0.57224885E+01
  0.39700000E+01  0.29794479E+02 -0.55923594E+01
  0.39800000E+01  0.29561135E+02 -0.54504547E+01
  0.39900000E+01  0.29323273E+02 -0.52990737E+01
  0.40000000E+01  0.29079491E+02 -0.51420916E+01
  0.40100000E+01  0.28829667E+02 -0.49915653E+01
  0.40200000E+01  0.28579539E+02 -0.48543173E+01
  0.40300000E+01  0.28330363E+02 -0.47222623E+01
  0.40400000E+01  0.28140309E+02 -0.45965106E+01
  0.40500000E+01  0.27843108E+02 -0.44801067E+01
  0.40600000E+01  0.27625934E+02 -0.43742202E+01
  0.40700000E+01  0.27551507E+02 -0.42789796E+01
  0.40800000E+01  0.26392677E+02 -0.41936528E+01
  0.40900000E+01  0.26553885E+02 -0.41170219E+01
  0.41000000E+01  0.26347476E+02 -0.40478234E+01
  0.41100000E+01  0.26099193E+02 -0.39850497E+01
  0.41200000E+01  0.25834078E+02 -0.39282600E+01
  0.41300000E+01  0.25557479E+02 -0.38796599E+01
  0.41400000E+01  0.25271206E+02 -0.38556709E+01
  0.41500000E+01  0.24979013E+02 -0.39189770E+01
  0.41600000E+01  0.24697004E+02 -0.41909826E+01
  0.41700000E+01  0.24482608E+02 -0.47080997E+01
  0.41800000E+01  0.24458589E+02 -0.51818351E+01
  0.41900000E+01  0.24600995E+02 -0.51701585E+01
  0.42000000E+01  0.24594171E+02 -0.46530707E+01
  0.42100000E+01  0.24389031E+02 -0.40628289E+01
  0.42200000E+01  0.24109141E+02 -0.37131255E+01
  0.42300000E+01  0.23816158E+02 -0.35846855E+01
  0.42400000E+01  0.23527734E+02 -0.35555616E+01
  0.42500000E+01  0.23247674E+02 -0.35590257E+01
  0.42600000E+01  0.22976130E+02 -0.35768216E+01
  0.42700000E+01  0.22712344E+02 -0.36058099E+01
  0.42800000E+01  0.22455358E+02 -0.36452132E+01
  0.42900000E+01  0.22204230E+02 -0.36943859E+01
  0.43000000E+01  0.21958154E+02 -0.37526715E+01
  0.43100000E+01  0.21716434E+02 -0.38194677E+01
  0.43200000E+01  0.21478465E+02 -0.38943991E+01
  0.43300000E+01  0.21243759E+02 -0.39773815E+01
  0.43400000E+01  0.21011924E+02 -0.40685740E+01
  0.43500000E+01  0.20782646E+02 -0.41683457E+01
  0.43600000E+01  0.20555677E+02 -0.42772506E+01
  0.43700000E+01  0.20330820E+02 -0.43959985E+01
  0.43800000E+01  0.20107926E+02 -0.45254171E+01
  0.43900000E+01  0.19886863E+02 -0.46663965E+01
  0.44000000E+01  0.19667478E+02 -0.48198000E+01
  0.44100000E+01  0.19449453E+02 -0.49863437E+01
  0.44200000E+01  0.19231852E+02 -0.51665047E+01
  0.44300000E+01  0.19013977E+02 -0.53819687E+01
  0.44400000E+01  0.18846067E+02 -0.56233024E+01
  0.44500000E+01  0.18640632E+02 -0.57886466E+01
  0.44600000E+01  0.18435025E+02 -0.60215883E+01
  0.44700000E+01  0.18235347E+02 -0.62682575E+01
  0.44800000E+01  0.18039647E+02 -0.65286709E+01
  0.44900000E+01  0.17847270E+02 -0.68036937E+01
  0.45000000E+01  0.17658192E+02 -0.70942644E+01
  0.45100000E+01  0.17472667E+02 -0.74011666E+01
  0.45200000E+01  0.17291076E+02 -0.77248703E+01
  0.45300000E+01  0.17113884E+02 -0.80654806E+01
  0.45400000E+01  0.16941619E+02 -0.84227623E+01
  0.45500000E+01  0.16774868E+02 -0.87961811E+01
  0.45600000E+01  0.16614272E+02 -0.91849292E+01
  0.45700000E+01  0.16460527E+02 -0.95879319E+01
  0.45800000E+01  0.16314387E+02 -0.10003847E+02
  0.45900000E+01  0.16176648E+02 -0.10431066E+02
  0.46000000E+01  0.16048133E+02 -0.10867729E+02
  0.46100000E+01  0.15929659E+02 -0.11311749E+02
  0.46200000E+01  0.15822008E+02 -0.11760837E+02
  0.46300000E+01  0.15725899E+02 -0.12212539E+02
  0.46400000E+01  0.15641958E+02 -0.12664276E+02
  0.46500000E+01  0.15570660E+02 -0.13113392E+02
  0.46600000E+01  0.15512260E+02 -0.13557221E+02
  0.46700000E+01  0.15466739E+02 -0.13993174E+02
  0.46800000E+01  0.15433775E+02 -0.14418836E+02
  0.46900000E+01  0.15412744E+02 -0.14832069E+02
  0.47000000E+01  0.15402707E+02 -0.15231095E+02
  0.47100000E+01  0.15402422E+02 -0.15614553E+02
  0.47200000E+01  0.15410430E+02 -0.15981516E+02
  0.47300000E+01  0.15425209E+02 -0.16331493E+02
  0.47400000E+01  0.15445283E+02 -0.16664393E+02
  0.47500000E+01  0.15469206E+02 -0.16980483E+02
  0.47600000E+01  0.15495557E+02 -0.17280329E+02
  0.47700000E+01  0.15523097E+02 -0.17564730E+02
  0.47800000E+01  0.15550901E+02 -0.17834670E+02
  0.47900000E+01  0.15578318E+02 -0.18091339E+02
  0.48000000E+01  0.15604915E+02 -0.18336349E+02
  0.48100000E+01  0.15630599E+02 -0.18571932E+02
  0.48200000E+01  0.15656000E+02 -0.18800361E+02
  0.48300000E+01  0.15682104E+02 -0.19023143E+02
  0.48400000E+01  0.15709681E+02 -0.19241359E+02
  0.48500000E+01  0.15739597E+02 -0.19456179E+02
  0.48600000E+01  0.15772773E+02 -0.19668507E+02
  0.48700000E+01  0.15810025E+02 -0.19878616E+02
  0.48800000E+01  0.15851955E+02 -0.20086141E+02
  0.48900000E+01  0.15898888E+02 -0.20290249E+02
  0.49000000E+01  0.15950821E+02 -0.20489829E+02
  0.49100000E+01  0.16007391E+02 -0.20683697E+02
  0.49200000E+01  0.16067865E+02 -0.20870798E+02
  0.49300000E+01  0.16131224E+02 -0.21050370E+02
  0.49400000E+01  0.16196336E+02 -0.21222067E+02
  0.49500000E+01  0.16262192E+02 -0.21385995E+02
  0.49600000E+01  0.16328058E+02 -0.21542687E+02
  0.49700000E+01  0.16393487E+02 -0.21693008E+02
  0.49800000E+01  0.16458235E+02 -0.21838011E+02
  0.49900000E+01  0.16522206E+02 -0.21978772E+02
  0.50000000E+01  0.16585441E+02 -0.22116231E+02
  0.50100000E+01  0.16648115E+02 -0.22251074E+02
  0.50200000E+01  0.16710485E+02 -0.22383675E+02
  0.50300000E+01  0.16772803E+02 -0.22514108E+02
  0.50400000E+01  0.16835240E+02 -0.22642183E+02
  0.50500000E+01  0.16897813E+02 -0.22767464E+02
  0.50600000E+01  0.16960297E+02 -0.22889454E+02
  0.50700000E+01  0.17022142E+02 -0.23008323E+02
  0.50800000E+01  0.17082520E+02 -0.23125900E+02
  0.50900000E+01  0.17140972E+02 -0.23245473E+02
  0.51000000E+01  0.17198949E+02 -0.23369577E+02
  0.51100000E+01  0.17258781E+02 -0.23497969E+02
  0.51200000E+01  0.17320976E+02 -0.23628397E+02
  0.51300000E+01  0.17385194E+02 -0.23759102E+02
  0.51400000E+01  0.17451367E+02 -0.23889991E+02
  0.51500000E+01  0.17519680E+02 -0.24021906E+02
  0.51600000E+01  0.17590400E+02 -0.24155589E+02
  0.51700000E+01  0.17663787E+02 -0.24291324E+02
  0.51800000E+01  0.17740068E+02 -0.24429051E+02
  0.51900000E+01  0.17819434E+02 -0.24568548E+02
  0.52000000E+01  0.17902039E+02 -0.24709538E+02
  0.52100000E+01  0.17988005E+02 -0.24851752E+02
  0.52200000E+01  0.18077419E+02 -0.24994948E+02
  0.52300000E+01  0.18170328E+02 -0.25138914E+02
  0.52400000E+01  0.18266714E+02 -0.25283462E+02
  0.52500000E+01  0.18366443E+02 -0.25428406E+02
  0.52600000E+01  0.18469077E+02 -0.25573548E+02
  0.52700000E+01  0.18573182E+02 -0.25718652E+02
  0.52800000E+01  0.18671918E+02 -0.25863441E+02
  0.52900000E+01  0.18557332E+02 -0.26007588E+02
  0.53000000E+01  0.18987298E+02 -0.26150730E+02
  0.53100000E+01  0.19091797E+02 -0.26292486E+02
  0.53200000E+01  0.19217127E+02 -0.26432465E+02
  0.53300000E+01  0.19346861E+02 -0.26570268E+02
  0.53400000E+01  0.19488819E+02 -0.26705462E+02
  0.53500000E+01  0.19634285E+02 -0.26837529E+02
  0.53600000E+01  0.19785294E+02 -0.26965800E+02
  0.53700000E+01  0.19942062E+02 -0.27089378E+02
  0.53800000E+01  0.20104826E+02 -0.27207056E+02
  0.53900000E+01  0.20273879E+02 -0.27317255E+02
  0.54000000E+01  0.20449560E+02 -0.27417972E+02
  0.54100000E+01  0.20632260E+02 -0.27506756E+02
  0.54200000E+01  0.20822397E+02 -0.27580718E+02
  0.54300000E+01  0.21020386E+02 -0.27636589E+02
  0.54400000E+01  0.21226570E+02 -0.27670820E+02
  0.54500000E+01  0.21441108E+02 -0.27679739E+02
  0.54600000E+01  0.21663809E+02 -0.27659741E+02
  0.54700000E+01  0.21893962E+02 -0.27607506E+02
  0.54800000E+01  0.22130204E+02 -0.27520216E+02
  0.54900000E+01  0.22370517E+02 -0.27395745E+02
  0.55000000E+01  0.22612408E+02 -0.27232800E+02
  0.55100000E+01  0.22853211E+02 -0.27031001E+02
  0.55200000E+01  0.23090407E+02 -0.26790879E+02
  0.55300000E+01  0.23321830E+02 -0.26513811E+02
  0.55400000E+01  0.23545734E+02 -0.26201896E+02
  0.55500000E+01  0.23760761E+02 -0.25857797E+02
  0.55600000E+01  0.23965874E+02 -0.25484560E+02
  0.55700000E+01  0.24160304E+02 -0.25085328E+02
  0.55800000E+01  0.24343396E+02 -0.24662189E+02
  0.55900000E+01  0.24513646E+02 -0.24218840E+02
  0.56000000E+01  0.24671835E+02 -0.23764080E+02
  0.56100000E+01  0.24819943E+02 -0.23296051E+02
  0.56200000E+01  0.24956698E+02 -0.22815727E+02
  0.56300000E+01  0.25082165E+02 -0.22327390E+02
  0.56400000E+01  0.25196805E+02 -0.21833841E+02
  0.56500000E+01  0.25301093E+02 -0.21337315E+02
  0.56600000E+01  0.25395480E+02 -0.20839788E+02
  0.56700000E+01  0.25480390E+02 -0.20343062E+02
  0.56800000E+01  0.25556231E+02 -0.19848763E+02
  0.56900000E+01  0.25623386E+02 -0.19358318E+02
  0.57000000E+01  0.25682223E+02 -0.18872941E+02
  0.57100000E+01  0.25733095E+02 -0.18393639E+02
  0.57200000E+01  0.25776339E+02 -0.17921209E+02
  0.57300000E+01  0.25812284E+02 -0.17456260E+02
  0.57400000E+01  0.25841241E+02 -0.16999221E+02
  0.57500000E+01  0.25863511E+02 -0.16550369E+02
  0.57600000E+01  0.25879379E+02 -0.16109849E+02
  0.57700000E+01  0.25889112E+02 -0.15677704E+02
  0.57800000E+01  0.25892960E+02 -0.15253897E+02
  0.57900000E+01  0.25891154E+02 -0.14838336E+02
  0.58000000E+01  0.25883910E+02 -0.14430895E+02
  0.58100000E+01  0.25871428E+02 -0.14031428E+02
  0.58200000E+01  0.25853896E+02 -0.13639790E+02
  0.58300000E+01  0.25831490E+02 -0.13255836E+02
  0.58400000E+01  0.25804381E+02 -0.12879440E+02
  0.58500000E+01  0.25772733E+02 -0.12510488E+02
  0.58600000E+01  0.25736709E+02 -0.12148885E+02
  0.58700000E+01  0.25696473E+02 -0.11794555E+02
  0.58800000E+01  0.25652189E+02 -0.11447435E+02
  0.58900000E+01  0.25604023E+02 -0.11107475E+02
  0.59000000E+01  0.25552145E+02 -0.10774634E+02
  0.59100000E+01  0.25496726E+02 -0.10448877E+02
  0.59200000E+01  0.25437942E+02 -0.10130174E+02
  0.59300000E+01  0.25375969E+02 -0.98184921E+01
  0.59400000E+01  0.25310983E+02 -0.95137989E+01
  0.59500000E+01  0.25243161E+02 -0.92160576E+01
  0.59600000E+01  0.25172680E+02 -0.89252270E+01
  0.59700000E+01  0.25099711E+02 -0.86412602E+01
  0.59800000E+01  0.25024425E+02 -0.83641047E+01
  0.59900000E+01  0.24946988E+02 -0.80937022E+01
  0.60000000E+01  0.24867560E+02 -0.78299887E+01
  0.60100000E+01  0.24786295E+02 -0.75728949E+01
  0.60200000E+01  0.24703344E+02 -0.73223466E+01
  0.60300000E+01  0.24618849E+02 -0.70782652E+01
  0.60400000E+01  0.24532946E+02 -0.68405679E+01
  0.60500000E+01  0.24445763E+02 -0.66091686E+01
  0.60600000E+01  0.24357424E+02 -0.63839776E+01
  0.60700000E+01  0.24268044E+02 -0.61649020E+01
  0.60800000E+01  0.24177732E+02 -0.59518464E+01
  0.60900000E+01  0.24086591E+02 -0.57447120E+01
  0.61000000E+01  0.23994718E+02 -0.55433975E+01
  0.61100000E+01  0.23902202E+02 -0.53477989E+01
  0.61200000E+01  0.23809130E+02 -0.51578089E+01
  0.61300000E+01  0.23715579E+02 -0.49733179E+01
  0.61400000E+01  0.23621625E+02 -0.47942129E+01
  0.61500000E+01  0.23527337E+02 -0.46203785E+01
  0.61600000E+01  0.23432778E+02 -0.44516960E+01
  0.61700000E+01  0.23338009E+02 -0.42880445E+01
  0.61800000E+01  0.23243086E+02 -0.41292999E+01
  0.61900000E+01  0.23148061E+02 -0.39753361E+01
  0.62000000E+01  0.23052983E+02 -0.38260247E+01
  0.62100000E+01  0.22957894E+02 -0.36812353E+01
  0.62200000E+01  0.22862838E+02 -0.35408360E+01
  0.62300000E+01  0.22767852E+02 -0.34046937E+01
  0.62400000E+01  0.22672971E+02 -0.32726745E+01
  0.62500000E+01  0.22578227E+02 -0.31446441E+01
  0.62600000E+01  0.22483650E+02 -0.30204684E+01
  0.62700000E+01  0.22389266E+02 -0.29000138E+01
  0.62800000E+01  0.22295099E+02 -0.27831476E+01
  0.62900000E+01  0.22201171E+02 -0.26697390E+01
  0.63000000E+01  0.22107501E+02 -0.25596586E+01
  0.63100000E+01  0.22014107E+02 -0.24527799E+01
  0.63200000E+01  0.21921003E+02 -0.23489788E+01
  0.63300000E+01  0.21828202E+02 -0.22481347E+01
  0.63400000E+01  0.21735714E+02 -0.21501305E+01
  0.63500000E+01  0.21643550E+02 -0.20548529E+01
  0.63600000E+01  0.21551715E+02 -0.19621929E+01
  0.63700000E+01  0.21460216E+02 -0.18720459E+01
  0.63800000E+01  0.21369057E+02 -0.17843120E+01
  0.63900000E+01  0.21278240E+02 -0.16988961E+01
  0.64000000E+01  0.21187768E+02 -0.16157082E+01
  0.64100000E+01  0.21097641E+02 -0.15346634E+01
  0.64200000E+01  0.21007858E+02 -0.14556817E+01
  0.64300000E+01  0.20918418E+02 -0.13786888E+01
  0.64400000E+01  0.20829320E+02 -0.13036152E+01
  0.64500000E+01  0.20740562E+02 -0.12303966E+01
  0.64600000E+01  0.20652139E+02 -0.11589740E+01
  0.64700000E+01  0.20564050E+02 -0.10892932E+01
  0.64800000E+01  0.20476291E+02 -0.10213049E+01
  0.64900000E+01  0.20388858E+02 -0.95496462E+00
  0.65000000E+01  0.20301748E+02 -0.89023216E+00
  0.65100000E+01  0.20214958E+02 -0.82707178E+00
  0.65200000E+01  0.20128485E+02 -0.76545179E+00
  0.65300000E+01  0.20042324E+02 -0.70534429E+00
  0.65400000E+01  0.19956474E+02 -0.64672495E+00
  0.65500000E+01  0.19870933E+02 -0.58957270E+00
  0.65600000E+01  0.19785698E+02 -0.53386944E+00
  0.65700000E+01  0.19700769E+02 -0.47959972E+00
  0.65800000E+01  0.19616146E+02 -0.42675041E+00
  0.65900000E+01  0.19531828E+02 -0.37531041E+00
  0.66000000E+01  0.19447818E+02 -0.32527025E+00
  0.66100000E+01  0.19364117E+02 -0.27662184E+00
  0.66200000E+01  0.19280729E+02 -0.22935804E+00
  0.66300000E+01  0.19197658E+02 -0.18347242E+00
  0.66400000E+01  0.19114909E+02 -0.13895884E+00
  0.66500000E+01  0.19032489E+02 -0.95811221E-01
  0.66600000E+01  0.18950402E+02 -0.54023157E-01
  0.66700000E+01  0.18868658E+02 -0.13587669E-01
  0.66800000E+01  0.18787264E+02  0.25503091E-01
  0.66900000E+01  0.18706229E+02  0.63258099E-01
  0.67000000E+01  0.18625561E+02  0.99687705E-01
  0.67100000E+01  0.18545270E+02  0.13480384E+00
  0.67200000E+01  0.18465365E+02  0.16862021E+00
  0.67300000E+01  0.18385856E+02  0.20115248E+00
  0.67400000E+01  0.18306754E+02  0.23241836E+00
  0.67500000E+01  0.18228066E+02  0.26243775E+00
  0.67600000E+01  0.18149805E+02  0.29123280E+00
  0.67700000E+01  0.18071978E+02  0.31882795E+00
  0.67800000E+01  0.17994596E+02  0.34524992E+00
  0.67900000E+01  0.17917668E+02  0.37052769E+00
  0.68000000E+01  0.17841202E+02  0.39469247E+00
  0.68100000E+01  0.17765207E+02  0.41777761E+00
  0.68200000E+01  0.17689690E+02  0.43981847E+00
  0.68300000E+01  0.17614657E+02  0.46085238E+00
  0.68400000E+01  0.17540114E+02  0.48091847E+00
  0.68500000E+01  0.17466064E+02  0.50005761E+00
  0.68600000E+01  0.17392510E+02  0.51831226E+00
  0.68700000E+01  0.17319454E+02  0.53572646E+00
  0.68800000E+01  0.17246896E+02  0.55234572E+00
  0.68900000E+01  0.17174833E+02  0.56821702E+00
  0.69000000E+01  0.17103264E+02  0.58338874E+00
  0.69100000E+01  0.17032185E+02  0.59791068E+00
  0.69200000E+01  0.16961591E+02  0.61183400E+00
  0.69300000E+01  0.16891478E+02  0.62521115E+00
  0.69400000E+01  0.16821839E+02  0.63809579E+00
  0.69500000E+01  0.16752669E+02  0.65054273E+00
  0.69600000E+01  0.16683962E+02  0.66260788E+00
  0.69700000E+01  0.16615711E+02  0.67434836E+00
  0.69800000E+01  0.16547909E+02  0.68582283E+00
  0.69900000E+01  0.16480548E+02  0.69709220E+00
  0.70000000E+01  0.16413618E+02  0.70822080E+00
