  0.00000000E+00  0.18512504E-04  0.40697009E-13
  0.10000000E-01  0.18623524E-04 -0.75993397E-06
  0.20000000E-01  0.18953091E-04 -0.15891840E-05
  0.30000000E-01  0.19490079E-04 -0.25393415E-05
  0.40000000E-01  0.20218889E-04 -0.36432740E-05
  0.50000000E-01  0.21183511E-04 -0.49169237E-05
  0.60000000E-01  0.22519361E-04 -0.63096231E-05
  0.70000000E-01  0.24248471E-04 -0.76637693E-05
  0.80000000E-01  0.26270813E-04 -0.88718768E-05
  0.90000000E-01  0.28531282E-04 -0.98461505E-05
  0.10000000E+00  0.30986939E-04 -0.10518353E-04
  0.11000000E+00  0.33564640E-04 -0.10857081E-04
  0.12000000E+00  0.36167840E-04 -0.10873618E-04
  0.13000000E+00  0.38685618E-04 -0.10614193E-04
  0.14000000E+00  0.41004441E-04 -0.10142593E-04
  0.15000000E+00  0.43020182E-04 -0.95244714E-05
  0.16000000E+00  0.44646454E-04 -0.88181513E-05
  0.17000000E+00  0.45819499E-04 -0.80712083E-05
  0.18000000E+00  0.46500651E-04 -0.73204334E-05
  0.19000000E+00  0.46676778E-04 -0.65932361E-05
  0.20000000E+00  0.46358890E-04 -0.59094722E-05
  0.21000000E+00  0.45579236E-04 -0.52832753E-05
  0.22000000E+00  0.44387345E-04 -0.47247216E-05
  0.23000000E+00  0.42845461E-04 -0.42412407E-05
  0.24000000E+00  0.41023843E-04 -0.38387174E-05
  0.25000000E+00  0.38996294E-04 -0.35222635E-05
  0.26000000E+00  0.36836214E-04 -0.32966589E-05
  0.27000000E+00  0.34613369E-04 -0.31664787E-05
  0.28000000E+00  0.32391478E-04 -0.31359158E-05
  0.29000000E+00  0.30226602E-04 -0.32083203E-05
  0.30000000E+00  0.28166273E-04 -0.33854906E-05
  0.31000000E+00  0.26249222E-04 -0.36668005E-05
  0.32000000E+00  0.24505564E-04 -0.40483058E-05
  0.33000000E+00  0.22957287E-04 -0.45220368E-05
  0.34000000E+00  0.21618916E-04 -0.50757246E-05
  0.35000000E+00  0.20498275E-04 -0.56932017E-05
  0.36000000E+00  0.19597280E-04 -0.63556299E-05
  0.37000000E+00  0.18912743E-04 -0.70435144E-05
  0.38000000E+00  0.18437188E-04 -0.77391696E-05
  0.39000000E+00  0.18159673E-04 -0.84290090E-05
  0.40000000E+00  0.18066621E-04 -0.91049389E-05
  0.41000000E+00  0.18142640E-04 -0.97643684E-05
  0.42000000E+00  0.18371327E-04 -0.10408863E-04
  0.43000000E+00  0.18736006E-04 -0.11041968E-04
  0.44000000E+00  0.19220379E-04 -0.11666950E-04
  0.45000000E+00  0.19809051E-04 -0.12285074E-04
  0.46000000E+00  0.20487923E-04 -0.12894747E-04
  0.47000000E+00  0.21244421E-04 -0.13491572E-04
  0.48000000E+00  0.22067592E-04 -0.14069150E-04
  0.49000000E+00  0.22948076E-04 -0.14620394E-04
  0.50000000E+00  0.23877981E-04 -0.15139008E-04
  0.51000000E+00  0.24850697E-04 -0.15620797E-04
  0.52000000E+00  0.25860690E-04 -0.16064442E-04
  0.53000000E+00  0.26903270E-04 -0.16471575E-04
  0.54000000E+00  0.27974383E-04 -0.16846138E-04
  0.55000000E+00  0.29070392E-04 -0.17193283E-04
  0.56000000E+00  0.30187865E-04 -0.17518127E-04
  0.57000000E+00  0.31323373E-04 -0.17824694E-04
  0.58000000E+00  0.32473324E-04 -0.18115236E-04
  0.59000000E+00  0.33633935E-04 -0.18390037E-04
  0.60000000E+00  0.34801425E-04 -0.18647670E-04
  0.61000000E+00  0.35972537E-04 -0.18885644E-04
  0.62000000E+00  0.37145350E-04 -0.19101328E-04
  0.63000000E+00  0.38320160E-04 -0.19292961E-04
  0.64000000E+00  0.39500026E-04 -0.19460472E-04
  0.65000000E+00  0.40690552E-04 -0.19605661E-04
  0.66000000E+00  0.41898658E-04 -0.19731225E-04
  0.67000000E+00  0.43130573E-04 -0.19838618E-04
  0.68000000E+00  0.44389692E-04 -0.19926306E-04
  0.69000000E+00  0.45675139E-04 -0.19990732E-04
  0.70000000E+00  0.46981660E-04 -0.20029367E-04
  0.71000000E+00  0.48300875E-04 -0.20042281E-04
  0.72000000E+00  0.49623334E-04 -0.20031088E-04
  0.73000000E+00  0.50940547E-04 -0.19997254E-04
  0.74000000E+00  0.52246245E-04 -0.19941262E-04
  0.75000000E+00  0.53536609E-04 -0.19862606E-04
  0.76000000E+00  0.54809611E-04 -0.19760197E-04
  0.77000000E+00  0.56063927E-04 -0.19632911E-04
  0.78000000E+00  0.57297861E-04 -0.19480083E-04
  0.79000000E+00  0.58508547E-04 -0.19301772E-04
  0.80000000E+00  0.59691539E-04 -0.19098806E-04
  0.81000000E+00  0.60840718E-04 -0.18872649E-04
  0.82000000E+00  0.61948454E-04 -0.18625222E-04
  0.83000000E+00  0.63005941E-04 -0.18358729E-04
  0.84000000E+00  0.64003732E-04 -0.18075561E-04
  0.85000000E+00  0.64932463E-04 -0.17778271E-04
  0.86000000E+00  0.65783808E-04 -0.17469666E-04
  0.87000000E+00  0.66551635E-04 -0.17153010E-04
  0.88000000E+00  0.67233294E-04 -0.16832346E-04
  0.89000000E+00  0.67830893E-04 -0.16512894E-04
  0.90000000E+00  0.68352374E-04 -0.16201411E-04
  0.91000000E+00  0.68812151E-04 -0.15906346E-04
  0.92000000E+00  0.69231125E-04 -0.15637610E-04
  0.93000000E+00  0.69635905E-04 -0.15405760E-04
  0.94000000E+00  0.70057219E-04 -0.15220474E-04
  0.95000000E+00  0.70527607E-04 -0.15088301E-04
  0.96000000E+00  0.71078638E-04 -0.15010040E-04
  0.97000000E+00  0.71738009E-04 -0.14978564E-04
  0.98000000E+00  0.72526930E-04 -0.14978352E-04
  0.99000000E+00  0.73458172E-04 -0.14987665E-04
  0.10000000E+01  0.74535338E-04 -0.14983083E-04
  0.10100000E+01  0.75754857E-04 -0.14944617E-04
  0.10200000E+01  0.77114010E-04 -0.14858928E-04
  0.10300000E+01  0.78622713E-04 -0.14718609E-04
  0.10400000E+01  0.80291904E-04 -0.14515367E-04
  0.10500000E+01  0.82070810E-04 -0.14225525E-04
  0.10600000E+01  0.83810152E-04 -0.13814420E-04
  0.10700000E+01  0.85376981E-04 -0.13327055E-04
  0.10800000E+01  0.86801190E-04 -0.12859401E-04
  0.10900000E+01  0.88227083E-04 -0.12399158E-04
  0.11000000E+01  0.89835350E-04 -0.11888301E-04
  0.11100000E+01  0.91916449E-04 -0.11194856E-04
  0.11200000E+01  0.97029809E-04 -0.92124175E-05
  0.11300000E+01  0.94452372E-04 -0.94810783E-05
  0.11400000E+01  0.94110796E-04 -0.71700289E-05
  0.11500000E+01  0.93645058E-04 -0.65351620E-05
  0.11600000E+01  0.90939644E-04 -0.62254942E-05
  0.11700000E+01  0.93576790E-04 -0.63521948E-05
  0.11800000E+01  0.94428649E-04 -0.57741298E-05
  0.11900000E+01  0.94887038E-04 -0.52293115E-05
  0.12000000E+01  0.95254197E-04 -0.47003113E-05
  0.12100000E+01  0.95607320E-04 -0.41760475E-05
  0.12200000E+01  0.95956471E-04 -0.36513180E-05
  0.12300000E+01  0.96302243E-04 -0.31258630E-05
  0.12400000E+01  0.96644083E-04 -0.26033828E-05
  0.12500000E+01  0.96982884E-04 -0.20893406E-05
  0.12600000E+01  0.97322962E-04 -0.15878557E-05
  0.12700000E+01  0.97671511E-04 -0.10995443E-05
  0.12800000E+01  0.98036196E-04 -0.62202645E-06
  0.12900000E+01  0.98422909E-04 -0.15151218E-06
  0.13000000E+01  0.98834540E-04  0.31603756E-06
  0.13100000E+01  0.99270105E-04  0.78345973E-06
  0.13200000E+01  0.99688153E-04  0.12384871E-05
  0.13300000E+01  0.10018163E-03  0.15652966E-05
  0.13400000E+01  0.10065246E-03  0.25301049E-05
  0.13500000E+01  0.10109569E-03  0.29238513E-05
  0.13600000E+01  0.10153011E-03  0.34156898E-05
  0.13700000E+01  0.10196677E-03  0.39232306E-05
  0.13800000E+01  0.10242819E-03  0.44361423E-05
  0.13900000E+01  0.10286067E-03  0.49593595E-05
  0.14000000E+01  0.10329771E-03  0.54956754E-05
  0.14100000E+01  0.10370194E-03  0.60477647E-05
  0.14200000E+01  0.10411075E-03  0.65709453E-05
  0.14300000E+01  0.10451238E-03  0.70114951E-05
  0.14400000E+01  0.10490360E-03  0.86073333E-05
  0.14500000E+01  0.10528255E-03  0.69081153E-05
  0.14600000E+01  0.10564814E-03  0.81464635E-05
  0.14700000E+01  0.10600069E-03  0.76809850E-05
  0.14800000E+01  0.10634301E-03  0.93255271E-05
  0.14900000E+01  0.10667807E-03  0.98495809E-05
  0.15000000E+01  0.10700079E-03  0.10361708E-04
  0.15100000E+01  0.10730195E-03  0.10864377E-04
  0.15200000E+01  0.10758598E-03  0.11350972E-04
  0.15300000E+01  0.10786584E-03  0.11817961E-04
  0.15400000E+01  0.10814603E-03  0.12243453E-04
  0.15500000E+01  0.10842514E-03  0.12162081E-04
  0.15600000E+01  0.10870285E-03  0.18038316E-04
  0.15700000E+01  0.10897875E-03  0.14092704E-04
  0.15800000E+01  0.10925253E-03  0.14476860E-04
  0.15900000E+01  0.10952681E-03  0.14933649E-04
  0.16000000E+01  0.10980406E-03  0.15393488E-04
  0.16100000E+01  0.11008515E-03  0.15861040E-04
  0.16200000E+01  0.11037144E-03  0.16332751E-04
  0.16300000E+01  0.11066526E-03  0.16805221E-04
  0.16400000E+01  0.11096972E-03  0.17277241E-04
  0.16500000E+01  0.11128848E-03  0.17748128E-04
  0.16600000E+01  0.11162571E-03  0.18217485E-04
  0.16700000E+01  0.11198521E-03  0.18685228E-04
  0.16800000E+01  0.11237132E-03  0.19151576E-04
  0.16900000E+01  0.11279006E-03  0.19614638E-04
  0.17000000E+01  0.11325201E-03  0.20080836E-04
  0.17100000E+01  0.11374577E-03  0.20551453E-04
  0.17200000E+01  0.11427221E-03  0.21028204E-04
  0.17300000E+01  0.11482663E-03  0.21512590E-04
  0.17400000E+01  0.11540296E-03  0.22005402E-04
  0.17500000E+01  0.11599602E-03  0.22507482E-04
  0.17600000E+01  0.11660188E-03  0.23020102E-04
  0.17700000E+01  0.11721777E-03  0.23544760E-04
  0.17800000E+01  0.11784417E-03  0.24081015E-04
  0.17900000E+01  0.11848836E-03  0.24624531E-04
  0.18000000E+01  0.11916460E-03  0.25172152E-04
  0.18100000E+01  0.11989305E-03  0.25724543E-04
  0.18200000E+01  0.12070990E-03  0.26286103E-04
  0.18300000E+01  0.12167469E-03  0.26872272E-04
  0.18400000E+01  0.12277969E-03  0.27529414E-04
  0.18500000E+01  0.12385211E-03  0.28297026E-04
  0.18600000E+01  0.12471685E-03  0.29089412E-04
  0.18700000E+01  0.12558041E-03  0.29870170E-04
  0.18800000E+01  0.12650311E-03  0.30672300E-04
  0.18900000E+01  0.12747094E-03  0.31483366E-04
  0.19000000E+01  0.12846801E-03  0.32309553E-04
  0.19100000E+01  0.12949972E-03  0.33156584E-04
  0.19200000E+01  0.13057328E-03  0.34034303E-04
  0.19300000E+01  0.13169850E-03  0.34936728E-04
  0.19400000E+01  0.13288193E-03  0.35874791E-04
  0.19500000E+01  0.13412144E-03  0.36852400E-04
  0.19600000E+01  0.13541850E-03  0.37870424E-04
  0.19700000E+01  0.13679670E-03  0.38918376E-04
  0.19800000E+01  0.13822773E-03  0.40085984E-04
  0.19900000E+01  0.13963541E-03  0.41253498E-04
  0.20000000E+01  0.14105622E-03  0.42467841E-04
  0.20100000E+01  0.14246158E-03  0.43721373E-04
  0.20200000E+01  0.14385370E-03  0.45015791E-04
  0.20300000E+01  0.14523913E-03  0.46358138E-04
  0.20400000E+01  0.14663895E-03  0.47753894E-04
  0.20500000E+01  0.14810436E-03  0.49206496E-04
  0.20600000E+01  0.14972023E-03  0.50717865E-04
  0.20700000E+01  0.15159037E-03  0.52289846E-04
  0.20800000E+01  0.15380390E-03  0.53934096E-04
  0.20900000E+01  0.15638899E-03  0.55706792E-04
  0.21000000E+01  0.15927333E-03  0.57434046E-04
  0.21100000E+01  0.16228034E-03  0.59427176E-04
  0.21200000E+01  0.16518448E-03  0.61657245E-04
  0.21300000E+01  0.16781736E-03  0.64150264E-04
  0.21400000E+01  0.17017004E-03  0.66823095E-04
  0.21500000E+01  0.17241307E-03  0.69571804E-04
  0.21600000E+01  0.17478967E-03  0.72383206E-04
  0.21700000E+01  0.17741982E-03  0.75443666E-04
  0.21800000E+01  0.18012606E-03  0.78999323E-04
  0.21900000E+01  0.18240294E-03  0.83136021E-04
  0.22000000E+01  0.18368637E-03  0.87818575E-04
  0.22100000E+01  0.18503132E-03  0.93049403E-04
  0.22200000E+01  0.19448353E-03  0.99403046E-04
  0.22300000E+01  0.21315148E-03  0.11165597E-03
  0.22400000E+01  0.18762957E-03  0.14042656E-03
  0.22500000E+01  0.12847803E-03  0.14137823E-03
  0.22600000E+01  0.12083733E-03  0.13665362E-03
  0.22700000E+01  0.98865902E-04  0.14527506E-03
  0.22800000E+01  0.86608331E-04  0.13925885E-03
  0.22900000E+01  0.48175909E-04  0.14176691E-03
  0.23000000E+01  0.26434195E-04  0.11111654E-03
  0.23100000E+01  0.67390492E-04  0.11126733E-03
  0.23200000E+01  0.52330771E-04  0.11561182E-03
  0.23300000E+01  0.42053515E-04  0.11625087E-03
  0.23400000E+01  0.36203089E-04  0.11495159E-03
  0.23500000E+01  0.34495745E-04  0.11334005E-03
  0.23600000E+01  0.34161822E-04  0.11193863E-03
  0.23700000E+01  0.33858548E-04  0.11076806E-03
  0.23800000E+01  0.33241633E-04  0.10978893E-03
  0.23900000E+01  0.32282574E-04  0.10894736E-03
  0.24000000E+01  0.31025504E-04  0.10822194E-03
  0.24100000E+01  0.29521036E-04  0.10758885E-03
  0.24200000E+01  0.27853426E-04  0.10702886E-03
  0.24300000E+01  0.26099463E-04  0.10652684E-03
  0.24400000E+01  0.24312154E-04  0.10607032E-03
  0.24500000E+01  0.22518356E-04  0.10564884E-03
  0.24600000E+01  0.20724061E-04  0.10525308E-03
  0.24700000E+01  0.18922807E-04  0.10487386E-03
  0.24800000E+01  0.17103529E-04  0.10450227E-03
  0.24900000E+01  0.15255912E-04  0.10413104E-03
  0.25000000E+01  0.13372795E-04  0.10375503E-03
  0.25100000E+01  0.11450117E-04  0.10337058E-03
  0.25200000E+01  0.94777720E-05  0.10297146E-03
  0.25300000E+01  0.74759425E-05  0.10256057E-03
  0.25400000E+01  0.54180245E-05  0.10213449E-03
  0.25500000E+01  0.33161397E-05  0.10168660E-03
  0.25600000E+01  0.11784760E-05  0.10121370E-03
  0.25700000E+01 -0.98484143E-06  0.10071429E-03
  0.25800000E+01 -0.31629715E-05  0.10018776E-03
  0.25900000E+01 -0.53464794E-05  0.99633917E-04
  0.26000000E+01 -0.75276415E-05  0.99052669E-04
  0.26100000E+01 -0.96999265E-05  0.98443864E-04
  0.26200000E+01 -0.11857549E-04  0.97807326E-04
  0.26300000E+01 -0.13995248E-04  0.97142973E-04
  0.26400000E+01 -0.16108193E-04  0.96450912E-04
  0.26500000E+01 -0.18191981E-04  0.95731501E-04
  0.26600000E+01 -0.20242665E-04  0.94985375E-04
  0.26700000E+01 -0.22256799E-04  0.94213439E-04
  0.26800000E+01 -0.24231467E-04  0.93416834E-04
  0.26900000E+01 -0.26164288E-04  0.92596883E-04
  0.27000000E+01 -0.28053414E-04  0.91755012E-04
  0.27100000E+01 -0.29897523E-04  0.90892675E-04
  0.27200000E+01 -0.31695802E-04  0.90011265E-04
  0.27300000E+01 -0.33447935E-04  0.89112029E-04
  0.27400000E+01 -0.35154071E-04  0.88196008E-04
  0.27500000E+01 -0.36814794E-04  0.87263991E-04
  0.27600000E+01 -0.38431082E-04  0.86316497E-04
  0.27700000E+01 -0.40004271E-04  0.85353784E-04
  0.27800000E+01 -0.41536030E-04  0.84375879E-04
  0.27900000E+01 -0.43028347E-04  0.83382618E-04
  0.28000000E+01 -0.44483537E-04  0.82373687E-04
  0.28100000E+01 -0.45904255E-04  0.81348675E-04
  0.28200000E+01 -0.47293510E-04  0.80307108E-04
  0.28300000E+01 -0.48654667E-04  0.79248498E-04
  0.28400000E+01 -0.49991397E-04  0.78172384E-04
  0.28500000E+01 -0.51307596E-04  0.77078356E-04
  0.28600000E+01 -0.52607238E-04  0.75966053E-04
  0.28700000E+01 -0.53894187E-04  0.74835082E-04
  0.28800000E+01 -0.55171975E-04  0.73684903E-04
  0.28900000E+01 -0.56443550E-04  0.72514769E-04
  0.29000000E+01 -0.57710994E-04  0.71323870E-04
  0.29100000E+01 -0.58975175E-04  0.70111655E-04
  0.29200000E+01 -0.60235290E-04  0.68878084E-04
  0.29300000E+01 -0.61488228E-04  0.67623571E-04
  0.29400000E+01 -0.62727701E-04  0.66348673E-04
  0.29500000E+01 -0.63943098E-04  0.65053832E-04
  0.29600000E+01 -0.65118074E-04  0.63739385E-04
  0.29700000E+01 -0.66228926E-04  0.62405826E-04
  0.29800000E+01 -0.67242796E-04  0.61054149E-04
  0.29900000E+01 -0.68116189E-04  0.59686070E-04
  0.30000000E+01 -0.68795288E-04  0.58304319E-04
  0.30100000E+01 -0.69220955E-04  0.56913157E-04
  0.30200000E+01 -0.69341802E-04  0.55518750E-04
  0.30300000E+01 -0.69136884E-04  0.54129154E-04
  0.30400000E+01 -0.68644665E-04  0.52753563E-04
  0.30500000E+01 -0.67986946E-04  0.51400589E-04
  0.30600000E+01 -0.67367935E-04  0.50073651E-04
  0.30700000E+01 -0.67026810E-04  0.48760731E-04
  0.30800000E+01 -0.67136704E-04  0.47416372E-04
  0.30900000E+01 -0.67676003E-04  0.45939576E-04
  0.31000000E+01 -0.68334933E-04  0.44170724E-04
  0.31100000E+01 -0.68533228E-04  0.41957202E-04
  0.31200000E+01 -0.67587529E-04  0.39308777E-04
  0.31300000E+01 -0.64983965E-04  0.36521795E-04
  0.31400000E+01 -0.60628994E-04  0.34085703E-04
  0.31500000E+01 -0.54935418E-04  0.32388038E-04
  0.31600000E+01 -0.48680472E-04  0.31464819E-04
  0.31700000E+01 -0.42705082E-04  0.31080594E-04
  0.31800000E+01 -0.37614949E-04  0.31012566E-04
  0.31900000E+01 -0.33629018E-04  0.31138708E-04
  0.32000000E+01 -0.30616825E-04  0.31358243E-04
  0.32100000E+01 -0.28256364E-04  0.31583215E-04
  0.32200000E+01 -0.26202539E-04  0.31784646E-04
  0.32300000E+01 -0.24191303E-04  0.31989524E-04
  0.32400000E+01 -0.22068762E-04  0.32236652E-04
  0.32500000E+01 -0.19776409E-04  0.32548815E-04
  0.32600000E+01 -0.17326516E-04  0.32936945E-04
  0.32700000E+01 -0.14781781E-04  0.33411172E-04
  0.32800000E+01 -0.12234798E-04  0.33977033E-04
  0.32900000E+01 -0.97798111E-05  0.34621707E-04
  0.33000000E+01 -0.74817415E-05  0.35317405E-04
  0.33100000E+01 -0.53643598E-05  0.36051861E-04
  0.33200000E+01 -0.34428471E-05  0.36832398E-04
  0.33300000E+01 -0.17984054E-05  0.37632669E-04
  0.33400000E+01 -0.61942383E-06  0.38394927E-04
  0.33500000E+01 -0.56300950E-07  0.39103482E-04
  0.33600000E+01  0.11697153E-06  0.39697905E-04
  0.33700000E+01  0.57653872E-06  0.39972963E-04
  0.33800000E+01  0.18556884E-05  0.39909128E-04
  0.33900000E+01  0.38079939E-05  0.39940330E-04
  0.34000000E+01  0.60384302E-05  0.40166108E-04
  0.34100000E+01  0.85111324E-05  0.40481573E-04
  0.34200000E+01  0.11271979E-04  0.41121897E-04
  0.34300000E+01  0.13999744E-04  0.42109987E-04
  0.34400000E+01  0.16228346E-04  0.43306161E-04
  0.34500000E+01  0.17755610E-04  0.44604581E-04
  0.34600000E+01  0.18675700E-04  0.45937340E-04
  0.34700000E+01  0.19179835E-04  0.47268196E-04
  0.34800000E+01  0.19411169E-04  0.48600977E-04
  0.34900000E+01  0.19431989E-04  0.49953575E-04
  0.35000000E+01  0.19244119E-04  0.51330375E-04
  0.35100000E+01  0.18815478E-04  0.52723766E-04
  0.35200000E+01  0.18099962E-04  0.54126555E-04
  0.35300000E+01  0.17052177E-04  0.55534322E-04
  0.35400000E+01  0.15637787E-04  0.56938807E-04
  0.35500000E+01  0.13838117E-04  0.58323131E-04
  0.35600000E+01  0.11649339E-04  0.59663964E-04
  0.35700000E+01  0.90790683E-05  0.60937116E-04
  0.35800000E+01  0.61436213E-05  0.62120023E-04
  0.35900000E+01  0.28674006E-05  0.63189165E-04
  0.36000000E+01 -0.71620426E-06  0.64117020E-04
  0.36100000E+01 -0.45640302E-05  0.64873494E-04
  0.36200000E+01 -0.86237346E-05  0.65430899E-04
  0.36300000E+01 -0.12836035E-04  0.65768694E-04
  0.36400000E+01 -0.17138105E-04  0.65876559E-04
  0.36500000E+01 -0.21467357E-04  0.65756005E-04
  0.36600000E+01 -0.25764877E-04  0.65419867E-04
  0.36700000E+01 -0.29977894E-04  0.64889306E-04
  0.36800000E+01 -0.34060932E-04  0.64190093E-04
  0.36900000E+01 -0.37975649E-04  0.63349661E-04
  0.37000000E+01 -0.41689705E-04  0.62394593E-04
  0.37100000E+01 -0.45175309E-04  0.61348155E-04
  0.37200000E+01 -0.48408228E-04  0.60228518E-04
  0.37300000E+01 -0.51368105E-04  0.59048367E-04
  0.37400000E+01 -0.54040581E-04  0.57815861E-04
  0.37500000E+01 -0.56420871E-04  0.56536259E-04
  0.37600000E+01 -0.58516944E-04  0.55213516E-04
  0.37700000E+01 -0.60348844E-04  0.53851372E-04
  0.37800000E+01 -0.61940234E-04  0.52453772E-04
  0.37900000E+01 -0.63301449E-04  0.51020054E-04
  0.38000000E+01 -0.64412038E-04  0.49560883E-04
  0.38100000E+01 -0.65220701E-04  0.48065508E-04
  0.38200000E+01 -0.65677151E-04  0.46537478E-04
  0.38300000E+01 -0.65782695E-04  0.44979224E-04
  0.38400000E+01 -0.65617284E-04  0.43474082E-04
  0.38500000E+01 -0.63413522E-04  0.42326171E-04
  0.38600000E+01 -0.67059253E-04  0.44351399E-04
  0.38700000E+01 -0.63229953E-04  0.39710915E-04
  0.38800000E+01 -0.45539632E-04  0.41767802E-04
  0.38900000E+01 -0.86377399E-04  0.70580579E-04
  0.39000000E+01 -0.88368913E-04  0.19055223E-04
  0.39100000E+01 -0.59809950E-04  0.23468110E-04
  0.39200000E+01 -0.57868529E-04  0.25670457E-04
  0.39300000E+01 -0.55831917E-04  0.26285259E-04
  0.39400000E+01 -0.53986308E-04  0.26310835E-04
  0.39500000E+01 -0.52392826E-04  0.26041201E-04
  0.39600000E+01 -0.50953444E-04  0.25573743E-04
  0.39700000E+01 -0.49561387E-04  0.24988263E-04
  0.39800000E+01 -0.48240351E-04  0.24429485E-04
  0.39900000E+01 -0.47074008E-04  0.23955822E-04
  0.40000000E+01 -0.46147285E-04  0.23493726E-04
  0.40100000E+01 -0.45487541E-04  0.22950428E-04
  0.40200000E+01 -0.44701320E-04  0.22278320E-04
  0.40300000E+01 -0.43782065E-04  0.21572269E-04
  0.40400000E+01 -0.42738720E-04  0.20314537E-04
  0.40500000E+01 -0.41521366E-04  0.20161648E-04
  0.40600000E+01 -0.40131975E-04  0.19672884E-04
  0.40700000E+01 -0.38592145E-04  0.19957064E-04
  0.40800000E+01 -0.36937142E-04  0.14747452E-04
  0.40900000E+01 -0.35215108E-04  0.16715088E-04
  0.41000000E+01 -0.33483513E-04  0.16735230E-04
  0.41100000E+01 -0.31802224E-04  0.16630334E-04
  0.41200000E+01 -0.30225280E-04  0.16519274E-04
  0.41300000E+01 -0.28794309E-04  0.16418847E-04
  0.41400000E+01 -0.27535872E-04  0.16327508E-04
  0.41500000E+01 -0.26464340E-04  0.16239580E-04
  0.41600000E+01 -0.25585906E-04  0.16146905E-04
  0.41700000E+01 -0.24881374E-04  0.16035266E-04
  0.41800000E+01 -0.24273008E-04  0.15884589E-04
  0.41900000E+01 -0.23666986E-04  0.15709784E-04
  0.42000000E+01 -0.23057940E-04  0.15561835E-04
  0.42100000E+01 -0.22507056E-04  0.15434384E-04
  0.42200000E+01 -0.22032788E-04  0.15309330E-04
  0.42300000E+01 -0.21605192E-04  0.15181992E-04
  0.42400000E+01 -0.21198796E-04  0.15052460E-04
  0.42500000E+01 -0.20804884E-04  0.14921810E-04
  0.42600000E+01 -0.20420808E-04  0.14791092E-04
  0.42700000E+01 -0.20044699E-04  0.14661114E-04
  0.42800000E+01 -0.19674844E-04  0.14532437E-04
  0.42900000E+01 -0.19309058E-04  0.14405380E-04
  0.43000000E+01 -0.18945584E-04  0.14280807E-04
  0.43100000E+01 -0.18584201E-04  0.14159351E-04
  0.43200000E+01 -0.18224350E-04  0.14041270E-04
  0.43300000E+01 -0.17864850E-04  0.13926941E-04
  0.43400000E+01 -0.17504651E-04  0.13816727E-04
  0.43500000E+01 -0.17142831E-04  0.13710933E-04
  0.43600000E+01 -0.16778605E-04  0.13609808E-04
  0.43700000E+01 -0.16411424E-04  0.13513538E-04
  0.43800000E+01 -0.16040961E-04  0.13422248E-04
  0.43900000E+01 -0.15666548E-04  0.13336021E-04
  0.44000000E+01 -0.15285964E-04  0.13255076E-04
  0.44100000E+01 -0.14898040E-04  0.13180587E-04
  0.44200000E+01 -0.14510807E-04  0.13115478E-04
  0.44300000E+01 -0.14153978E-04  0.13054686E-04
  0.44400000E+01 -0.13739829E-04  0.12962948E-04
  0.44500000E+01 -0.13385215E-04  0.12926352E-04
  0.44600000E+01 -0.13004433E-04  0.12866195E-04
  0.44700000E+01 -0.12623129E-04  0.12811362E-04
  0.44800000E+01 -0.12244507E-04  0.12761107E-04
  0.44900000E+01 -0.11872976E-04  0.12715886E-04
  0.45000000E+01 -0.11512571E-04  0.12674373E-04
  0.45100000E+01 -0.11163995E-04  0.12634833E-04
  0.45200000E+01 -0.10826418E-04  0.12597670E-04
  0.45300000E+01 -0.10501122E-04  0.12563235E-04
  0.45400000E+01 -0.10190900E-04  0.12531497E-04
  0.45500000E+01 -0.98982164E-05  0.12502283E-04
  0.45600000E+01 -0.96249708E-05  0.12475367E-04
  0.45700000E+01 -0.93727306E-05  0.12450492E-04
  0.45800000E+01 -0.91427648E-05  0.12427359E-04
  0.45900000E+01 -0.89359660E-05  0.12405606E-04
  0.46000000E+01 -0.87527669E-05  0.12384783E-04
  0.46100000E+01 -0.85930755E-05  0.12364326E-04
  0.46200000E+01 -0.84562359E-05  0.12343527E-04
  0.46300000E+01 -0.83410178E-05  0.12321503E-04
  0.46400000E+01 -0.82456341E-05  0.12297188E-04
  0.46500000E+01 -0.81677894E-05  0.12269374E-04
  0.46600000E+01 -0.81047576E-05  0.12236792E-04
  0.46700000E+01 -0.80534830E-05  0.12198241E-04
  0.46800000E+01 -0.80107028E-05  0.12152744E-04
  0.46900000E+01 -0.79730783E-05  0.12099699E-04
  0.47000000E+01 -0.79373294E-05  0.12038992E-04
  0.47100000E+01 -0.79003623E-05  0.11971021E-04
  0.47200000E+01 -0.78593807E-05  0.11896592E-04
  0.47300000E+01 -0.78119752E-05  0.11816760E-04
  0.47400000E+01 -0.77561878E-05  0.11732647E-04
  0.47500000E+01 -0.76905498E-05  0.11645314E-04
  0.47600000E+01 -0.76140836E-05  0.11555687E-04
  0.47700000E+01 -0.75262746E-05  0.11464559E-04
  0.47800000E+01 -0.74271293E-05  0.11372641E-04
  0.47900000E+01 -0.73173033E-05  0.11280576E-04
  0.48000000E+01 -0.71973815E-05  0.11188829E-04
  0.48100000E+01 -0.70662773E-05  0.11097766E-04
  0.48200000E+01 -0.69233448E-05  0.11009244E-04
  0.48300000E+01 -0.67719184E-05  0.10924873E-04
  0.48400000E+01 -0.66155155E-05  0.10844365E-04
  0.48500000E+01 -0.64549159E-05  0.10767718E-04
  0.48600000E+01 -0.62905660E-05  0.10695004E-04
  0.48700000E+01 -0.61235954E-05  0.10626120E-04
  0.48800000E+01 -0.59552821E-05  0.10560779E-04
  0.48900000E+01 -0.57867624E-05  0.10498575E-04
  0.49000000E+01 -0.56189573E-05  0.10439047E-04
  0.49100000E+01 -0.54525288E-05  0.10381718E-04
  0.49200000E+01 -0.52878512E-05  0.10326128E-04
  0.49300000E+01 -0.51250113E-05  0.10271847E-04
  0.49400000E+01 -0.49638436E-05  0.10218497E-04
  0.49500000E+01 -0.48039960E-05  0.10165785E-04
  0.49600000E+01 -0.46450154E-05  0.10113532E-04
  0.49700000E+01 -0.44864297E-05  0.10061672E-04
  0.49800000E+01 -0.43278007E-05  0.10010228E-04
  0.49900000E+01 -0.41687262E-05  0.99592643E-05
  0.50000000E+01 -0.40087819E-05  0.99088200E-05
  0.50100000E+01 -0.38474167E-05  0.98588223E-05
  0.50200000E+01 -0.36838436E-05  0.98089994E-05
  0.50300000E+01 -0.35169848E-05  0.97588561E-05
  0.50400000E+01 -0.33455314E-05  0.97077776E-05
  0.50500000E+01 -0.31681169E-05  0.96552775E-05
  0.50600000E+01 -0.29835301E-05  0.96013053E-05
  0.50700000E+01 -0.27909181E-05  0.95464208E-05
  0.50800000E+01 -0.25900042E-05  0.94916311E-05
  0.50900000E+01 -0.23812717E-05  0.94379891E-05
  0.51000000E+01 -0.21659067E-05  0.93862398E-05
  0.51100000E+01 -0.19454958E-05  0.93366862E-05
  0.51200000E+01 -0.17217492E-05  0.92894385E-05
  0.51300000E+01 -0.14963312E-05  0.92446047E-05
  0.51400000E+01 -0.12706960E-05  0.92023719E-05
  0.51500000E+01 -0.10459641E-05  0.91630293E-05
  0.51600000E+01 -0.82294110E-06  0.91269408E-05
  0.51700000E+01 -0.60223009E-06  0.90945058E-05
  0.51800000E+01 -0.38435284E-06  0.90661214E-05
  0.51900000E+01 -0.16984222E-06  0.90421533E-05
  0.52000000E+01  0.40699533E-07  0.90229147E-05
  0.52100000E+01  0.24657432E-06  0.90086549E-05
  0.52200000E+01  0.44699151E-06  0.89995605E-05
  0.52300000E+01  0.64109632E-06  0.89957747E-05
  0.52400000E+01  0.82802531E-06  0.89974534E-05
  0.52500000E+01  0.10069774E-05  0.90049050E-05
  0.52600000E+01  0.11772926E-05  0.90189979E-05
  0.52700000E+01  0.13385057E-05  0.90426982E-05
  0.52800000E+01  0.14903426E-05  0.90906222E-05
  0.52900000E+01  0.16326324E-05  0.95880054E-05
  0.53000000E+01  0.17651487E-05  0.89643183E-05
  0.53100000E+01  0.18874232E-05  0.90388171E-05
  0.53200000E+01  0.19985877E-05  0.90798410E-05
  0.53300000E+01  0.20973000E-05  0.91248030E-05
  0.53400000E+01  0.21817469E-05  0.91558952E-05
  0.53500000E+01  0.22496953E-05  0.91932931E-05
  0.53600000E+01  0.22985405E-05  0.92324842E-05
  0.53700000E+01  0.23253325E-05  0.92734457E-05
  0.53800000E+01  0.23268063E-05  0.93162537E-05
  0.53900000E+01  0.22994661E-05  0.93609864E-05
  0.54000000E+01  0.22397794E-05  0.94076835E-05
  0.54100000E+01  0.21445023E-05  0.94562673E-05
  0.54200000E+01  0.20111113E-05  0.95063948E-05
  0.54300000E+01  0.18382828E-05  0.95572123E-05
  0.54400000E+01  0.16263285E-05  0.96070166E-05
  0.54500000E+01  0.13775068E-05  0.96528978E-05
  0.54600000E+01  0.10961325E-05  0.96905524E-05
  0.54700000E+01  0.78845089E-06  0.97145601E-05
  0.54800000E+01  0.46227478E-06  0.97193281E-05
  0.54900000E+01  0.12642787E-06  0.97005348E-05
  0.55000000E+01 -0.20992369E-06  0.96563933E-05
  0.55100000E+01 -0.53796101E-06  0.95879624E-05
  0.55200000E+01 -0.84981451E-06  0.94983272E-05
  0.55300000E+01 -0.11390092E-05  0.93912559E-05
  0.55400000E+01 -0.14006991E-05  0.92701523E-05
  0.55500000E+01 -0.16316910E-05  0.91376757E-05
  0.55600000E+01 -0.18303063E-05  0.89958676E-05
  0.55700000E+01 -0.19961737E-05  0.88464344E-05
  0.55800000E+01 -0.21298645E-05  0.86909506E-05
  0.55900000E+01 -0.22330619E-05  0.85310405E-05
  0.56000000E+01 -0.23077455E-05  0.83672925E-05
  0.56100000E+01 -0.23514348E-05  0.81998761E-05
  0.56200000E+01 -0.23635866E-05  0.80314837E-05
  0.56300000E+01 -0.23477806E-05  0.78637942E-05
  0.56400000E+01 -0.23074856E-05  0.76966186E-05
  0.56500000E+01 -0.22440180E-05  0.75299166E-05
  0.56600000E+01 -0.21578584E-05  0.73639635E-05
  0.56700000E+01 -0.20498736E-05  0.71991892E-05
  0.56800000E+01 -0.19213223E-05  0.70361386E-05
  0.56900000E+01 -0.17736242E-05  0.68754661E-05
  0.57000000E+01 -0.16082561E-05  0.67179230E-05
  0.57100000E+01 -0.14267037E-05  0.65643347E-05
  0.57200000E+01 -0.12304295E-05  0.64155692E-05
  0.57300000E+01 -0.10208470E-05  0.62725034E-05
  0.57400000E+01 -0.79930468E-06  0.61359913E-05
  0.57500000E+01 -0.56708079E-06  0.60068343E-05
  0.57600000E+01 -0.32538728E-06  0.58857582E-05
  0.57700000E+01 -0.75380674E-07  0.57733936E-05
  0.57800000E+01  0.18182375E-06  0.56702621E-05
  0.57900000E+01  0.44513595E-06  0.55767657E-05
  0.58000000E+01  0.71347683E-06  0.54931809E-05
  0.58100000E+01  0.98576636E-06  0.54196560E-05
  0.58200000E+01  0.12609169E-05  0.53562117E-05
  0.58300000E+01  0.15378289E-05  0.53027447E-05
  0.58400000E+01  0.18153921E-05  0.52590348E-05
  0.58500000E+01  0.20924910E-05  0.52247547E-05
  0.58600000E+01  0.23680112E-05  0.51994812E-05
  0.58700000E+01  0.26408494E-05  0.51827100E-05
  0.58800000E+01  0.29099243E-05  0.51738696E-05
  0.58900000E+01  0.31741872E-05  0.51723379E-05
  0.59000000E+01  0.34326336E-05  0.51774571E-05
  0.59100000E+01  0.36843126E-05  0.51885490E-05
  0.59200000E+01  0.39283367E-05  0.52049282E-05
  0.59300000E+01  0.41638890E-05  0.52259144E-05
  0.59400000E+01  0.43902287E-05  0.52508423E-05
  0.59500000E+01  0.46066965E-05  0.52790702E-05
  0.59600000E+01  0.48127169E-05  0.53099860E-05
  0.59700000E+01  0.50078013E-05  0.53430121E-05
  0.59800000E+01  0.51915464E-05  0.53776082E-05
  0.59900000E+01  0.53636359E-05  0.54132734E-05
  0.60000000E+01  0.55238373E-05  0.54495464E-05
  0.60100000E+01  0.56720010E-05  0.54860060E-05
  0.60200000E+01  0.58080573E-05  0.55222697E-05
  0.60300000E+01  0.59320125E-05  0.55579931E-05
  0.60400000E+01  0.60439460E-05  0.55928681E-05
  0.60500000E+01  0.61440062E-05  0.56266211E-05
  0.60600000E+01  0.62324061E-05  0.56590114E-05
  0.60700000E+01  0.63094185E-05  0.56898294E-05
  0.60800000E+01  0.63753720E-05  0.57188946E-05
  0.60900000E+01  0.64306455E-05  0.57460537E-05
  0.61000000E+01  0.64756639E-05  0.57711791E-05
  0.61100000E+01  0.65108922E-05  0.57941670E-05
  0.61200000E+01  0.65368308E-05  0.58149360E-05
  0.61300000E+01  0.65540105E-05  0.58334253E-05
  0.61400000E+01  0.65629867E-05  0.58495936E-05
  0.61500000E+01  0.65643345E-05  0.58634177E-05
  0.61600000E+01  0.65586438E-05  0.58748909E-05
  0.61700000E+01  0.65465138E-05  0.58840226E-05
  0.61800000E+01  0.65285485E-05  0.58908363E-05
  0.61900000E+01  0.65053520E-05  0.58953691E-05
  0.62000000E+01  0.64775238E-05  0.58976707E-05
  0.62100000E+01  0.64456550E-05  0.58978019E-05
  0.62200000E+01  0.64103242E-05  0.58958341E-05
  0.62300000E+01  0.63720940E-05  0.58918477E-05
  0.62400000E+01  0.63315078E-05  0.58859316E-05
  0.62500000E+01  0.62890873E-05  0.58781814E-05
  0.62600000E+01  0.62453296E-05  0.58686986E-05
  0.62700000E+01  0.62007057E-05  0.58575892E-05
  0.62800000E+01  0.61556585E-05  0.58449622E-05
  0.62900000E+01  0.61106022E-05  0.58309282E-05
  0.63000000E+01  0.60659208E-05  0.58155979E-05
  0.63100000E+01  0.60219683E-05  0.57990804E-05
  0.63200000E+01  0.59790686E-05  0.57814816E-05
  0.63300000E+01  0.59375157E-05  0.57629028E-05
  0.63400000E+01  0.58975745E-05  0.57434384E-05
  0.63500000E+01  0.58594820E-05  0.57231752E-05
  0.63600000E+01  0.58234481E-05  0.57021902E-05
  0.63700000E+01  0.57896579E-05  0.56805495E-05
  0.63800000E+01  0.57582728E-05  0.56583073E-05
  0.63900000E+01  0.57294326E-05  0.56355046E-05
  0.64000000E+01  0.57032580E-05  0.56121687E-05
  0.64100000E+01  0.56798523E-05  0.55883130E-05
  0.64200000E+01  0.56593037E-05  0.55639368E-05
  0.64300000E+01  0.56416882E-05  0.55390255E-05
  0.64400000E+01  0.56270711E-05  0.55135519E-05
  0.64500000E+01  0.56155097E-05  0.54874767E-05
  0.64600000E+01  0.56070553E-05  0.54607503E-05
  0.64700000E+01  0.56017554E-05  0.54333147E-05
  0.64800000E+01  0.55996555E-05  0.54051051E-05
  0.64900000E+01  0.56008007E-05  0.53760527E-05
  0.65000000E+01  0.56052377E-05  0.53460869E-05
  0.65100000E+01  0.56130153E-05  0.53151377E-05
  0.65200000E+01  0.56241862E-05  0.52831385E-05
  0.65300000E+01  0.56388073E-05  0.52500280E-05
  0.65400000E+01  0.56569404E-05  0.52157526E-05
  0.65500000E+01  0.56786524E-05  0.51802686E-05
  0.65600000E+01  0.57040151E-05  0.51435430E-05
  0.65700000E+01  0.57331052E-05  0.51055550E-05
  0.65800000E+01  0.57660034E-05  0.50662966E-05
  0.65900000E+01  0.58027938E-05  0.50257719E-05
  0.66000000E+01  0.58435628E-05  0.49839969E-05
  0.66100000E+01  0.58883983E-05  0.49409979E-05
  0.66200000E+01  0.59373876E-05  0.48968095E-05
  0.66300000E+01  0.59906169E-05  0.48514725E-05
  0.66400000E+01  0.60481693E-05  0.48050310E-05
  0.66500000E+01  0.61101238E-05  0.47575299E-05
  0.66600000E+01  0.61765535E-05  0.47090126E-05
  0.66700000E+01  0.62475246E-05  0.46595189E-05
  0.66800000E+01  0.63230953E-05  0.46090841E-05
  0.66900000E+01  0.64033146E-05  0.45577387E-05
  0.67000000E+01  0.64882222E-05  0.45055094E-05
  0.67100000E+01  0.65778478E-05  0.44524212E-05
  0.67200000E+01  0.66722114E-05  0.43985000E-05
  0.67300000E+01  0.67713240E-05  0.43437762E-05
  0.67400000E+01  0.68751883E-05  0.42882880E-05
  0.67500000E+01  0.69838013E-05  0.42320850E-05
  0.67600000E+01  0.70971562E-05  0.41752301E-05
  0.67700000E+01  0.72152458E-05  0.41178010E-05
  0.67800000E+01  0.73380668E-05  0.40598891E-05
  0.67900000E+01  0.74656246E-05  0.40015974E-05
  0.68000000E+01  0.75979390E-05  0.39430356E-05
  0.68100000E+01  0.77350505E-05  0.38843141E-05
  0.68200000E+01  0.78770273E-05  0.38255364E-05
  0.68300000E+01  0.80239722E-05  0.37667904E-05
  0.68400000E+01  0.81760299E-05  0.37081409E-05
  0.68500000E+01  0.83333932E-05  0.36496225E-05
  0.68600000E+01  0.84963094E-05  0.35912344E-05
  0.68700000E+01  0.86650852E-05  0.35329392E-05
  0.68800000E+01  0.88400906E-05  0.34746645E-05
  0.68900000E+01  0.90217626E-05  0.34163088E-05
  0.69000000E+01  0.92106084E-05  0.33577517E-05
  0.69100000E+01  0.94072091E-05  0.32988674E-05
  0.69200000E+01  0.96122268E-05  0.32395412E-05
  0.69300000E+01  0.98264147E-05  0.31796881E-05
  0.69400000E+01  0.10050634E-04  0.31192729E-05
  0.69500000E+01  0.10285882E-04  0.30583313E-05
  0.69600000E+01  0.10533323E-04  0.29969902E-05
  0.69700000E+01  0.10794348E-04  0.29354882E-05
  0.69800000E+01  0.11070632E-04  0.28741941E-05
  0.69900000E+01  0.11364224E-04  0.28136220E-05
  0.70000000E+01  0.11677640E-04  0.27544435E-05
