  0.00000000E+00  0.67436238E-03 -0.17455802E-12
  0.10000000E-01  0.49419909E-03  0.94812265E-04
  0.20000000E-01 -0.12564478E-03  0.11597923E-03
  0.30000000E-01 -0.97016112E-03 -0.27485890E-03
  0.40000000E-01  0.70020787E-03 -0.48122237E-03
  0.50000000E-01 -0.92699903E-03 -0.24257471E-03
  0.60000000E-01 -0.29095090E-02  0.32871873E-02
  0.70000000E-01  0.31066966E-02 -0.69683224E-03
  0.80000000E-01  0.43760175E-03 -0.24703286E-03
  0.90000000E-01  0.50288184E-03 -0.13083925E-03
  0.10000000E+00  0.26263738E-03 -0.59699855E-04
  0.11000000E+00  0.76245474E-04 -0.13412296E-04
  0.12000000E+00 -0.48295509E-04  0.10526473E-04
  0.13000000E+00 -0.97643498E-04  0.19470758E-04
  0.14000000E+00 -0.10699067E-03  0.26385327E-04
  0.15000000E+00 -0.10541891E-03  0.30866502E-04
  0.16000000E+00 -0.99169495E-04  0.33485427E-04
  0.17000000E+00 -0.91803252E-04  0.34857891E-04
  0.18000000E+00 -0.85063336E-04  0.35381351E-04
  0.19000000E+00 -0.79490405E-04  0.35302492E-04
  0.20000000E+00 -0.75080325E-04  0.34784859E-04
  0.21000000E+00 -0.71641553E-04  0.33945581E-04
  0.22000000E+00 -0.68931473E-04  0.32871023E-04
  0.23000000E+00 -0.66663420E-04  0.31629212E-04
  0.24000000E+00 -0.64474632E-04  0.30279543E-04
  0.25000000E+00 -0.61910391E-04  0.28878345E-04
  0.26000000E+00 -0.58468676E-04  0.27490174E-04
  0.27000000E+00 -0.53736590E-04  0.26204723E-04
  0.28000000E+00 -0.47581863E-04  0.25157950E-04
  0.29000000E+00 -0.40257258E-04  0.24548173E-04
  0.30000000E+00 -0.32268944E-04  0.24626139E-04
  0.31000000E+00 -0.24067469E-04  0.25593458E-04
  0.32000000E+00 -0.15878265E-04  0.27432805E-04
  0.33000000E+00 -0.79157081E-05  0.30058215E-04
  0.34000000E+00 -0.76625596E-06  0.33765685E-04
  0.35000000E+00  0.45714513E-05  0.38667803E-04
  0.36000000E+00  0.71658332E-05  0.43986076E-04
  0.37000000E+00  0.67227036E-05  0.48897338E-04
  0.38000000E+00  0.37124696E-05  0.53303886E-04
  0.39000000E+00 -0.98784291E-06  0.57323191E-04
  0.40000000E+00 -0.65415894E-05  0.60755045E-04
  0.41000000E+00 -0.12365703E-04  0.63445025E-04
  0.42000000E+00 -0.18118768E-04  0.65588280E-04
  0.43000000E+00 -0.23620627E-04  0.67382418E-04
  0.44000000E+00 -0.28786746E-04  0.68760615E-04
  0.45000000E+00 -0.33583714E-04  0.69644601E-04
  0.46000000E+00 -0.38006028E-04  0.70148888E-04
  0.47000000E+00 -0.42071394E-04  0.70387985E-04
  0.48000000E+00 -0.45817814E-04  0.70292789E-04
  0.49000000E+00 -0.49294626E-04  0.69752100E-04
  0.50000000E+00 -0.52560518E-04  0.68774615E-04
  0.51000000E+00 -0.55703451E-04  0.67395489E-04
  0.52000000E+00 -0.58890801E-04  0.65516092E-04
  0.53000000E+00 -0.62468603E-04  0.62952625E-04
  0.54000000E+00 -0.67145231E-04  0.59560093E-04
  0.55000000E+00 -0.74276887E-04  0.55208836E-04
  0.56000000E+00 -0.86188211E-04  0.49645759E-04
  0.57000000E+00 -0.10630226E-03  0.42462738E-04
  0.58000000E+00 -0.13865509E-03  0.33166437E-04
  0.59000000E+00 -0.18627398E-03  0.21196263E-04
  0.60000000E+00 -0.24817609E-03  0.58367340E-05
  0.61000000E+00 -0.31563632E-03 -0.13801013E-04
  0.62000000E+00 -0.36971861E-03 -0.38565201E-04
  0.63000000E+00 -0.38301093E-03 -0.68718893E-04
  0.64000000E+00 -0.32774399E-03 -0.10284685E-03
  0.65000000E+00 -0.18927318E-03 -0.13576068E-03
  0.66000000E+00  0.20630678E-04 -0.15542134E-03
  0.67000000E+00  0.25900068E-03 -0.14159383E-03
  0.68000000E+00  0.46153245E-03 -0.73691326E-04
  0.69000000E+00  0.56567956E-03  0.47659141E-04
  0.70000000E+00  0.53676125E-03  0.18533273E-03
  0.71000000E+00  0.38337606E-03  0.28866769E-03
  0.72000000E+00  0.15355222E-03  0.33406753E-03
  0.73000000E+00 -0.86209855E-04  0.33189161E-03
  0.74000000E+00 -0.27750662E-03  0.30452231E-03
  0.75000000E+00 -0.38889839E-03  0.26943676E-03
  0.76000000E+00 -0.41990335E-03  0.23579817E-03
  0.77000000E+00 -0.39198299E-03  0.20700961E-03
  0.78000000E+00 -0.33421667E-03  0.18359729E-03
  0.79000000E+00 -0.27142952E-03  0.16496758E-03
  0.80000000E+00 -0.21859198E-03  0.15023641E-03
  0.81000000E+00 -0.18098666E-03  0.13856765E-03
  0.82000000E+00 -0.15762252E-03  0.12927537E-03
  0.83000000E+00 -0.14478619E-03  0.12180047E-03
  0.84000000E+00 -0.13853249E-03  0.11573374E-03
  0.85000000E+00 -0.13586942E-03  0.11075676E-03
  0.86000000E+00 -0.13487210E-03  0.10660543E-03
  0.87000000E+00 -0.13447077E-03  0.10311542E-03
  0.88000000E+00 -0.13427000E-03  0.10017447E-03
  0.89000000E+00 -0.13418540E-03  0.97681717E-04
  0.90000000E+00 -0.13428954E-03  0.95570065E-04
  0.91000000E+00 -0.13471666E-03  0.93798769E-04
  0.92000000E+00 -0.13562411E-03  0.92334848E-04
  0.93000000E+00 -0.13717251E-03  0.91140591E-04
  0.94000000E+00 -0.13950213E-03  0.90175363E-04
  0.95000000E+00 -0.14272653E-03  0.89414255E-04
  0.96000000E+00 -0.14695981E-03  0.88851952E-04
  0.97000000E+00 -0.15235364E-03  0.88467036E-04
  0.98000000E+00 -0.15906554E-03  0.88179850E-04
  0.99000000E+00 -0.16709242E-03  0.87827937E-04
  0.10000000E+01 -0.17608693E-03  0.87182948E-04
  0.10100000E+01 -0.18546659E-03  0.86029793E-04
  0.10200000E+01 -0.19476277E-03  0.84359058E-04
  0.10300000E+01 -0.20385749E-03  0.82199041E-04
  0.10400000E+01 -0.21236837E-03  0.79268135E-04
  0.10500000E+01 -0.21982686E-03  0.75509840E-04
  0.10600000E+01 -0.22604450E-03  0.71069624E-04
  0.10700000E+01 -0.23044337E-03  0.66044302E-04
  0.10800000E+01 -0.23339105E-03  0.60911481E-04
  0.10900000E+01 -0.23541661E-03  0.55764194E-04
  0.11000000E+01 -0.23669196E-03  0.50813350E-04
  0.11100000E+01 -0.23841949E-03  0.46185663E-04
  0.11200000E+01 -0.24481104E-03  0.40815143E-04
  0.11300000E+01 -0.23741212E-03  0.30691611E-04
  0.11400000E+01 -0.25695881E-03  0.14027549E-04
  0.11500000E+01 -0.21043757E-03  0.21513016E-04
  0.11600000E+01 -0.20380055E-03  0.19923285E-04
  0.11700000E+01 -0.19806400E-03  0.19150702E-04
  0.11800000E+01 -0.19115328E-03  0.18835609E-04
  0.11900000E+01 -0.18613106E-03  0.18887229E-04
  0.12000000E+01 -0.18313148E-03  0.18952807E-04
  0.12100000E+01 -0.18153848E-03  0.18840018E-04
  0.12200000E+01 -0.18090342E-03  0.18592609E-04
  0.12300000E+01 -0.18122493E-03  0.18107722E-04
  0.12400000E+01 -0.18209099E-03  0.17485185E-04
  0.12500000E+01 -0.18349986E-03  0.16928708E-04
  0.12600000E+01 -0.18552666E-03  0.16433134E-04
  0.12700000E+01 -0.18812094E-03  0.15965230E-04
  0.12800000E+01 -0.19131331E-03  0.15445789E-04
  0.12900000E+01 -0.19490846E-03  0.14775540E-04
  0.13000000E+01 -0.19857783E-03  0.13965108E-04
  0.13100000E+01 -0.20211295E-03  0.13047226E-04
  0.13200000E+01 -0.20543619E-03  0.12065024E-04
  0.13300000E+01 -0.20838910E-03  0.10976948E-04
  0.13400000E+01 -0.21102745E-03  0.99820758E-05
  0.13500000E+01 -0.21358509E-03  0.89780971E-05
  0.13600000E+01 -0.21598101E-03  0.79363671E-05
  0.13700000E+01 -0.21819093E-03  0.68457527E-05
  0.13800000E+01 -0.22020389E-03  0.57028554E-05
  0.13900000E+01 -0.22202458E-03  0.44931209E-05
  0.14000000E+01 -0.22367366E-03  0.31940523E-05
  0.14100000E+01 -0.22515966E-03  0.18077818E-05
  0.14200000E+01 -0.22641893E-03  0.33203555E-06
  0.14300000E+01 -0.22742228E-03 -0.11608909E-05
  0.14400000E+01 -0.22819287E-03 -0.27147133E-05
  0.14500000E+01 -0.22873570E-03 -0.42031724E-05
  0.14600000E+01 -0.22903815E-03 -0.56571672E-05
  0.14700000E+01 -0.22911831E-03 -0.68847577E-05
  0.14800000E+01 -0.22906119E-03 -0.82895005E-05
  0.14900000E+01 -0.22898115E-03 -0.94848771E-05
  0.15000000E+01 -0.22897878E-03 -0.10612149E-04
  0.15100000E+01 -0.22912222E-03 -0.11696891E-04
  0.15200000E+01 -0.22944519E-03 -0.12760802E-04
  0.15300000E+01 -0.22994947E-03 -0.13816656E-04
  0.15400000E+01 -0.23064706E-03 -0.14877273E-04
  0.15500000E+01 -0.23154268E-03 -0.15986537E-04
  0.15600000E+01 -0.23262198E-03 -0.16894179E-04
  0.15700000E+01 -0.23385229E-03 -0.18176539E-04
  0.15800000E+01 -0.23517406E-03 -0.19380366E-04
  0.15900000E+01 -0.23652976E-03 -0.20638160E-04
  0.16000000E+01 -0.23785254E-03 -0.21948317E-04
  0.16100000E+01 -0.23910039E-03 -0.23296549E-04
  0.16200000E+01 -0.24026255E-03 -0.24660925E-04
  0.16300000E+01 -0.24135721E-03 -0.26026267E-04
  0.16400000E+01 -0.24236833E-03 -0.27393834E-04
  0.16500000E+01 -0.24328816E-03 -0.28761364E-04
  0.16600000E+01 -0.24415214E-03 -0.30101971E-04
  0.16700000E+01 -0.24501006E-03 -0.31451005E-04
  0.16800000E+01 -0.24574992E-03 -0.32773995E-04
  0.16900000E+01 -0.24646219E-03 -0.34021413E-04
  0.17000000E+01 -0.24749240E-03 -0.35296171E-04
  0.17100000E+01 -0.24844360E-03 -0.36660022E-04
  0.17200000E+01 -0.24935457E-03 -0.38057992E-04
  0.17300000E+01 -0.25021764E-03 -0.39480720E-04
  0.17400000E+01 -0.25101333E-03 -0.40917363E-04
  0.17500000E+01 -0.25168710E-03 -0.42360763E-04
  0.17600000E+01 -0.25220288E-03 -0.43766052E-04
  0.17700000E+01 -0.25259940E-03 -0.45125635E-04
  0.17800000E+01 -0.25284564E-03 -0.46429899E-04
  0.17900000E+01 -0.25300974E-03 -0.47535964E-04
  0.18000000E+01 -0.25337497E-03 -0.48397304E-04
  0.18100000E+01 -0.25392387E-03 -0.49163576E-04
  0.18200000E+01 -0.25460779E-03 -0.49847934E-04
  0.18300000E+01 -0.25535786E-03 -0.50199901E-04
  0.18400000E+01 -0.25731626E-03 -0.50016013E-04
  0.18500000E+01 -0.26205387E-03 -0.50322567E-04
  0.18600000E+01 -0.26682668E-03 -0.51106900E-04
  0.18700000E+01 -0.27200852E-03 -0.52435727E-04
  0.18800000E+01 -0.27769002E-03 -0.54111675E-04
  0.18900000E+01 -0.28345066E-03 -0.56449802E-04
  0.19000000E+01 -0.28829945E-03 -0.59228236E-04
  0.19100000E+01 -0.29276412E-03 -0.61855515E-04
  0.19200000E+01 -0.29713179E-03 -0.64464773E-04
  0.19300000E+01 -0.30172488E-03 -0.67109490E-04
  0.19400000E+01 -0.30668729E-03 -0.69919384E-04
  0.19500000E+01 -0.31189736E-03 -0.72967156E-04
  0.19600000E+01 -0.31722925E-03 -0.76263392E-04
  0.19700000E+01 -0.32263922E-03 -0.79810485E-04
  0.19800000E+01 -0.32800814E-03 -0.83695760E-04
  0.19900000E+01 -0.33332353E-03 -0.87846163E-04
  0.20000000E+01 -0.33862362E-03 -0.92353794E-04
  0.20100000E+01 -0.34397577E-03 -0.97253458E-04
  0.20200000E+01 -0.34913361E-03 -0.10268981E-03
  0.20300000E+01 -0.35348415E-03 -0.10860785E-03
  0.20400000E+01 -0.35706611E-03 -0.11477762E-03
  0.20500000E+01 -0.36047614E-03 -0.12127768E-03
  0.20600000E+01 -0.36149279E-03 -0.12854488E-03
  0.20700000E+01 -0.36131049E-03 -0.13512243E-03
  0.20800000E+01 -0.35745349E-03 -0.14167793E-03
  0.20900000E+01 -0.34980388E-03 -0.14716997E-03
  0.21000000E+01 -0.34143394E-03 -0.15028774E-03
  0.21100000E+01 -0.33669200E-03 -0.15143119E-03
  0.21200000E+01 -0.33770788E-03 -0.15223640E-03
  0.21300000E+01 -0.34517179E-03 -0.15380526E-03
  0.21400000E+01 -0.35875561E-03 -0.15860436E-03
  0.21500000E+01 -0.36517175E-03 -0.16971623E-03
  0.21600000E+01 -0.36089366E-03 -0.17301519E-03
  0.21700000E+01 -0.38035057E-03 -0.17760545E-03
  0.21800000E+01 -0.40354119E-03 -0.18907376E-03
  0.21900000E+01 -0.42482586E-03 -0.20229526E-03
  0.22000000E+01 -0.45044327E-03 -0.21873268E-03
  0.22100000E+01 -0.48928801E-03 -0.23978106E-03
  0.22200000E+01 -0.55438319E-03 -0.27039631E-03
  0.22300000E+01 -0.66486293E-03 -0.32451468E-03
  0.22400000E+01 -0.90403150E-03 -0.51618157E-03
  0.22500000E+01 -0.29145915E-03 -0.51450643E-03
  0.22600000E+01 -0.31299855E-03 -0.48808201E-03
  0.22700000E+01 -0.63926577E-04 -0.60222161E-03
  0.22800000E+01  0.20685895E-03 -0.49705711E-03
  0.22900000E+01  0.73455938E-04 -0.42298768E-03
  0.23000000E+01  0.58206518E-04 -0.39328933E-03
  0.23100000E+01  0.11718085E-03 -0.35366786E-03
  0.23200000E+01  0.66661032E-04 -0.32276549E-03
  0.23300000E+01  0.42356822E-04 -0.30857437E-03
  0.23400000E+01  0.25663412E-04 -0.29532253E-03
  0.23500000E+01  0.66252237E-05 -0.28757011E-03
  0.23600000E+01 -0.86571109E-05 -0.28268090E-03
  0.23700000E+01 -0.19871096E-04 -0.27935902E-03
  0.23800000E+01 -0.27915679E-04 -0.27700016E-03
  0.23900000E+01 -0.33293213E-04 -0.27520411E-03
  0.24000000E+01 -0.36425912E-04 -0.27380077E-03
  0.24100000E+01 -0.37787607E-04 -0.27268034E-03
  0.24200000E+01 -0.37748722E-04 -0.27175119E-03
  0.24300000E+01 -0.36570705E-04 -0.27097041E-03
  0.24400000E+01 -0.34469665E-04 -0.27024979E-03
  0.24500000E+01 -0.31706838E-04 -0.26946451E-03
  0.24600000E+01 -0.28628108E-04 -0.26859296E-03
  0.24700000E+01 -0.25285992E-04 -0.26764888E-03
  0.24800000E+01 -0.21823555E-04 -0.26665747E-03
  0.24900000E+01 -0.18365199E-04 -0.26569366E-03
  0.25000000E+01 -0.14897703E-04 -0.26477931E-03
  0.25100000E+01 -0.11354941E-04 -0.26388755E-03
  0.25200000E+01 -0.77279379E-05 -0.26300981E-03
  0.25300000E+01 -0.37649167E-05 -0.26208712E-03
  0.25400000E+01  0.26737444E-06 -0.26099382E-03
  0.25500000E+01  0.40707262E-05 -0.25976250E-03
  0.25600000E+01  0.75152474E-05 -0.25845701E-03
  0.25700000E+01  0.10736657E-04 -0.25715881E-03
  0.25800000E+01  0.13810104E-04 -0.25590518E-03
  0.25900000E+01  0.16837144E-04 -0.25465283E-03
  0.26000000E+01  0.19929222E-04 -0.25337022E-03
  0.26100000E+01  0.23294270E-04 -0.25208768E-03
  0.26200000E+01  0.27072601E-04 -0.25074785E-03
  0.26300000E+01  0.31167361E-04 -0.24922591E-03
  0.26400000E+01  0.35405674E-04 -0.24754608E-03
  0.26500000E+01  0.39729051E-04 -0.24575489E-03
  0.26600000E+01  0.44176141E-04 -0.24386206E-03
  0.26700000E+01  0.48790876E-04 -0.24185183E-03
  0.26800000E+01  0.53567997E-04 -0.23970236E-03
  0.26900000E+01  0.58448227E-04 -0.23739537E-03
  0.27000000E+01  0.63334169E-04 -0.23490640E-03
  0.27100000E+01  0.68109292E-04 -0.23220737E-03
  0.27200000E+01  0.72661593E-04 -0.22928664E-03
  0.27300000E+01  0.76903230E-04 -0.22616837E-03
  0.27400000E+01  0.80786337E-04 -0.22291095E-03
  0.27500000E+01  0.84309554E-04 -0.21958324E-03
  0.27600000E+01  0.87513596E-04 -0.21623709E-03
  0.27700000E+01  0.90468454E-04 -0.21289585E-03
  0.27800000E+01  0.93256113E-04 -0.20956232E-03
  0.27900000E+01  0.95953431E-04 -0.20623432E-03
  0.28000000E+01  0.98618965E-04 -0.20291298E-03
  0.28100000E+01  0.10128689E-03 -0.19959924E-03
  0.28200000E+01  0.10397113E-03 -0.19628585E-03
  0.28300000E+01  0.10667757E-03 -0.19295884E-03
  0.28400000E+01  0.10941241E-03 -0.18961085E-03
  0.28500000E+01  0.11217596E-03 -0.18624076E-03
  0.28600000E+01  0.11494990E-03 -0.18283847E-03
  0.28700000E+01  0.11769767E-03 -0.17939062E-03
  0.28800000E+01  0.12037889E-03 -0.17588065E-03
  0.28900000E+01  0.12295893E-03 -0.17227137E-03
  0.29000000E+01  0.12540642E-03 -0.16854183E-03
  0.29100000E+01  0.12768429E-03 -0.16470110E-03
  0.29200000E+01  0.12974165E-03 -0.16076188E-03
  0.29300000E+01  0.13154298E-03 -0.15675974E-03
  0.29400000E+01  0.13311483E-03 -0.15270260E-03
  0.29500000E+01  0.13451750E-03 -0.14857041E-03
  0.29600000E+01  0.13580129E-03 -0.14434619E-03
  0.29700000E+01  0.13691502E-03 -0.13999986E-03
  0.29800000E+01  0.13763460E-03 -0.13550715E-03
  0.29900000E+01  0.13767708E-03 -0.13088452E-03
  0.30000000E+01  0.13691264E-03 -0.12629377E-03
  0.30100000E+01  0.13548054E-03 -0.12185601E-03
  0.30200000E+01  0.13369011E-03 -0.11753960E-03
  0.30300000E+01  0.13178251E-03 -0.11329865E-03
  0.30400000E+01  0.12982008E-03 -0.10910139E-03
  0.30500000E+01  0.12789890E-03 -0.10496904E-03
  0.30600000E+01  0.12635765E-03 -0.10093345E-03
  0.30700000E+01  0.12574924E-03 -0.96939728E-04
  0.30800000E+01  0.12695883E-03 -0.92919602E-04
  0.30900000E+01  0.13185102E-03 -0.88775387E-04
  0.31000000E+01  0.14109724E-03 -0.84439995E-04
  0.31100000E+01  0.13627583E-03 -0.90613128E-04
  0.31200000E+01  0.14885417E-03 -0.59531512E-04
  0.31300000E+01  0.14769136E-03 -0.53862795E-04
  0.31400000E+01  0.13972375E-03 -0.46642683E-04
  0.31500000E+01  0.12991666E-03 -0.40410331E-04
  0.31600000E+01  0.12144917E-03 -0.35226077E-04
  0.31700000E+01  0.11267401E-03 -0.30910680E-04
  0.31800000E+01  0.10347138E-03 -0.27337366E-04
  0.31900000E+01  0.94498063E-04 -0.24410092E-04
  0.32000000E+01  0.85894701E-04 -0.22074688E-04
  0.32100000E+01  0.77517940E-04 -0.20261670E-04
  0.32200000E+01  0.69307054E-04 -0.18885350E-04
  0.32300000E+01  0.61298894E-04 -0.17943187E-04
  0.32400000E+01  0.53516903E-04 -0.17351991E-04
  0.32500000E+01  0.45930513E-04 -0.17098205E-04
  0.32600000E+01  0.38480523E-04 -0.17170336E-04
  0.32700000E+01  0.31107949E-04 -0.17518442E-04
  0.32800000E+01  0.23757118E-04 -0.18177346E-04
  0.32900000E+01  0.16370858E-04 -0.19115493E-04
  0.33000000E+01  0.88832203E-05 -0.20362240E-04
  0.33100000E+01  0.12226827E-05 -0.21933061E-04
  0.33200000E+01 -0.66506416E-05 -0.23879122E-04
  0.33300000E+01 -0.14858642E-04 -0.26310546E-04
  0.33400000E+01 -0.23063379E-04 -0.29397231E-04
  0.33500000E+01 -0.30488975E-04 -0.33076307E-04
  0.33600000E+01 -0.36215227E-04 -0.36936976E-04
  0.33700000E+01 -0.41801244E-04 -0.40507797E-04
  0.33800000E+01 -0.47158979E-04 -0.44230403E-04
  0.33900000E+01 -0.55493268E-04 -0.48806579E-04
  0.34000000E+01 -0.60222004E-04 -0.51406386E-04
  0.34100000E+01 -0.64886686E-04 -0.56207564E-04
  0.34200000E+01 -0.69484338E-04 -0.61131945E-04
  0.34300000E+01 -0.73507582E-04 -0.66217094E-04
  0.34400000E+01 -0.76978623E-04 -0.71424827E-04
  0.34500000E+01 -0.79885243E-04 -0.76693518E-04
  0.34600000E+01 -0.82408436E-04 -0.81975077E-04
  0.34700000E+01 -0.84798657E-04 -0.87233578E-04
  0.34800000E+01 -0.87358615E-04 -0.92441036E-04
  0.34900000E+01 -0.90390156E-04 -0.97628828E-04
  0.35000000E+01 -0.94124789E-04 -0.10294341E-03
  0.35100000E+01 -0.98650138E-04 -0.10856248E-03
  0.35200000E+01 -0.10383942E-03 -0.11474459E-03
  0.35300000E+01 -0.10930142E-03 -0.12177624E-03
  0.35400000E+01 -0.11436292E-03 -0.12981583E-03
  0.35500000E+01 -0.11808984E-03 -0.13889262E-03
  0.35600000E+01 -0.11935124E-03 -0.14891819E-03
  0.35700000E+01 -0.11692599E-03 -0.15974341E-03
  0.35800000E+01 -0.10965390E-03 -0.17103287E-03
  0.35900000E+01 -0.96622622E-04 -0.18226304E-03
  0.36000000E+01 -0.77375527E-04 -0.19262471E-03
  0.36100000E+01 -0.52116181E-04 -0.20115219E-03
  0.36200000E+01 -0.21953119E-04 -0.20668781E-03
  0.36300000E+01  0.10762240E-04 -0.20832556E-03
  0.36400000E+01  0.42305338E-04 -0.20575037E-03
  0.36500000E+01  0.68380828E-04 -0.19960912E-03
  0.36600000E+01  0.85772818E-04 -0.19153888E-03
  0.36700000E+01  0.93492491E-04 -0.18350934E-03
  0.36800000E+01  0.92670107E-04 -0.17695814E-03
  0.36900000E+01  0.86028909E-04 -0.17269370E-03
  0.37000000E+01  0.77590075E-04 -0.17098144E-03
  0.37100000E+01  0.72130100E-04 -0.17162649E-03
  0.37200000E+01  0.74014215E-04 -0.17411070E-03
  0.37300000E+01  0.85778495E-04 -0.17740892E-03
  0.37400000E+01  0.10714925E-03 -0.17940693E-03
  0.37500000E+01  0.13503783E-03 -0.17736605E-03
  0.37600000E+01  0.16461223E-03 -0.17011288E-03
  0.37700000E+01  0.19099119E-03 -0.15893428E-03
  0.37800000E+01  0.21075771E-03 -0.14589256E-03
  0.37900000E+01  0.22261064E-03 -0.13245961E-03
  0.38000000E+01  0.22694343E-03 -0.11948196E-03
  0.38100000E+01  0.22477502E-03 -0.10741504E-03
  0.38200000E+01  0.21739363E-03 -0.96411089E-04
  0.38300000E+01  0.20768520E-03 -0.86605779E-04
  0.38400000E+01  0.19944018E-03 -0.78310465E-04
  0.38500000E+01  0.19202320E-03 -0.69265064E-04
  0.38600000E+01  0.17325525E-03 -0.74600691E-04
  0.38700000E+01  0.16572948E-03 -0.51452027E-04
  0.38800000E+01  0.14810394E-03 -0.50082442E-04
  0.38900000E+01  0.12521920E-03 -0.71495083E-04
  0.39000000E+01  0.13750104E-03 -0.37090367E-04
  0.39100000E+01  0.13039373E-03 -0.39363856E-04
  0.39200000E+01  0.12067736E-03 -0.34615079E-04
  0.39300000E+01  0.11304629E-03 -0.37197476E-04
  0.39400000E+01  0.11153067E-03 -0.33367460E-04
  0.39500000E+01  0.10647156E-03 -0.31289492E-04
  0.39600000E+01  0.10436748E-03 -0.29055975E-04
  0.39700000E+01  0.10265561E-03 -0.26565489E-04
  0.39800000E+01  0.10002640E-03 -0.21464041E-04
  0.39900000E+01  0.84343847E-04 -0.21469254E-04
  0.40000000E+01  0.79022787E-04 -0.18200576E-04
  0.40100000E+01  0.68707799E-04 -0.25694689E-04
  0.40200000E+01  0.79077865E-04 -0.26556542E-04
  0.40300000E+01  0.86421163E-04 -0.25040367E-04
  0.40400000E+01  0.80832751E-04 -0.20074922E-04
  0.40500000E+01  0.77155938E-04 -0.17441457E-04
  0.40600000E+01  0.72405533E-04 -0.15084487E-04
  0.40700000E+01  0.67777208E-04 -0.13271450E-04
  0.40800000E+01  0.59784834E-04 -0.11189554E-04
  0.40900000E+01  0.52967586E-04 -0.12173520E-04
  0.41000000E+01  0.49710450E-04 -0.13199750E-04
  0.41100000E+01  0.47614959E-04 -0.14075419E-04
  0.41200000E+01  0.46102025E-04 -0.14810444E-04
  0.41300000E+01  0.44855398E-04 -0.15445782E-04
  0.41400000E+01  0.43791838E-04 -0.16004737E-04
  0.41500000E+01  0.42908647E-04 -0.16487216E-04
  0.41600000E+01  0.42231347E-04 -0.16883422E-04
  0.41700000E+01  0.42013297E-04 -0.17181070E-04
  0.41800000E+01  0.41827492E-04 -0.16941227E-04
  0.41900000E+01  0.40873074E-04 -0.16703671E-04
  0.42000000E+01  0.39916316E-04 -0.16707594E-04
  0.42100000E+01  0.39207046E-04 -0.16736491E-04
  0.42200000E+01  0.38610109E-04 -0.16754955E-04
  0.42300000E+01  0.38058837E-04 -0.16762959E-04
  0.42400000E+01  0.37531906E-04 -0.16764759E-04
  0.42500000E+01  0.37018467E-04 -0.16760059E-04
  0.42600000E+01  0.36513320E-04 -0.16750633E-04
  0.42700000E+01  0.36012897E-04 -0.16737103E-04
  0.42800000E+01  0.35518824E-04 -0.16721898E-04
  0.42900000E+01  0.35039878E-04 -0.16708703E-04
  0.43000000E+01  0.34587239E-04 -0.16697871E-04
  0.43100000E+01  0.34169160E-04 -0.16688093E-04
  0.43200000E+01  0.33794876E-04 -0.16675569E-04
  0.43300000E+01  0.33470357E-04 -0.16655178E-04
  0.43400000E+01  0.33197801E-04 -0.16621736E-04
  0.43500000E+01  0.32975889E-04 -0.16570947E-04
  0.43600000E+01  0.32800395E-04 -0.16499458E-04
  0.43700000E+01  0.32664747E-04 -0.16404265E-04
  0.43800000E+01  0.32560455E-04 -0.16282360E-04
  0.43900000E+01  0.32477727E-04 -0.16130921E-04
  0.44000000E+01  0.32405919E-04 -0.15947610E-04
  0.44100000E+01  0.32337639E-04 -0.15729658E-04
  0.44200000E+01  0.32252096E-04 -0.15462039E-04
  0.44300000E+01  0.32044154E-04 -0.15178698E-04
  0.44400000E+01  0.31851636E-04 -0.14901517E-04
  0.44500000E+01  0.31595309E-04 -0.14571759E-04
  0.44600000E+01  0.31272642E-04 -0.14240159E-04
  0.44700000E+01  0.30891991E-04 -0.13898657E-04
  0.44800000E+01  0.30464038E-04 -0.13547570E-04
  0.44900000E+01  0.29981194E-04 -0.13175631E-04
  0.45000000E+01  0.29409242E-04 -0.12801145E-04
  0.45100000E+01  0.28766384E-04 -0.12430413E-04
  0.45200000E+01  0.28056199E-04 -0.12068523E-04
  0.45300000E+01  0.27282339E-04 -0.11720423E-04
  0.45400000E+01  0.26448776E-04 -0.11390188E-04
  0.45500000E+01  0.25559263E-04 -0.11080637E-04
  0.45600000E+01  0.24617409E-04 -0.10793876E-04
  0.45700000E+01  0.23626763E-04 -0.10531279E-04
  0.45800000E+01  0.22590896E-04 -0.10293605E-04
  0.45900000E+01  0.21513109E-04 -0.10081502E-04
  0.46000000E+01  0.20395642E-04 -0.98956491E-05
  0.46100000E+01  0.19243164E-04 -0.97371610E-05
  0.46200000E+01  0.18068146E-04 -0.96076552E-05
  0.46300000E+01  0.16882941E-04 -0.95014035E-05
  0.46400000E+01  0.15796618E-04 -0.93894785E-05
  0.46500000E+01  0.15037203E-04 -0.91175361E-05
  0.46600000E+01  0.12533322E-04 -0.86635936E-05
  0.46700000E+01  0.10508387E-04 -0.92200380E-05
  0.46800000E+01  0.95801470E-05 -0.94293320E-05
  0.46900000E+01  0.84741083E-05 -0.95703799E-05
  0.47000000E+01  0.74226363E-05 -0.97090425E-05
  0.47100000E+01  0.64014414E-05 -0.98549672E-05
  0.47200000E+01  0.54345457E-05 -0.10025686E-04
  0.47300000E+01  0.45559290E-05 -0.10212873E-04
  0.47400000E+01  0.37708955E-05 -0.10399957E-04
  0.47500000E+01  0.30593321E-05 -0.10583372E-04
  0.47600000E+01  0.23927040E-05 -0.10761771E-04
  0.47700000E+01  0.17449446E-05 -0.10931682E-04
  0.47800000E+01  0.10984964E-05 -0.11097546E-04
  0.47900000E+01  0.44954283E-06 -0.11272185E-04
  0.48000000E+01 -0.19276543E-06 -0.11463557E-04
  0.48100000E+01 -0.81608056E-06 -0.11667728E-04
  0.48200000E+01 -0.14151542E-05 -0.11879911E-04
  0.48300000E+01 -0.19790873E-05 -0.12097525E-04
  0.48400000E+01 -0.25078014E-05 -0.12323837E-04
  0.48500000E+01 -0.29960379E-05 -0.12565267E-04
  0.48600000E+01 -0.34355885E-05 -0.12822238E-04
  0.48700000E+01 -0.38192773E-05 -0.13085671E-04
  0.48800000E+01 -0.41469171E-05 -0.13345460E-04
  0.48900000E+01 -0.44277453E-05 -0.13596274E-04
  0.49000000E+01 -0.46782539E-05 -0.13833303E-04
  0.49100000E+01 -0.49175278E-05 -0.14053902E-04
  0.49200000E+01 -0.51629055E-05 -0.14261952E-04
  0.49300000E+01 -0.54269733E-05 -0.14463272E-04
  0.49400000E+01 -0.57155135E-05 -0.14662150E-04
  0.49500000E+01 -0.60267932E-05 -0.14864402E-04
  0.49600000E+01 -0.63527366E-05 -0.15077216E-04
  0.49700000E+01 -0.66814793E-05 -0.15304257E-04
  0.49800000E+01 -0.70000902E-05 -0.15544053E-04
  0.49900000E+01 -0.72967507E-05 -0.15792775E-04
  0.50000000E+01 -0.75620819E-05 -0.16046384E-04
  0.50100000E+01 -0.77885947E-05 -0.16300720E-04
  0.50200000E+01 -0.79688487E-05 -0.16552819E-04
  0.50300000E+01 -0.80964301E-05 -0.16801567E-04
  0.50400000E+01 -0.81698422E-05 -0.17044527E-04
  0.50500000E+01 -0.81948850E-05 -0.17275794E-04
  0.50600000E+01 -0.81854332E-05 -0.17495664E-04
  0.50700000E+01 -0.81556312E-05 -0.17706315E-04
  0.50800000E+01 -0.81034616E-05 -0.17910311E-04
  0.50900000E+01 -0.80153799E-05 -0.18105305E-04
  0.51000000E+01 -0.78915575E-05 -0.18284258E-04
  0.51100000E+01 -0.77535881E-05 -0.18444870E-04
  0.51200000E+01 -0.76236264E-05 -0.18590492E-04
  0.51300000E+01 -0.75151013E-05 -0.18723565E-04
  0.51400000E+01 -0.74400364E-05 -0.18844829E-04
  0.51500000E+01 -0.74069455E-05 -0.18954091E-04
  0.51600000E+01 -0.74199138E-05 -0.19052191E-04
  0.51700000E+01 -0.74783446E-05 -0.19142881E-04
  0.51800000E+01 -0.75771526E-05 -0.19232850E-04
  0.51900000E+01 -0.77073332E-05 -0.19329561E-04
  0.52000000E+01 -0.78568520E-05 -0.19438241E-04
  0.52100000E+01 -0.80116944E-05 -0.19560253E-04
  0.52200000E+01 -0.81569110E-05 -0.19694320E-04
  0.52300000E+01 -0.82774737E-05 -0.19838891E-04
  0.52400000E+01 -0.83591082E-05 -0.19992767E-04
  0.52500000E+01 -0.83898268E-05 -0.20153746E-04
  0.52600000E+01 -0.83623220E-05 -0.20317843E-04
  0.52700000E+01 -0.82740219E-05 -0.20480658E-04
  0.52800000E+01 -0.81229056E-05 -0.20638006E-04
  0.52900000E+01 -0.79099824E-05 -0.20755144E-04
  0.53000000E+01 -0.76581337E-05 -0.20924721E-04
  0.53100000E+01 -0.74138746E-05 -0.21027352E-04
  0.53200000E+01 -0.71884368E-05 -0.21128970E-04
  0.53300000E+01 -0.69424200E-05 -0.21224870E-04
  0.53400000E+01 -0.66699392E-05 -0.21299854E-04
  0.53500000E+01 -0.64009581E-05 -0.21346742E-04
  0.53600000E+01 -0.61575567E-05 -0.21366372E-04
  0.53700000E+01 -0.59519936E-05 -0.21359970E-04
  0.53800000E+01 -0.57905329E-05 -0.21330444E-04
  0.53900000E+01 -0.56740468E-05 -0.21283680E-04
  0.54000000E+01 -0.55980782E-05 -0.21228130E-04
  0.54100000E+01 -0.55518261E-05 -0.21172538E-04
  0.54200000E+01 -0.55161820E-05 -0.21123097E-04
  0.54300000E+01 -0.54646237E-05 -0.21081303E-04
  0.54400000E+01 -0.53783859E-05 -0.21042532E-04
  0.54500000E+01 -0.52856950E-05 -0.20994837E-04
  0.54600000E+01 -0.53005744E-05 -0.20918812E-04
  0.54700000E+01 -0.55908561E-05 -0.20798370E-04
  0.54800000E+01 -0.62436414E-05 -0.20671894E-04
  0.54900000E+01 -0.71405589E-05 -0.20681880E-04
  0.55000000E+01 -0.80056855E-05 -0.20908789E-04
  0.55100000E+01 -0.86018399E-05 -0.21247594E-04
  0.55200000E+01 -0.88689051E-05 -0.21587377E-04
  0.55300000E+01 -0.88925391E-05 -0.21877564E-04
  0.55400000E+01 -0.87940130E-05 -0.22111968E-04
  0.55500000E+01 -0.86598799E-05 -0.22298990E-04
  0.55600000E+01 -0.85309289E-05 -0.22452581E-04
  0.55700000E+01 -0.84161300E-05 -0.22587186E-04
  0.55800000E+01 -0.83077473E-05 -0.22714339E-04
  0.55900000E+01 -0.81914225E-05 -0.22843274E-04
  0.56000000E+01 -0.80523485E-05 -0.22977997E-04
  0.56100000E+01 -0.78773849E-05 -0.23117232E-04
  0.56200000E+01 -0.76563722E-05 -0.23255013E-04
  0.56300000E+01 -0.73858210E-05 -0.23382161E-04
  0.56400000E+01 -0.70674135E-05 -0.23487711E-04
  0.56500000E+01 -0.67085268E-05 -0.23561242E-04
  0.56600000E+01 -0.63226872E-05 -0.23594732E-04
  0.56700000E+01 -0.59278237E-05 -0.23583149E-04
  0.56800000E+01 -0.55443929E-05 -0.23524801E-04
  0.56900000E+01 -0.51933391E-05 -0.23421762E-04
  0.57000000E+01 -0.48938292E-05 -0.23280494E-04
  0.57100000E+01 -0.46611453E-05 -0.23112309E-04
  0.57200000E+01 -0.45050337E-05 -0.22932760E-04
  0.57300000E+01 -0.44286395E-05 -0.22759550E-04
  0.57400000E+01 -0.44281357E-05 -0.22609469E-04
  0.57500000E+01 -0.44930905E-05 -0.22495305E-04
  0.57600000E+01 -0.46075189E-05 -0.22423546E-04
  0.57700000E+01 -0.47514494E-05 -0.22393600E-04
  0.57800000E+01 -0.49028499E-05 -0.22398946E-04
  0.57900000E+01 -0.50396255E-05 -0.22429741E-04
  0.58000000E+01 -0.51415210E-05 -0.22475567E-04
  0.58100000E+01 -0.51916978E-05 -0.22527150E-04
  0.58200000E+01 -0.51778745E-05 -0.22576960E-04
  0.58300000E+01 -0.50929552E-05 -0.22619397E-04
  0.58400000E+01 -0.49351413E-05 -0.22650883E-04
  0.58500000E+01 -0.47075665E-05 -0.22669573E-04
  0.58600000E+01 -0.44175464E-05 -0.22674443E-04
  0.58700000E+01 -0.40755739E-05 -0.22664206E-04
  0.58800000E+01 -0.36941689E-05 -0.22636843E-04
  0.58900000E+01 -0.32867420E-05 -0.22589957E-04
  0.59000000E+01 -0.28665637E-05 -0.22521418E-04
  0.59100000E+01 -0.24459518E-05 -0.22429745E-04
  0.59200000E+01 -0.20357067E-05 -0.22314230E-04
  0.59300000E+01 -0.16448176E-05 -0.22175162E-04
  0.59400000E+01 -0.12804012E-05 -0.22014156E-04
  0.59500000E+01 -0.94782244E-06 -0.21834198E-04
  0.59600000E+01 -0.65091759E-06 -0.21639173E-04
  0.59700000E+01 -0.39225841E-06 -0.21433133E-04
  0.59800000E+01 -0.17339279E-06 -0.21219732E-04
  0.59900000E+01  0.49633344E-08 -0.21001988E-04
  0.60000000E+01  0.14280256E-06 -0.20782312E-04
  0.60100000E+01  0.24075817E-06 -0.20562636E-04
  0.60200000E+01  0.30007527E-06 -0.20344510E-04
  0.60300000E+01  0.32259591E-06 -0.20129165E-04
  0.60400000E+01  0.31073530E-06 -0.19917528E-04
  0.60500000E+01  0.26743591E-06 -0.19710246E-04
  0.60600000E+01  0.19609048E-06 -0.19507705E-04
  0.60700000E+01  0.10043454E-06 -0.19310070E-04
  0.60800000E+01 -0.15585861E-07 -0.19117325E-04
  0.60900000E+01 -0.14795715E-06 -0.18929330E-04
  0.61000000E+01 -0.29274456E-06 -0.18745865E-04
  0.61100000E+01 -0.44622505E-06 -0.18566668E-04
  0.61200000E+01 -0.60500020E-06 -0.18391450E-04
  0.61300000E+01 -0.76608029E-06 -0.18219891E-04
  0.61400000E+01 -0.92693643E-06 -0.18051634E-04
  0.61500000E+01 -0.10855210E-05 -0.17886278E-04
  0.61600000E+01 -0.12402600E-05 -0.17723409E-04
  0.61700000E+01 -0.13900218E-05 -0.17562628E-04
  0.61800000E+01 -0.15340704E-05 -0.17403594E-04
  0.61900000E+01 -0.16720093E-05 -0.17246023E-04
  0.62000000E+01 -0.18037234E-05 -0.17089666E-04
  0.62100000E+01 -0.19293239E-05 -0.16934256E-04
  0.62200000E+01 -0.20491005E-05 -0.16779480E-04
  0.62300000E+01 -0.21634825E-05 -0.16624987E-04
  0.62400000E+01 -0.22730091E-05 -0.16470432E-04
  0.62500000E+01 -0.23783083E-05 -0.16315536E-04
  0.62600000E+01 -0.24800822E-05 -0.16160105E-04
  0.62700000E+01 -0.25790943E-05 -0.16004006E-04
  0.62800000E+01 -0.26761585E-05 -0.15847108E-04
  0.62900000E+01 -0.27721235E-05 -0.15689240E-04
  0.63000000E+01 -0.28678523E-05 -0.15530188E-04
  0.63100000E+01 -0.29641953E-05 -0.15369749E-04
  0.63200000E+01 -0.30619552E-05 -0.15207805E-04
  0.63300000E+01 -0.31618473E-05 -0.15044353E-04
  0.63400000E+01 -0.32644569E-05 -0.14879477E-04
  0.63500000E+01 -0.33701986E-05 -0.14713283E-04
  0.63600000E+01 -0.34792821E-05 -0.14545841E-04
  0.63700000E+01 -0.35916909E-05 -0.14377194E-04
  0.63800000E+01 -0.37071776E-05 -0.14207423E-04
  0.63900000E+01 -0.38252798E-05 -0.14036704E-04
  0.64000000E+01 -0.39453568E-05 -0.13865304E-04
  0.64100000E+01 -0.40666474E-05 -0.13693497E-04
  0.64200000E+01 -0.41883426E-05 -0.13521438E-04
  0.64300000E+01 -0.43096686E-05 -0.13349072E-04
  0.64400000E+01 -0.44299722E-05 -0.13176131E-04
  0.64500000E+01 -0.45487994E-05 -0.13002201E-04
  0.64600000E+01 -0.46659606E-05 -0.12826800E-04
  0.64700000E+01 -0.47815759E-05 -0.12649422E-04
  0.64800000E+01 -0.48960959E-05 -0.12469540E-04
  0.64900000E+01 -0.50102963E-05 -0.12286633E-04
  0.65000000E+01 -0.51252482E-05 -0.12100249E-04
  0.65100000E+01 -0.52422643E-05 -0.11910105E-04
  0.65200000E+01 -0.53628277E-05 -0.11716161E-04
  0.65300000E+01 -0.54885067E-05 -0.11518602E-04
  0.65400000E+01 -0.56208616E-05 -0.11317753E-04
  0.65500000E+01 -0.57613496E-05 -0.11113961E-04
  0.65600000E+01 -0.59112330E-05 -0.10907519E-04
  0.65700000E+01 -0.60714968E-05 -0.10698647E-04
  0.65800000E+01 -0.62427796E-05 -0.10487546E-04
  0.65900000E+01 -0.64253243E-05 -0.10274470E-04
  0.66000000E+01 -0.66189528E-05 -0.10059782E-04
  0.66100000E+01 -0.68230695E-05 -0.98439274E-05
  0.66200000E+01 -0.70367009E-05 -0.96273286E-05
  0.66300000E+01 -0.72585753E-05 -0.94102463E-05
  0.66400000E+01 -0.74872480E-05 -0.91926963E-05
  0.66500000E+01 -0.77212717E-05 -0.89745122E-05
  0.66600000E+01 -0.79594041E-05 -0.87555441E-05
  0.66700000E+01 -0.82008361E-05 -0.85358624E-05
  0.66800000E+01 -0.84454081E-05 -0.83157581E-05
  0.66900000E+01 -0.86937767E-05 -0.80954124E-05
  0.67000000E+01 -0.89474881E-05 -0.78743748E-05
  0.67100000E+01 -0.92089214E-05 -0.76512637E-05
  0.67200000E+01 -0.94810885E-05 -0.74241001E-05
  0.67300000E+01 -0.97673005E-05 -0.71912559E-05
  0.67400000E+01 -0.10070750E-04 -0.69524206E-05
  0.67500000E+01 -0.10394076E-04 -0.67088516E-05
  0.67600000E+01 -0.10739005E-04 -0.64627098E-05
  0.67700000E+01 -0.11106125E-04 -0.62160376E-05
  0.67800000E+01 -0.11494867E-04 -0.59701625E-05
  0.67900000E+01 -0.11903670E-04 -0.57258209E-05
  0.68000000E+01 -0.12330316E-04 -0.54836095E-05
  0.68100000E+01 -0.12772351E-04 -0.52441935E-05
  0.68200000E+01 -0.13227509E-04 -0.50080726E-05
  0.68300000E+01 -0.13694056E-04 -0.47751361E-05
  0.68400000E+01 -0.14170993E-04 -0.45443928E-05
  0.68500000E+01 -0.14658089E-04 -0.43141536E-05
  0.68600000E+01 -0.15155774E-04 -0.40826740E-05
  0.68700000E+01 -0.15664916E-04 -0.38489010E-05
  0.68800000E+01 -0.16186592E-04 -0.36127959E-05
  0.68900000E+01 -0.16721909E-04 -0.33750095E-05
  0.69000000E+01 -0.17271953E-04 -0.31362202E-05
  0.69100000E+01 -0.17837876E-04 -0.28966024E-05
  0.69200000E+01 -0.18421075E-04 -0.26555427E-05
  0.69300000E+01 -0.19023367E-04 -0.24115263E-05
  0.69400000E+01 -0.19647079E-04 -0.21623565E-05
  0.69500000E+01 -0.20294977E-04 -0.19059756E-05
  0.69600000E+01 -0.20970100E-04 -0.16416295E-05
  0.69700000E+01 -0.21675593E-04 -0.13704892E-05
  0.69800000E+01 -0.22414681E-04 -0.10949215E-05
  0.69900000E+01 -0.23190872E-04 -0.81675248E-06
  0.70000000E+01 -0.24008350E-04 -0.53613901E-06
