  0.00000000E+00  0.28037129E-04 -0.15940977E-16
  0.10000000E-01  0.22495468E-04  0.78932316E-04
  0.20000000E-01 -0.33143087E-05  0.19308361E-03
  0.30000000E-01 -0.67497760E-04  0.21997697E-03
  0.40000000E-01 -0.10538099E-03 -0.41567892E-04
  0.50000000E-01  0.19491387E-04 -0.14838216E-03
  0.60000000E-01 -0.22548113E-04  0.47017466E-04
  0.70000000E-01 -0.39124555E-05  0.11627451E-03
  0.80000000E-01 -0.24603817E-04 -0.26832953E-04
  0.90000000E-01 -0.29303623E-04 -0.43210170E-04
  0.10000000E+00 -0.30055550E-04 -0.36145247E-04
  0.11000000E+00 -0.25537520E-04 -0.31617404E-04
  0.12000000E+00 -0.20717407E-04 -0.13534101E-04
  0.13000000E+00 -0.23593722E-04 -0.50901348E-05
  0.14000000E+00 -0.24524212E-04 -0.93412394E-05
  0.15000000E+00 -0.24237850E-04 -0.12296408E-04
  0.16000000E+00 -0.23634513E-04 -0.13457095E-04
  0.17000000E+00 -0.23027853E-04 -0.13667927E-04
  0.18000000E+00 -0.22509153E-04 -0.13491981E-04
  0.19000000E+00 -0.22098237E-04 -0.13311302E-04
  0.20000000E+00 -0.21782658E-04 -0.13269493E-04
  0.21000000E+00 -0.21532362E-04 -0.13369519E-04
  0.22000000E+00 -0.21314104E-04 -0.13565851E-04
  0.23000000E+00 -0.21102513E-04 -0.13809519E-04
  0.24000000E+00 -0.20888274E-04 -0.14060961E-04
  0.25000000E+00 -0.20676361E-04 -0.14293717E-04
  0.26000000E+00 -0.20473330E-04 -0.14495326E-04
  0.27000000E+00 -0.20283532E-04 -0.14659202E-04
  0.28000000E+00 -0.20116121E-04 -0.14769117E-04
  0.29000000E+00 -0.19981876E-04 -0.14797048E-04
  0.30000000E+00 -0.19886379E-04 -0.14736160E-04
  0.31000000E+00 -0.19844306E-04 -0.14654950E-04
  0.32000000E+00 -0.19893663E-04 -0.14718019E-04
  0.33000000E+00 -0.20040227E-04 -0.15128411E-04
  0.34000000E+00 -0.20156717E-04 -0.16001325E-04
  0.35000000E+00 -0.20070263E-04 -0.17234305E-04
  0.36000000E+00 -0.19717787E-04 -0.18483691E-04
  0.37000000E+00 -0.19206624E-04 -0.19333693E-04
  0.38000000E+00 -0.18698002E-04 -0.19566785E-04
  0.39000000E+00 -0.18268601E-04 -0.19286285E-04
  0.40000000E+00 -0.17999203E-04 -0.18782055E-04
  0.41000000E+00 -0.17886841E-04 -0.18305514E-04
  0.42000000E+00 -0.17842155E-04 -0.17955897E-04
  0.43000000E+00 -0.17826561E-04 -0.17706850E-04
  0.44000000E+00 -0.17882871E-04 -0.17487972E-04
  0.45000000E+00 -0.18053431E-04 -0.17245742E-04
  0.46000000E+00 -0.18334879E-04 -0.16960097E-04
  0.47000000E+00 -0.18729773E-04 -0.16632367E-04
  0.48000000E+00 -0.19282607E-04 -0.16270003E-04
  0.49000000E+00 -0.20041529E-04 -0.15878510E-04
  0.50000000E+00 -0.21028919E-04 -0.15454853E-04
  0.51000000E+00 -0.22272667E-04 -0.14972473E-04
  0.52000000E+00 -0.23843740E-04 -0.14347437E-04
  0.53000000E+00 -0.25841937E-04 -0.13368583E-04
  0.54000000E+00 -0.28370294E-04 -0.11568835E-04
  0.55000000E+00 -0.31550638E-04 -0.80286248E-05
  0.56000000E+00 -0.35568362E-04 -0.11566057E-05
  0.57000000E+00 -0.40686624E-04  0.11399230E-04
  0.58000000E+00 -0.47235108E-04  0.32417071E-04
  0.59000000E+00 -0.55616072E-04  0.63981866E-04
  0.60000000E+00 -0.66338885E-04  0.10541279E-03
  0.61000000E+00 -0.80011903E-04  0.15068684E-03
  0.62000000E+00 -0.97208458E-04  0.18673588E-03
  0.63000000E+00 -0.11811260E-03  0.19464547E-03
  0.64000000E+00 -0.14176122E-03  0.15525857E-03
  0.65000000E+00 -0.16457923E-03  0.58480960E-04
  0.66000000E+00 -0.17825420E-03 -0.87549404E-04
  0.67000000E+00 -0.16882656E-03 -0.25318485E-03
  0.68000000E+00 -0.12210318E-03 -0.39407599E-03
  0.69000000E+00 -0.38508957E-04 -0.46705423E-03
  0.70000000E+00  0.56342297E-04 -0.44814503E-03
  0.71000000E+00  0.12749225E-03 -0.34326473E-03
  0.72000000E+00  0.15864601E-03 -0.18557565E-03
  0.73000000E+00  0.15692408E-03 -0.21016923E-04
  0.74000000E+00  0.13774563E-03  0.11003132E-03
  0.75000000E+00  0.11316501E-03  0.18578507E-03
  0.76000000E+00  0.89530171E-04  0.20584882E-03
  0.77000000E+00  0.69245466E-04  0.18503130E-03
  0.78000000E+00  0.52744091E-04  0.14347418E-03
  0.79000000E+00  0.39665976E-04  0.98425449E-04
  0.80000000E+00  0.29414436E-04  0.60343909E-04
  0.81000000E+00  0.21382703E-04  0.33064853E-04
  0.82000000E+00  0.15046035E-04  0.15951248E-04
  0.83000000E+00  0.10019014E-04  0.64788491E-05
  0.84000000E+00  0.59968212E-05  0.19757314E-05
  0.85000000E+00  0.27306052E-05  0.35231314E-06
  0.86000000E+00 -0.85940248E-08  0.16165986E-06
  0.87000000E+00 -0.23337356E-05  0.50440661E-06
  0.88000000E+00 -0.43036571E-05  0.10275882E-05
  0.89000000E+00 -0.59739330E-05  0.15386502E-05
  0.90000000E+00 -0.74020116E-05  0.19485031E-05
  0.91000000E+00 -0.86508143E-05  0.22034199E-05
  0.92000000E+00 -0.97725355E-05  0.22431891E-05
  0.93000000E+00 -0.10799974E-04  0.20027014E-05
  0.94000000E+00 -0.11755795E-04  0.14244914E-05
  0.95000000E+00 -0.12663169E-04  0.46238830E-06
  0.96000000E+00 -0.13543964E-04 -0.94059234E-06
  0.97000000E+00 -0.14417843E-04 -0.28842263E-05
  0.98000000E+00 -0.15282534E-04 -0.54900931E-05
  0.99000000E+00 -0.16060679E-04 -0.87805215E-05
  0.10000000E+01 -0.16612521E-04 -0.12549213E-04
  0.10100000E+01 -0.16838513E-04 -0.16430151E-04
  0.10200000E+01 -0.16786917E-04 -0.20131085E-04
  0.10300000E+01 -0.16531298E-04 -0.23533890E-04
  0.10400000E+01 -0.16002746E-04 -0.26704136E-04
  0.10500000E+01 -0.15174684E-04 -0.29680400E-04
  0.10600000E+01 -0.13986065E-04 -0.32291553E-04
  0.10700000E+01 -0.12489292E-04 -0.34682775E-04
  0.10800000E+01 -0.10551465E-04 -0.36446396E-04
  0.10900000E+01 -0.84141198E-05 -0.37151120E-04
  0.11000000E+01 -0.62994492E-05 -0.36879635E-04
  0.11100000E+01 -0.43795925E-05 -0.35919909E-04
  0.11200000E+01 -0.26844408E-05 -0.35340221E-04
  0.11300000E+01  0.95513832E-06 -0.33540279E-04
  0.11400000E+01  0.41448604E-05 -0.30449918E-04
  0.11500000E+01  0.28768436E-05 -0.16669899E-04
  0.11600000E+01  0.58903153E-06 -0.20003554E-04
  0.11700000E+01  0.12707182E-05 -0.14926434E-04
  0.11800000E+01  0.11480096E-05 -0.10967747E-04
  0.11900000E+01  0.63513415E-06 -0.74777469E-05
  0.12000000E+01  0.39806416E-07 -0.49120497E-05
  0.12100000E+01 -0.53392129E-06 -0.29734410E-05
  0.12200000E+01 -0.11239609E-05 -0.14698560E-05
  0.12300000E+01 -0.17548572E-05 -0.39623140E-06
  0.12400000E+01 -0.24662341E-05  0.20723895E-06
  0.12500000E+01 -0.33089887E-05  0.11375160E-06
  0.12600000E+01 -0.41234696E-05 -0.82092051E-06
  0.12700000E+01 -0.47122192E-05 -0.24286495E-05
  0.12800000E+01 -0.50866719E-05 -0.40686880E-05
  0.12900000E+01 -0.54015477E-05 -0.55578965E-05
  0.13000000E+01 -0.56782708E-05 -0.70523230E-05
  0.13100000E+01 -0.59107373E-05 -0.85617917E-05
  0.13200000E+01 -0.60982662E-05 -0.99961152E-05
  0.13300000E+01 -0.62544360E-05 -0.11491832E-04
  0.13400000E+01 -0.62432142E-05 -0.12853501E-04
  0.13500000E+01 -0.62088493E-05 -0.13903577E-04
  0.13600000E+01 -0.61934685E-05 -0.14718157E-04
  0.13700000E+01 -0.61740259E-05 -0.15441877E-04
  0.13800000E+01 -0.61385174E-05 -0.16052317E-04
  0.13900000E+01 -0.61034319E-05 -0.16559175E-04
  0.14000000E+01 -0.60611304E-05 -0.17031323E-04
  0.14100000E+01 -0.60005652E-05 -0.17450330E-04
  0.14200000E+01 -0.59104514E-05 -0.17817860E-04
  0.14300000E+01 -0.57942099E-05 -0.18158843E-04
  0.14400000E+01 -0.57501490E-05 -0.18476464E-04
  0.14500000E+01 -0.54365109E-05 -0.18755309E-04
  0.14600000E+01 -0.53093548E-05 -0.18982163E-04
  0.14700000E+01 -0.50366600E-05 -0.19149691E-04
  0.14800000E+01 -0.49237506E-05 -0.19254543E-04
  0.14900000E+01 -0.47283193E-05 -0.19307538E-04
  0.15000000E+01 -0.45479690E-05 -0.19332619E-04
  0.15100000E+01 -0.43705839E-05 -0.19349583E-04
  0.15200000E+01 -0.41936236E-05 -0.19355537E-04
  0.15300000E+01 -0.40219121E-05 -0.19344865E-04
  0.15400000E+01 -0.38591435E-05 -0.19316694E-04
  0.15500000E+01 -0.37375966E-05 -0.19278310E-04
  0.15600000E+01 -0.34098352E-05 -0.19237214E-04
  0.15700000E+01 -0.34041417E-05 -0.19215926E-04
  0.15800000E+01 -0.32848663E-05 -0.19235966E-04
  0.15900000E+01 -0.31678433E-05 -0.19303176E-04
  0.16000000E+01 -0.30454426E-05 -0.19415462E-04
  0.16100000E+01 -0.29122657E-05 -0.19563535E-04
  0.16200000E+01 -0.27643598E-05 -0.19735002E-04
  0.16300000E+01 -0.25927198E-05 -0.19920838E-04
  0.16400000E+01 -0.23918855E-05 -0.20105333E-04
  0.16500000E+01 -0.21605126E-05 -0.20274992E-04
  0.16600000E+01 -0.19017132E-05 -0.20363309E-04
  0.16700000E+01 -0.16190244E-05 -0.20471209E-04
  0.16800000E+01 -0.13113554E-05 -0.20419355E-04
  0.16900000E+01 -0.95254900E-06 -0.20191609E-04
  0.17000000E+01 -0.74917994E-06 -0.19753551E-04
  0.17100000E+01 -0.55524219E-06 -0.19366148E-04
  0.17200000E+01 -0.42040741E-06 -0.18962130E-04
  0.17300000E+01 -0.31724451E-06 -0.18654854E-04
  0.17400000E+01 -0.20996354E-06 -0.18429523E-04
  0.17500000E+01 -0.89314328E-07 -0.18200630E-04
  0.17600000E+01  0.22342558E-07 -0.17928054E-04
  0.17700000E+01  0.13016077E-06 -0.17641514E-04
  0.17800000E+01  0.24034881E-06 -0.17304895E-04
  0.17900000E+01  0.31103877E-06 -0.16924511E-04
  0.18000000E+01  0.35737504E-06 -0.16577056E-04
  0.18100000E+01  0.40367824E-06 -0.16227912E-04
  0.18200000E+01  0.44555893E-06 -0.16012989E-04
  0.18300000E+01  0.58489709E-06 -0.16165613E-04
  0.18400000E+01  0.11056432E-05 -0.16740219E-04
  0.18500000E+01  0.19639174E-05 -0.13715265E-04
  0.18600000E+01  0.76347515E-06 -0.11607862E-04
  0.18700000E+01 -0.23882038E-06 -0.10984002E-04
  0.18800000E+01 -0.11803333E-05 -0.11285511E-04
  0.18900000E+01 -0.18092390E-05 -0.12619607E-04
  0.19000000E+01 -0.19296975E-05 -0.14066473E-04
  0.19100000E+01 -0.17569075E-05 -0.15003837E-04
  0.19200000E+01 -0.15758183E-05 -0.15465807E-04
  0.19300000E+01 -0.14578301E-05 -0.15794200E-04
  0.19400000E+01 -0.13746874E-05 -0.16178770E-04
  0.19500000E+01 -0.13071529E-05 -0.16627986E-04
  0.19600000E+01 -0.12476465E-05 -0.17152376E-04
  0.19700000E+01 -0.11861945E-05 -0.17814308E-04
  0.19800000E+01 -0.10199675E-05 -0.18723736E-04
  0.19900000E+01 -0.75126705E-06 -0.19662038E-04
  0.20000000E+01 -0.40669911E-06 -0.20213009E-04
  0.20100000E+01 -0.13765382E-06 -0.20837203E-04
  0.20200000E+01  0.16117760E-06 -0.21479535E-04
  0.20300000E+01  0.50031439E-06 -0.22126184E-04
  0.20400000E+01  0.90693987E-06 -0.22752734E-04
  0.20500000E+01  0.14001963E-05 -0.23301028E-04
  0.20600000E+01  0.19589386E-05 -0.23723336E-04
  0.20700000E+01  0.25545852E-05 -0.24032289E-04
  0.20800000E+01  0.32173889E-05 -0.24255149E-04
  0.20900000E+01  0.39441166E-05 -0.24319281E-04
  0.21000000E+01  0.46932904E-05 -0.24023699E-04
  0.21100000E+01  0.53983504E-05 -0.22917962E-04
  0.21200000E+01  0.58503249E-05 -0.20289284E-04
  0.21300000E+01  0.56724601E-05 -0.16857325E-04
  0.21400000E+01  0.50163373E-05 -0.14662741E-04
  0.21500000E+01  0.49225845E-05 -0.10302801E-04
  0.21600000E+01  0.16352962E-05 -0.57152124E-05
  0.21700000E+01 -0.28519734E-05 -0.11620078E-04
  0.21800000E+01 -0.25499428E-05 -0.24373731E-04
  0.21900000E+01 -0.80971199E-06 -0.28770866E-04
  0.22000000E+01  0.95700923E-06 -0.28964051E-04
  0.22100000E+01  0.24274720E-05 -0.27683356E-04
  0.22200000E+01  0.33871411E-05 -0.24786250E-04
  0.22300000E+01  0.31625884E-05 -0.19255805E-04
  0.22400000E+01 -0.32565398E-05 -0.11364066E-04
  0.22500000E+01  0.11811762E-05 -0.41291107E-04
  0.22600000E+01  0.86943539E-05 -0.36793771E-04
  0.22700000E+01  0.75309616E-05 -0.31218463E-04
  0.22800000E+01  0.93510319E-05 -0.32022002E-04
  0.22900000E+01  0.11218108E-04 -0.29453938E-04
  0.23000000E+01  0.14331315E-04 -0.27084753E-04
  0.23100000E+01  0.15065496E-04 -0.24246182E-04
  0.23200000E+01  0.16375761E-04 -0.21224768E-04
  0.23300000E+01  0.16978881E-04 -0.16322234E-04
  0.23400000E+01  0.16723890E-04 -0.13010474E-04
  0.23500000E+01  0.16478748E-04 -0.10187144E-04
  0.23600000E+01  0.16045531E-04 -0.78723427E-05
  0.23700000E+01  0.15466606E-04 -0.60982327E-05
  0.23800000E+01  0.14809988E-04 -0.48133098E-05
  0.23900000E+01  0.14115813E-04 -0.39893335E-05
  0.24000000E+01  0.13437489E-04 -0.35635527E-05
  0.24100000E+01  0.12798950E-04 -0.34504301E-05
  0.24200000E+01  0.12213196E-04 -0.35643867E-05
  0.24300000E+01  0.11690108E-04 -0.38377844E-05
  0.24400000E+01  0.11239522E-04 -0.42235236E-05
  0.24500000E+01  0.10871836E-04 -0.46688287E-05
  0.24600000E+01  0.10570377E-04 -0.51100806E-05
  0.24700000E+01  0.10313259E-04 -0.55842581E-05
  0.24800000E+01  0.10123525E-04 -0.60981908E-05
  0.24900000E+01  0.99925902E-05 -0.65885904E-05
  0.25000000E+01  0.99068963E-05 -0.70362443E-05
  0.25100000E+01  0.98578150E-05 -0.74297534E-05
  0.25200000E+01  0.98238587E-05 -0.77372440E-05
  0.25300000E+01  0.97806485E-05 -0.80620232E-05
  0.25400000E+01  0.97784308E-05 -0.83983665E-05
  0.25500000E+01  0.98057669E-05 -0.86684714E-05
  0.25600000E+01  0.98510084E-05 -0.88638426E-05
  0.25700000E+01  0.99110605E-05 -0.89726778E-05
  0.25800000E+01  0.99723773E-05 -0.89987739E-05
  0.25900000E+01  0.10029933E-04 -0.89679553E-05
  0.26000000E+01  0.10091222E-04 -0.88868980E-05
  0.26100000E+01  0.10154062E-04 -0.87462845E-05
  0.26200000E+01  0.10207892E-04 -0.85512694E-05
  0.26300000E+01  0.10247583E-04 -0.83237114E-05
  0.26400000E+01  0.10274308E-04 -0.80813254E-05
  0.26500000E+01  0.10285952E-04 -0.78342901E-05
  0.26600000E+01  0.10281473E-04 -0.75936342E-05
  0.26700000E+01  0.10260706E-04 -0.73732067E-05
  0.26800000E+01  0.10225510E-04 -0.71880192E-05
  0.26900000E+01  0.10182925E-04 -0.70495115E-05
  0.27000000E+01  0.10142242E-04 -0.69632405E-05
  0.27100000E+01  0.10111033E-04 -0.69302325E-05
  0.27200000E+01  0.10093350E-04 -0.69471528E-05
  0.27300000E+01  0.10091931E-04 -0.70076258E-05
  0.27400000E+01  0.10110099E-04 -0.71028716E-05
  0.27500000E+01  0.10151639E-04 -0.72218920E-05
  0.27600000E+01  0.10218498E-04 -0.73515436E-05
  0.27700000E+01  0.10308678E-04 -0.74770983E-05
  0.27800000E+01  0.10417654E-04 -0.75835740E-05
  0.27900000E+01  0.10540716E-04 -0.76572881E-05
  0.28000000E+01  0.10673688E-04 -0.76869369E-05
  0.28100000E+01  0.10812989E-04 -0.76638929E-05
  0.28200000E+01  0.10955244E-04 -0.75821984E-05
  0.28300000E+01  0.11096466E-04 -0.74391748E-05
  0.28400000E+01  0.11232062E-04 -0.72370337E-05
  0.28500000E+01  0.11356563E-04 -0.69844699E-05
  0.28600000E+01  0.11464492E-04 -0.66960432E-05
  0.28700000E+01  0.11553646E-04 -0.63874151E-05
  0.28800000E+01  0.11626252E-04 -0.60667610E-05
  0.28900000E+01  0.11684220E-04 -0.57270357E-05
  0.29000000E+01  0.11725589E-04 -0.53487339E-05
  0.29100000E+01  0.11741702E-04 -0.49245643E-05
  0.29200000E+01  0.11711359E-04 -0.45038679E-05
  0.29300000E+01  0.11634945E-04 -0.41824435E-05
  0.29400000E+01  0.11571505E-04 -0.39682446E-05
  0.29500000E+01  0.11531861E-04 -0.37753478E-05
  0.29600000E+01  0.11478205E-04 -0.35936184E-05
  0.29700000E+01  0.11427577E-04 -0.34546863E-05
  0.29800000E+01  0.11379309E-04 -0.33594484E-05
  0.29900000E+01  0.11332675E-04 -0.33092926E-05
  0.30000000E+01  0.11304587E-04 -0.33016897E-05
  0.30100000E+01  0.11296342E-04 -0.33225619E-05
  0.30200000E+01  0.11301700E-04 -0.33503758E-05
  0.30300000E+01  0.11310769E-04 -0.33749822E-05
  0.30400000E+01  0.11317373E-04 -0.34284157E-05
  0.30500000E+01  0.11341454E-04 -0.35900973E-05
  0.30600000E+01  0.11429799E-04 -0.37644952E-05
  0.30700000E+01  0.11521519E-04 -0.37971454E-05
  0.30800000E+01  0.11587884E-04 -0.38221573E-05
  0.30900000E+01  0.11611742E-04 -0.39721717E-05
  0.31000000E+01  0.11699008E-04 -0.44277033E-05
  0.31100000E+01  0.11879882E-04 -0.48095406E-05
  0.31200000E+01  0.12245299E-04 -0.49250398E-05
  0.31300000E+01  0.12497650E-04 -0.46280197E-05
  0.31400000E+01  0.12896651E-04 -0.47323048E-05
  0.31500000E+01  0.13154246E-04 -0.45527282E-05
  0.31600000E+01  0.13394219E-04 -0.43254014E-05
  0.31700000E+01  0.13619967E-04 -0.40645041E-05
  0.31800000E+01  0.13834448E-04 -0.37760421E-05
  0.31900000E+01  0.14039790E-04 -0.34659357E-05
  0.32000000E+01  0.14237710E-04 -0.31347984E-05
  0.32100000E+01  0.14429739E-04 -0.27808440E-05
  0.32200000E+01  0.14616643E-04 -0.24021160E-05
  0.32300000E+01  0.14799415E-04 -0.19966034E-05
  0.32400000E+01  0.14978663E-04 -0.15618092E-05
  0.32500000E+01  0.15155008E-04 -0.10945219E-05
  0.32600000E+01  0.15328726E-04 -0.59091584E-06
  0.32700000E+01  0.15499415E-04 -0.46659560E-07
  0.32800000E+01  0.15667822E-04  0.54487007E-06
  0.32900000E+01  0.15831331E-04  0.11934460E-05
  0.33000000E+01  0.15988716E-04  0.19124609E-05
  0.33100000E+01  0.16130946E-04  0.27301907E-05
  0.33200000E+01  0.16230689E-04  0.36554237E-05
  0.33300000E+01  0.16224255E-04  0.44774476E-05
  0.33400000E+01  0.16341691E-04  0.50569649E-05
  0.33500000E+01  0.16588484E-04  0.57378034E-05
  0.33600000E+01  0.16919905E-04  0.68649289E-05
  0.33700000E+01  0.17382254E-04  0.83955210E-05
  0.33800000E+01  0.19179216E-04  0.15907216E-04
  0.33900000E+01  0.15442642E-04  0.22106376E-04
  0.34000000E+01  0.89384674E-05  0.22182004E-04
  0.34100000E+01  0.76945762E-05  0.18808878E-04
  0.34200000E+01  0.70630022E-05  0.16821829E-04
  0.34300000E+01  0.66140334E-05  0.15610225E-04
  0.34400000E+01  0.62550262E-05  0.14705338E-04
  0.34500000E+01  0.59523368E-05  0.13998571E-04
  0.34600000E+01  0.56922657E-05  0.13413316E-04
  0.34700000E+01  0.54667616E-05  0.12911482E-04
  0.34800000E+01  0.52701442E-05  0.12470815E-04
  0.34900000E+01  0.51005271E-05  0.12075399E-04
  0.35000000E+01  0.49549715E-05  0.11714979E-04
  0.35100000E+01  0.48326770E-05  0.11382936E-04
  0.35200000E+01  0.47319323E-05  0.11075127E-04
  0.35300000E+01  0.46530739E-05  0.10789511E-04
  0.35400000E+01  0.45946566E-05  0.10525913E-04
  0.35500000E+01  0.45569501E-05  0.10286099E-04
  0.35600000E+01  0.45389872E-05  0.10074365E-04
  0.35700000E+01  0.45409262E-05  0.98993123E-05
  0.35800000E+01  0.45593841E-05  0.97766905E-05
  0.35900000E+01  0.45917396E-05  0.97307932E-05
  0.36000000E+01  0.46291448E-05  0.97877510E-05
  0.36100000E+01  0.46589846E-05  0.99594488E-05
  0.36200000E+01  0.46619904E-05  0.10229860E-04
  0.36300000E+01  0.46219435E-05  0.10564206E-04
  0.36400000E+01  0.45322945E-05  0.10930372E-04
  0.36500000E+01  0.43977716E-05  0.11310193E-04
  0.36600000E+01  0.42207389E-05  0.11695599E-04
  0.36700000E+01  0.40004694E-05  0.12074086E-04
  0.36800000E+01  0.37369312E-05  0.12416459E-04
  0.36900000E+01  0.34445134E-05  0.12688829E-04
  0.37000000E+01  0.31400799E-05  0.12881293E-04
  0.37100000E+01  0.28302779E-05  0.13015070E-04
  0.37200000E+01  0.25133503E-05  0.13120036E-04
  0.37300000E+01  0.21846396E-05  0.13210854E-04
  0.37400000E+01  0.18390187E-05  0.13280828E-04
  0.37500000E+01  0.14739180E-05  0.13309949E-04
  0.37600000E+01  0.10937096E-05  0.13276760E-04
  0.37700000E+01  0.70922673E-06  0.13167542E-04
  0.37800000E+01  0.33166433E-06  0.12980531E-04
  0.37900000E+01 -0.32125141E-07  0.12724817E-04
  0.38000000E+01 -0.37968212E-06  0.12415177E-04
  0.38100000E+01 -0.71096143E-06  0.12066642E-04
  0.38200000E+01 -0.10275609E-05  0.11692259E-04
  0.38300000E+01 -0.13293695E-05  0.11300490E-04
  0.38400000E+01 -0.16168216E-05  0.10886671E-04
  0.38500000E+01 -0.18893229E-05  0.10499577E-04
  0.38600000E+01 -0.22022611E-05  0.99214347E-05
  0.38700000E+01 -0.24251022E-05  0.93851853E-05
  0.38800000E+01 -0.25899403E-05  0.88982842E-05
  0.38900000E+01 -0.26589154E-05  0.85054613E-05
  0.39000000E+01 -0.28348050E-05  0.75154432E-05
  0.39100000E+01 -0.25330631E-05  0.70792329E-05
  0.39200000E+01 -0.26262502E-05  0.78799132E-05
  0.39300000E+01 -0.31247401E-05  0.78561939E-05
  0.39400000E+01 -0.32658554E-05  0.73079641E-05
  0.39500000E+01 -0.33932557E-05  0.69175164E-05
  0.39600000E+01 -0.34930133E-05  0.64757884E-05
  0.39700000E+01 -0.35428720E-05  0.59540674E-05
  0.39800000E+01 -0.32317163E-05  0.56165495E-05
  0.39900000E+01 -0.35852064E-05  0.65234530E-05
  0.40000000E+01 -0.44426073E-05  0.49581757E-05
  0.40100000E+01 -0.36341299E-05  0.51480110E-05
  0.40200000E+01 -0.38869142E-05  0.55914563E-05
  0.40300000E+01 -0.43053555E-05  0.48077890E-05
  0.40400000E+01 -0.43821212E-05  0.43915160E-05
  0.40500000E+01 -0.44869365E-05  0.39698948E-05
  0.40600000E+01 -0.46150786E-05  0.34779829E-05
  0.40700000E+01 -0.47173406E-05  0.28376282E-05
  0.40800000E+01 -0.48856046E-05  0.19305399E-05
  0.40900000E+01 -0.46765129E-05  0.11141352E-05
  0.41000000E+01 -0.44677630E-05  0.62757133E-06
  0.41100000E+01 -0.42646328E-05  0.37351789E-06
  0.41200000E+01 -0.40771923E-05  0.24318320E-06
  0.41300000E+01 -0.39079890E-05  0.16854132E-06
  0.41400000E+01 -0.37574748E-05  0.11728662E-06
  0.41500000E+01 -0.36279059E-05  0.78972099E-07
  0.41600000E+01 -0.35297582E-05  0.39202682E-07
  0.41700000E+01 -0.34774519E-05 -0.20073900E-06
  0.41800000E+01 -0.31799379E-05 -0.48219461E-06
  0.41900000E+01 -0.29435271E-05 -0.48098998E-06
  0.42000000E+01 -0.27859188E-05 -0.48166360E-06
  0.42100000E+01 -0.26451108E-05 -0.47876804E-06
  0.42200000E+01 -0.25158888E-05 -0.46535031E-06
  0.42300000E+01 -0.23950412E-05 -0.45495086E-06
  0.42400000E+01 -0.22791002E-05 -0.44575285E-06
  0.42500000E+01 -0.21688422E-05 -0.43393269E-06
  0.42600000E+01 -0.20652425E-05 -0.41823569E-06
  0.42700000E+01 -0.19680130E-05 -0.39945189E-06
  0.42800000E+01 -0.18770839E-05 -0.37857996E-06
  0.42900000E+01 -0.17919644E-05 -0.35590504E-06
  0.43000000E+01 -0.17119855E-05 -0.33178741E-06
  0.43100000E+01 -0.16366656E-05 -0.30727257E-06
  0.43200000E+01 -0.15657448E-05 -0.28341853E-06
  0.43300000E+01 -0.14987835E-05 -0.26083123E-06
  0.43400000E+01 -0.14352135E-05 -0.23981219E-06
  0.43500000E+01 -0.13746426E-05 -0.22041040E-06
  0.43600000E+01 -0.13167894E-05 -0.20247326E-06
  0.43700000E+01 -0.12613249E-05 -0.18578381E-06
  0.43800000E+01 -0.12079666E-05 -0.17020877E-06
  0.43900000E+01 -0.11565282E-05 -0.15591293E-06
  0.44000000E+01 -0.11067565E-05 -0.14344846E-06
  0.44100000E+01 -0.10581489E-05 -0.13428490E-06
  0.44200000E+01 -0.10079581E-05 -0.13036301E-06
  0.44300000E+01 -0.95609429E-06 -0.11175880E-06
  0.44400000E+01 -0.90796395E-06 -0.59412396E-07
  0.44500000E+01 -0.88146545E-06 -0.26482123E-07
  0.44600000E+01 -0.85018107E-06 -0.32740103E-08
  0.44700000E+01 -0.81881182E-06  0.18818822E-07
  0.44800000E+01 -0.78794294E-06  0.39372239E-07
  0.44900000E+01 -0.75647098E-06  0.58189105E-07
  0.45000000E+01 -0.72540605E-06  0.82319965E-07
  0.45100000E+01 -0.69583054E-06  0.10763753E-06
  0.45200000E+01 -0.66785253E-06  0.13347811E-06
  0.45300000E+01 -0.64146352E-06  0.15911469E-06
  0.45400000E+01 -0.61638954E-06  0.18386184E-06
  0.45500000E+01 -0.59223669E-06  0.20754006E-06
  0.45600000E+01 -0.56861268E-06  0.23070755E-06
  0.45700000E+01 -0.54512520E-06  0.25491055E-06
  0.45800000E+01 -0.52148144E-06  0.28305128E-06
  0.45900000E+01 -0.49771683E-06  0.31994178E-06
  0.46000000E+01 -0.47444217E-06  0.37221100E-06
  0.46100000E+01 -0.45341591E-06  0.44540116E-06
  0.46200000E+01 -0.43775106E-06  0.53982888E-06
  0.46300000E+01 -0.42975985E-06  0.65212805E-06
  0.46400000E+01 -0.43060842E-06  0.77870920E-06
  0.46500000E+01 -0.44309466E-06  0.91139400E-06
  0.46600000E+01 -0.47148120E-06  0.10449783E-05
  0.46700000E+01 -0.51293854E-06  0.11587827E-05
  0.46800000E+01 -0.55320472E-06  0.12662543E-05
  0.46900000E+01 -0.60654145E-06  0.13769751E-05
  0.47000000E+01 -0.66753133E-06  0.14518101E-05
  0.47100000E+01 -0.72590189E-06  0.15044830E-05
  0.47200000E+01 -0.78107087E-06  0.15498582E-05
  0.47300000E+01 -0.83609762E-06  0.15940040E-05
  0.47400000E+01 -0.89271031E-06  0.16341063E-05
  0.47500000E+01 -0.95096191E-06  0.16658730E-05
  0.47600000E+01 -0.10100575E-05  0.16872309E-05
  0.47700000E+01 -0.10691046E-05  0.16987941E-05
  0.47800000E+01 -0.11275596E-05  0.17036105E-05
  0.47900000E+01 -0.11853172E-05  0.17064209E-05
  0.48000000E+01 -0.12428172E-05  0.17118433E-05
  0.48100000E+01 -0.13016746E-05  0.17209475E-05
  0.48200000E+01 -0.13632732E-05  0.17275544E-05
  0.48300000E+01 -0.14299946E-05  0.17270690E-05
  0.48400000E+01 -0.15037482E-05  0.17087412E-05
  0.48500000E+01 -0.15798449E-05  0.16650970E-05
  0.48600000E+01 -0.16495478E-05  0.15963930E-05
  0.48700000E+01 -0.17083978E-05  0.15105599E-05
  0.48800000E+01 -0.17578716E-05  0.14186565E-05
  0.48900000E+01 -0.18011746E-05  0.13296483E-05
  0.49000000E+01 -0.18405447E-05  0.12479350E-05
  0.49100000E+01 -0.18772085E-05  0.11737332E-05
  0.49200000E+01 -0.19120861E-05  0.11047373E-05
  0.49300000E+01 -0.19455751E-05  0.10380987E-05
  0.49400000E+01 -0.19779844E-05  0.97180948E-06
  0.49500000E+01 -0.20096082E-05  0.90483638E-06
  0.49600000E+01 -0.20404050E-05  0.83657139E-06
  0.49700000E+01 -0.20703223E-05  0.76638463E-06
  0.49800000E+01 -0.20995934E-05  0.69364190E-06
  0.49900000E+01 -0.21279977E-05  0.61829119E-06
  0.50000000E+01 -0.21549342E-05  0.54132447E-06
  0.50100000E+01 -0.21803111E-05  0.46387616E-06
  0.50200000E+01 -0.22044684E-05  0.38536934E-06
  0.50300000E+01 -0.22278975E-05  0.30355808E-06
  0.50400000E+01 -0.22501415E-05  0.21766999E-06
  0.50500000E+01 -0.22692123E-05  0.13045452E-06
  0.50600000E+01 -0.22859198E-05  0.44920142E-07
  0.50700000E+01 -0.23027056E-05 -0.40434316E-07
  0.50800000E+01 -0.23188895E-05 -0.13018558E-06
  0.50900000E+01 -0.23325632E-05 -0.22610676E-06
  0.51000000E+01 -0.23428283E-05 -0.32566486E-06
  0.51100000E+01 -0.23494994E-05 -0.42475064E-06
  0.51200000E+01 -0.23537505E-05 -0.52215055E-06
  0.51300000E+01 -0.23557897E-05 -0.61963684E-06
  0.51400000E+01 -0.23555520E-05 -0.71730466E-06
  0.51500000E+01 -0.23530003E-05 -0.81507325E-06
  0.51600000E+01 -0.23481337E-05 -0.91284689E-06
  0.51700000E+01 -0.23409699E-05 -0.10105443E-05
  0.51800000E+01 -0.23315266E-05 -0.11081011E-05
  0.51900000E+01 -0.23198122E-05 -0.12054660E-05
  0.52000000E+01 -0.23058145E-05 -0.13026031E-05
  0.52100000E+01 -0.22894952E-05 -0.13995088E-05
  0.52200000E+01 -0.22708082E-05 -0.14962393E-05
  0.52300000E+01 -0.22497151E-05 -0.15929062E-05
  0.52400000E+01 -0.22262042E-05 -0.16895272E-05
  0.52500000E+01 -0.22002389E-05 -0.17857059E-05
  0.52600000E+01 -0.21717079E-05 -0.18808324E-05
  0.52700000E+01 -0.21405093E-05 -0.19760385E-05
  0.52800000E+01 -0.21053453E-05 -0.20763419E-05
  0.52900000E+01 -0.20080008E-05 -0.21872324E-05
  0.53000000E+01 -0.20497592E-05 -0.23043265E-05
  0.53100000E+01 -0.19919423E-05 -0.24108541E-05
  0.53200000E+01 -0.19383498E-05 -0.25010060E-05
  0.53300000E+01 -0.18866336E-05 -0.25908585E-05
  0.53400000E+01 -0.18337824E-05 -0.26879839E-05
  0.53500000E+01 -0.17760905E-05 -0.27865468E-05
  0.53600000E+01 -0.17141710E-05 -0.28824156E-05
  0.53700000E+01 -0.16482695E-05 -0.29740425E-05
  0.53800000E+01 -0.15787256E-05 -0.30606425E-05
  0.53900000E+01 -0.15059877E-05 -0.31417838E-05
  0.54000000E+01 -0.14305310E-05 -0.32172447E-05
  0.54100000E+01 -0.13528084E-05 -0.32868963E-05
  0.54200000E+01 -0.12732012E-05 -0.33505178E-05
  0.54300000E+01 -0.11920431E-05 -0.34077078E-05
  0.54400000E+01 -0.11096830E-05 -0.34584508E-05
  0.54500000E+01 -0.10266090E-05 -0.35048955E-05
  0.54600000E+01 -0.94358450E-06 -0.35532290E-05
  0.54700000E+01 -0.86120230E-06 -0.36119957E-05
  0.54800000E+01 -0.77700139E-06 -0.36847950E-05
  0.54900000E+01 -0.68246366E-06 -0.37630584E-05
  0.55000000E+01 -0.57332323E-06 -0.38285204E-05
  0.55100000E+01 -0.45763155E-06 -0.38652974E-05
  0.55200000E+01 -0.34400796E-06 -0.38695765E-05
  0.55300000E+01 -0.23675710E-06 -0.38485069E-05
  0.55400000E+01 -0.13685851E-06 -0.38126918E-05
  0.55500000E+01 -0.44072525E-07 -0.37705221E-05
  0.55600000E+01  0.42317229E-07 -0.37268240E-05
  0.55700000E+01  0.12308538E-06 -0.36838181E-05
  0.55800000E+01  0.19885505E-06 -0.36424720E-05
  0.55900000E+01  0.27030688E-06 -0.36035681E-05
  0.56000000E+01  0.33819864E-06 -0.35684810E-05
  0.56100000E+01  0.40505348E-06 -0.35370428E-05
  0.56200000E+01  0.46944862E-06 -0.35000716E-05
  0.56300000E+01  0.53050333E-06 -0.34634932E-05
  0.56400000E+01  0.58891982E-06 -0.34267484E-05
  0.56500000E+01  0.64500559E-06 -0.33899712E-05
  0.56600000E+01  0.69908158E-06 -0.33531647E-05
  0.56700000E+01  0.75142117E-06 -0.33161547E-05
  0.56800000E+01  0.80222598E-06 -0.32787012E-05
  0.56900000E+01  0.85165204E-06 -0.32405017E-05
  0.57000000E+01  0.89978459E-06 -0.32012261E-05
  0.57100000E+01  0.94663635E-06 -0.31605558E-05
  0.57200000E+01  0.99218112E-06 -0.31182000E-05
  0.57300000E+01  0.10363874E-05 -0.30738976E-05
  0.57400000E+01  0.10792274E-05 -0.30274168E-05
  0.57500000E+01  0.11206729E-05 -0.29785531E-05
  0.57600000E+01  0.11607028E-05 -0.29271262E-05
  0.57700000E+01  0.11993192E-05 -0.28729763E-05
  0.57800000E+01  0.12365479E-05 -0.28159618E-05
  0.57900000E+01  0.12724140E-05 -0.27559577E-05
  0.58000000E+01  0.13069120E-05 -0.26928575E-05
  0.58100000E+01  0.13400010E-05 -0.26265782E-05
  0.58200000E+01  0.13716086E-05 -0.25570669E-05
  0.58300000E+01  0.14016396E-05 -0.24843100E-05
  0.58400000E+01  0.14299699E-05 -0.24083424E-05
  0.58500000E+01  0.14564511E-05 -0.23292554E-05
  0.58600000E+01  0.14809224E-05 -0.22472042E-05
  0.58700000E+01  0.15032270E-05 -0.21624123E-05
  0.58800000E+01  0.15232162E-05 -0.20751745E-05
  0.58900000E+01  0.15407394E-05 -0.19858582E-05
  0.59000000E+01  0.15556246E-05 -0.18949017E-05
  0.59100000E+01  0.15676744E-05 -0.18028110E-05
  0.59200000E+01  0.15766813E-05 -0.17101536E-05
  0.59300000E+01  0.15824622E-05 -0.16175498E-05
  0.59400000E+01  0.15848978E-05 -0.15256609E-05
  0.59500000E+01  0.15839610E-05 -0.14351735E-05
  0.59600000E+01  0.15797289E-05 -0.13467825E-05
  0.59700000E+01  0.15723736E-05 -0.12611706E-05
  0.59800000E+01  0.15621407E-05 -0.11789879E-05
  0.59900000E+01  0.15493202E-05 -0.11008322E-05
  0.60000000E+01  0.15342264E-05 -0.10272305E-05
  0.60100000E+01  0.15171770E-05 -0.95862462E-06
  0.60200000E+01  0.14984844E-05 -0.89536120E-06
  0.60300000E+01  0.14784495E-05 -0.83768613E-06
  0.60400000E+01  0.14573579E-05 -0.78574444E-06
  0.60500000E+01  0.14354785E-05 -0.73958449E-06
  0.60600000E+01  0.14130626E-05 -0.69916599E-06
  0.60700000E+01  0.13903422E-05 -0.66437053E-06
  0.60800000E+01  0.13675312E-05 -0.63501366E-06
  0.60900000E+01  0.13448211E-05 -0.61085732E-06
  0.61000000E+01  0.13223805E-05 -0.59162160E-06
  0.61100000E+01  0.13003540E-05 -0.57699527E-06
  0.61200000E+01  0.12788616E-05 -0.56664468E-06
  0.61300000E+01  0.12580032E-05 -0.56022074E-06
  0.61400000E+01  0.12378629E-05 -0.55736430E-06
  0.61500000E+01  0.12185137E-05 -0.55771013E-06
  0.61600000E+01  0.12000196E-05 -0.56088989E-06
  0.61700000E+01  0.11824340E-05 -0.56653467E-06
  0.61800000E+01  0.11657970E-05 -0.57427739E-06
  0.61900000E+01  0.11501333E-05 -0.58375546E-06
  0.62000000E+01  0.11354510E-05 -0.59461396E-06
  0.62100000E+01  0.11217445E-05 -0.60650938E-06
  0.62200000E+01  0.11089959E-05 -0.61911376E-06
  0.62300000E+01  0.10971742E-05 -0.63211918E-06
  0.62400000E+01  0.10862332E-05 -0.64524221E-06
  0.62500000E+01  0.10761090E-05 -0.65822798E-06
  0.62600000E+01  0.10667210E-05 -0.67085356E-06
  0.62700000E+01  0.10579765E-05 -0.68293039E-06
  0.62800000E+01  0.10497796E-05 -0.69430552E-06
  0.62900000E+01  0.10420387E-05 -0.70486171E-06
  0.63000000E+01  0.10346706E-05 -0.71451622E-06
  0.63100000E+01  0.10275993E-05 -0.72321862E-06
  0.63200000E+01  0.10207551E-05 -0.73094769E-06
  0.63300000E+01  0.10140728E-05 -0.73770762E-06
  0.63400000E+01  0.10074943E-05 -0.74352391E-06
  0.63500000E+01  0.10009727E-05 -0.74843898E-06
  0.63600000E+01  0.99447301E-06 -0.75250793E-06
  0.63700000E+01  0.98796879E-06 -0.75579456E-06
  0.63800000E+01  0.98143841E-06 -0.75836791E-06
  0.63900000E+01  0.97486186E-06 -0.76029962E-06
  0.64000000E+01  0.96822337E-06 -0.76166226E-06
  0.64100000E+01  0.96151581E-06 -0.76252879E-06
  0.64200000E+01  0.95474376E-06 -0.76297333E-06
  0.64300000E+01  0.94792041E-06 -0.76307302E-06
  0.64400000E+01  0.94105966E-06 -0.76291086E-06
  0.64500000E+01  0.93416692E-06 -0.76257899E-06
  0.64600000E+01  0.92723383E-06 -0.76218181E-06
  0.64700000E+01  0.92024032E-06 -0.76183841E-06
  0.64800000E+01  0.91315931E-06 -0.76168344E-06
  0.64900000E+01  0.90596450E-06 -0.76186615E-06
  0.65000000E+01  0.89863766E-06 -0.76254717E-06
  0.65100000E+01  0.89117707E-06 -0.76389328E-06
  0.65200000E+01  0.88360549E-06 -0.76607044E-06
  0.65300000E+01  0.87597364E-06 -0.76923589E-06
  0.65400000E+01  0.86835757E-06 -0.77353005E-06
  0.65500000E+01  0.86085175E-06 -0.77906884E-06
  0.65600000E+01  0.85356305E-06 -0.78593682E-06
  0.65700000E+01  0.84661014E-06 -0.79418094E-06
  0.65800000E+01  0.84012471E-06 -0.80380405E-06
  0.65900000E+01  0.83425134E-06 -0.81475730E-06
  0.66000000E+01  0.82914128E-06 -0.82693066E-06
  0.66100000E+01  0.82494530E-06 -0.84014187E-06
  0.66200000E+01  0.82180970E-06 -0.85412624E-06
  0.66300000E+01  0.81987589E-06 -0.86853181E-06
  0.66400000E+01  0.81927538E-06 -0.88292667E-06
  0.66500000E+01  0.82011280E-06 -0.89682532E-06
  0.66600000E+01  0.82243934E-06 -0.90973923E-06
  0.66700000E+01  0.82622770E-06 -0.92125081E-06
  0.66800000E+01  0.83135257E-06 -0.93110278E-06
  0.66900000E+01  0.83757090E-06 -0.93928570E-06
  0.67000000E+01  0.84449436E-06 -0.94610082E-06
  0.67100000E+01  0.85157904E-06 -0.95217425E-06
  0.67200000E+01  0.85819592E-06 -0.95840557E-06
  0.67300000E+01  0.86383176E-06 -0.96584737E-06
  0.67400000E+01  0.86837418E-06 -0.97553055E-06
  0.67500000E+01  0.87232718E-06 -0.98826649E-06
  0.67600000E+01  0.87678828E-06 -0.10044674E-05
  0.67700000E+01  0.88313736E-06 -0.10240251E-05
  0.67800000E+01  0.89257364E-06 -0.10462778E-05
  0.67900000E+01  0.90574207E-06 -0.10700721E-05
  0.68000000E+01  0.92262472E-06 -0.10939080E-05
  0.68100000E+01  0.94270669E-06 -0.11161365E-05
  0.68200000E+01  0.96528138E-06 -0.11351679E-05
  0.68300000E+01  0.98970022E-06 -0.11496546E-05
  0.68400000E+01  0.10154339E-05 -0.11586192E-05
  0.68500000E+01  0.10419837E-05 -0.11615150E-05
  0.68600000E+01  0.10688080E-05 -0.11582200E-05
  0.68700000E+01  0.10953631E-05 -0.11489824E-05
  0.68800000E+01  0.11211985E-05 -0.11343368E-05
  0.68900000E+01  0.11460033E-05 -0.11150172E-05
  0.69000000E+01  0.11696078E-05 -0.10918803E-05
  0.69100000E+01  0.11919785E-05 -0.10658422E-05
  0.69200000E+01  0.12131588E-05 -0.10378209E-05
  0.69300000E+01  0.12331496E-05 -0.10086729E-05
  0.69400000E+01  0.12518900E-05 -0.97912195E-06
  0.69500000E+01  0.12694116E-05 -0.94970191E-06
  0.69600000E+01  0.12859105E-05 -0.92074632E-06
  0.69700000E+01  0.13015907E-05 -0.89244549E-06
  0.69800000E+01  0.13165611E-05 -0.86493991E-06
  0.69900000E+01  0.13308754E-05 -0.83836692E-06
  0.70000000E+01  0.13444221E-05 -0.81278688E-06
