  0.00000000E+00  0.18576357E+04 -0.19778568E-12
  0.10000000E-01  0.19312592E+04 -0.17549941E+03
  0.20000000E-01  0.21553258E+04 -0.34285509E+03
  0.30000000E-01  0.28103096E+04 -0.33523284E+03
  0.40000000E-01  0.27684062E+04 -0.33611108E+03
  0.50000000E-01  0.32061152E+04 -0.45948921E+03
  0.60000000E-01  0.42052329E+04 -0.27772586E+03
  0.70000000E-01  0.41819950E+04  0.76934775E+03
  0.80000000E-01  0.32247212E+04  0.79191481E+03
  0.90000000E-01  0.28943783E+04  0.74139796E+03
  0.10000000E+00  0.26647034E+04  0.70583113E+03
  0.11000000E+00  0.24923024E+04  0.66877129E+03
  0.12000000E+00  0.23470807E+04  0.63297800E+03
  0.13000000E+00  0.22139915E+04  0.58778962E+03
  0.14000000E+00  0.21084367E+04  0.53612108E+03
  0.15000000E+00  0.20285372E+04  0.48296280E+03
  0.16000000E+00  0.19666336E+04  0.42988821E+03
  0.17000000E+00  0.19175799E+04  0.37733223E+03
  0.18000000E+00  0.18781798E+04  0.32543809E+03
  0.19000000E+00  0.18464861E+04  0.27422930E+03
  0.20000000E+00  0.18212019E+04  0.22368606E+03
  0.21000000E+00  0.18013706E+04  0.17379180E+03
  0.22000000E+00  0.17862853E+04  0.12451419E+03
  0.23000000E+00  0.17754989E+04  0.75772679E+02
  0.24000000E+00  0.17688873E+04  0.27397282E+02
  0.25000000E+00  0.17667442E+04 -0.20801657E+02
  0.26000000E+00  0.17698323E+04 -0.68962257E+02
  0.27000000E+00  0.17792948E+04 -0.11710090E+03
  0.28000000E+00  0.17964064E+04 -0.16502775E+03
  0.29000000E+00  0.18222322E+04 -0.21229968E+03
  0.30000000E+00  0.18572920E+04 -0.25818101E+03
  0.31000000E+00  0.19013181E+04 -0.30172598E+03
  0.32000000E+00  0.19531649E+04 -0.34197607E+03
  0.33000000E+00  0.20109027E+04 -0.37816621E+03
  0.34000000E+00  0.20721016E+04 -0.40987623E+03
  0.35000000E+00  0.21342785E+04 -0.43711514E+03
  0.36000000E+00  0.21953794E+04 -0.46033243E+03
  0.37000000E+00  0.22540679E+04 -0.48021320E+03
  0.38000000E+00  0.23096616E+04 -0.49735015E+03
  0.39000000E+00  0.23618506E+04 -0.51219503E+03
  0.40000000E+00  0.24104933E+04 -0.52516974E+03
  0.41000000E+00  0.24556200E+04 -0.53669199E+03
  0.42000000E+00  0.24975084E+04 -0.54714873E+03
  0.43000000E+00  0.25366570E+04 -0.55681312E+03
  0.44000000E+00  0.25736412E+04 -0.56581733E+03
  0.45000000E+00  0.26089674E+04 -0.57423205E+03
  0.46000000E+00  0.26430165E+04 -0.58211950E+03
  0.47000000E+00  0.26760674E+04 -0.58953871E+03
  0.48000000E+00  0.27083424E+04 -0.59654067E+03
  0.49000000E+00  0.27400343E+04 -0.60316430E+03
  0.50000000E+00  0.27713153E+04 -0.60943892E+03
  0.51000000E+00  0.28023402E+04 -0.61538654E+03
  0.52000000E+00  0.28332483E+04 -0.62102205E+03
  0.53000000E+00  0.28641680E+04 -0.62635020E+03
  0.54000000E+00  0.28952197E+04 -0.63136715E+03
  0.55000000E+00  0.29265200E+04 -0.63606532E+03
  0.56000000E+00  0.29581849E+04 -0.64043664E+03
  0.57000000E+00  0.29903337E+04 -0.64446982E+03
  0.58000000E+00  0.30230932E+04 -0.64814675E+03
  0.59000000E+00  0.30566020E+04 -0.65144336E+03
  0.60000000E+00  0.30910174E+04 -0.65433186E+03
  0.61000000E+00  0.31265222E+04 -0.65677936E+03
  0.62000000E+00  0.31633367E+04 -0.65874162E+03
  0.63000000E+00  0.32017338E+04 -0.66015683E+03
  0.64000000E+00  0.32420648E+04 -0.66093483E+03
  0.65000000E+00  0.32847625E+04 -0.66093101E+03
  0.66000000E+00  0.33300474E+04 -0.65988002E+03
  0.67000000E+00  0.33770399E+04 -0.65729171E+03
  0.68000000E+00  0.34237503E+04 -0.65287494E+03
  0.69000000E+00  0.34693244E+04 -0.64755520E+03
  0.70000000E+00  0.35149729E+04 -0.64196635E+03
  0.71000000E+00  0.35621066E+04 -0.63585072E+03
  0.72000000E+00  0.36111264E+04 -0.62876896E+03
  0.73000000E+00  0.36615019E+04 -0.62028688E+03
  0.74000000E+00  0.37122259E+04 -0.61011818E+03
  0.75000000E+00  0.37623916E+04 -0.59829795E+03
  0.76000000E+00  0.38114585E+04 -0.58497315E+03
  0.77000000E+00  0.38591206E+04 -0.57031659E+03
  0.78000000E+00  0.39051855E+04 -0.55458537E+03
  0.79000000E+00  0.39496515E+04 -0.53803241E+03
  0.80000000E+00  0.39926495E+04 -0.52074898E+03
  0.81000000E+00  0.40340029E+04 -0.50280800E+03
  0.82000000E+00  0.40745470E+04 -0.48446157E+03
  0.83000000E+00  0.41153204E+04 -0.46566832E+03
  0.84000000E+00  0.41570618E+04 -0.44632118E+03
  0.85000000E+00  0.42004632E+04 -0.42595144E+03
  0.86000000E+00  0.42434056E+04 -0.40335307E+03
  0.87000000E+00  0.42824174E+04 -0.37935607E+03
  0.88000000E+00  0.43190309E+04 -0.35482746E+03
  0.89000000E+00  0.43532836E+04 -0.32996566E+03
  0.90000000E+00  0.43855611E+04 -0.30486075E+03
  0.91000000E+00  0.44163672E+04 -0.27952333E+03
  0.92000000E+00  0.44458394E+04 -0.25397827E+03
  0.93000000E+00  0.44739941E+04 -0.22824956E+03
  0.94000000E+00  0.45008815E+04 -0.20234587E+03
  0.95000000E+00  0.45265854E+04 -0.17625526E+03
  0.96000000E+00  0.45512023E+04 -0.14995852E+03
  0.97000000E+00  0.45748461E+04 -0.12343025E+03
  0.98000000E+00  0.45976423E+04 -0.96634576E+02
  0.99000000E+00  0.46196670E+04 -0.69542151E+02
  0.10000000E+01  0.46408503E+04 -0.42089805E+02
  0.10100000E+01  0.46609659E+04 -0.14174615E+02
  0.10200000E+01  0.46797151E+04  0.14202056E+02
  0.10300000E+01  0.46966104E+04  0.42983842E+02
  0.10400000E+01  0.47109099E+04  0.72066168E+02
  0.10500000E+01  0.47228590E+04  0.10095272E+03
  0.10600000E+01  0.47339864E+04  0.12993510E+03
  0.10700000E+01  0.47378639E+04  0.15957041E+03
  0.10800000E+01  0.47386006E+04  0.18553249E+03
  0.10900000E+01  0.47433865E+04  0.20932553E+03
  0.11000000E+01  0.47526909E+04  0.23203192E+03
  0.11100000E+01  0.47686766E+04  0.25445623E+03
  0.11200000E+01  0.48005655E+04  0.27962872E+03
  0.11300000E+01  0.48262500E+04  0.32164505E+03
  0.11400000E+01  0.48317419E+04  0.35609627E+03
  0.11500000E+01  0.48344358E+04  0.39039078E+03
  0.11600000E+01  0.48480390E+04  0.42506158E+03
  0.11700000E+01  0.48497951E+04  0.45982590E+03
  0.11800000E+01  0.48459061E+04  0.49231594E+03
  0.11900000E+01  0.48434783E+04  0.52235897E+03
  0.12000000E+01  0.48426558E+04  0.55159540E+03
  0.12100000E+01  0.48413218E+04  0.58062837E+03
  0.12200000E+01  0.48388840E+04  0.60895237E+03
  0.12300000E+01  0.48365328E+04  0.63638550E+03
  0.12400000E+01  0.48347351E+04  0.66323095E+03
  0.12500000E+01  0.48335270E+04  0.68963845E+03
  0.12600000E+01  0.48326764E+04  0.71583711E+03
  0.12700000E+01  0.48316567E+04  0.74178815E+03
  0.12800000E+01  0.48308814E+04  0.76714538E+03
  0.12900000E+01  0.48316247E+04  0.79198997E+03
  0.13000000E+01  0.48349336E+04  0.81662572E+03
  0.13100000E+01  0.48413518E+04  0.84133944E+03
  0.13200000E+01  0.48558296E+04  0.86591224E+03
  0.13300000E+01  0.48650402E+04  0.90121033E+03
  0.13400000E+01  0.48698427E+04  0.93109053E+03
  0.13500000E+01  0.48733573E+04  0.96188949E+03
  0.13600000E+01  0.48739153E+04  0.99320174E+03
  0.13700000E+01  0.48707955E+04  0.10244477E+04
  0.13800000E+01  0.48658272E+04  0.10549673E+04
  0.13900000E+01  0.48598427E+04  0.10849610E+04
  0.14000000E+01  0.48530807E+04  0.11144048E+04
  0.14100000E+01  0.48462103E+04  0.11434036E+04
  0.14200000E+01  0.48379738E+04  0.11720943E+04
  0.14300000E+01  0.48276936E+04  0.11968664E+04
  0.14400000E+01  0.48148835E+04  0.12315903E+04
  0.14500000E+01  0.48001297E+04  0.12659706E+04
  0.14600000E+01  0.47846389E+04  0.12896111E+04
  0.14700000E+01  0.47691308E+04  0.13150010E+04
  0.14800000E+01  0.47536986E+04  0.13400365E+04
  0.14900000E+01  0.47383007E+04  0.13644801E+04
  0.15000000E+01  0.47230183E+04  0.13882958E+04
  0.15100000E+01  0.47079970E+04  0.14115214E+04
  0.15200000E+01  0.46933751E+04  0.14342137E+04
  0.15300000E+01  0.46792521E+04  0.14564372E+04
  0.15400000E+01  0.46656294E+04  0.14782634E+04
  0.15500000E+01  0.46523254E+04  0.14993115E+04
  0.15600000E+01  0.46392169E+04  0.15271518E+04
  0.15700000E+01  0.46263487E+04  0.15426400E+04
  0.15800000E+01  0.46137957E+04  0.15632375E+04
  0.15900000E+01  0.46015251E+04  0.15836945E+04
  0.16000000E+01  0.45894468E+04  0.16039744E+04
  0.16100000E+01  0.45775093E+04  0.16241129E+04
  0.16200000E+01  0.45655987E+04  0.16441379E+04
  0.16300000E+01  0.45536366E+04  0.16640433E+04
  0.16400000E+01  0.45415953E+04  0.16837969E+04
  0.16500000E+01  0.45295020E+04  0.17033690E+04
  0.16600000E+01  0.45173623E+04  0.17227836E+04
  0.16700000E+01  0.45050618E+04  0.17420337E+04
  0.16800000E+01  0.44926343E+04  0.17610573E+04
  0.16900000E+01  0.44803968E+04  0.17798722E+04
  0.17000000E+01  0.44683096E+04  0.17985225E+04
  0.17100000E+01  0.44566814E+04  0.18170676E+04
  0.17200000E+01  0.44453095E+04  0.18356230E+04
  0.17300000E+01  0.44341389E+04  0.18542148E+04
  0.17400000E+01  0.44231412E+04  0.18728812E+04
  0.17500000E+01  0.44122622E+04  0.18916464E+04
  0.17600000E+01  0.44014705E+04  0.19105296E+04
  0.17700000E+01  0.43906277E+04  0.19296176E+04
  0.17800000E+01  0.43792825E+04  0.19488803E+04
  0.17900000E+01  0.43674693E+04  0.19679752E+04
  0.18000000E+01  0.43563234E+04  0.19869148E+04
  0.18100000E+01  0.43457243E+04  0.20059895E+04
  0.18200000E+01  0.43360276E+04  0.20254335E+04
  0.18300000E+01  0.43257752E+04  0.20452722E+04
  0.18400000E+01  0.43193603E+04  0.20655119E+04
  0.18500000E+01  0.43139788E+04  0.20898018E+04
  0.18600000E+01  0.43003686E+04  0.21152633E+04
  0.18700000E+01  0.42856289E+04  0.21394824E+04
  0.18800000E+01  0.42687704E+04  0.21637457E+04
  0.18900000E+01  0.42483469E+04  0.21875942E+04
  0.19000000E+01  0.42255442E+04  0.22103047E+04
  0.19100000E+01  0.42016058E+04  0.22317115E+04
  0.19200000E+01  0.41779381E+04  0.22522539E+04
  0.19300000E+01  0.41545658E+04  0.22724334E+04
  0.19400000E+01  0.41309005E+04  0.22923892E+04
  0.19500000E+01  0.41065361E+04  0.23121587E+04
  0.19600000E+01  0.40812983E+04  0.23317434E+04
  0.19700000E+01  0.40552302E+04  0.23511061E+04
  0.19800000E+01  0.40286415E+04  0.23704103E+04
  0.19900000E+01  0.40010545E+04  0.23896459E+04
  0.20000000E+01  0.39719175E+04  0.24088847E+04
  0.20100000E+01  0.39410780E+04  0.24276082E+04
  0.20200000E+01  0.39088243E+04  0.24458282E+04
  0.20300000E+01  0.38751799E+04  0.24634427E+04
  0.20400000E+01  0.38403242E+04  0.24803855E+04
  0.20500000E+01  0.38043541E+04  0.24968570E+04
  0.20600000E+01  0.37661797E+04  0.25123080E+04
  0.20700000E+01  0.37276251E+04  0.25263621E+04
  0.20800000E+01  0.36887651E+04  0.25393824E+04
  0.20900000E+01  0.36500590E+04  0.25513358E+04
  0.21000000E+01  0.36123230E+04  0.25621897E+04
  0.21100000E+01  0.35761642E+04  0.25724214E+04
  0.21200000E+01  0.35417595E+04  0.25823467E+04
  0.21300000E+01  0.35090248E+04  0.25922426E+04
  0.21400000E+01  0.34780010E+04  0.26024043E+04
  0.21500000E+01  0.34491048E+04  0.26131372E+04
  0.21600000E+01  0.34223317E+04  0.26249436E+04
  0.21700000E+01  0.33959001E+04  0.26379844E+04
  0.21800000E+01  0.33694813E+04  0.26518860E+04
  0.21900000E+01  0.33434645E+04  0.26665127E+04
  0.22000000E+01  0.33182487E+04  0.26819243E+04
  0.22100000E+01  0.32947583E+04  0.26982625E+04
  0.22200000E+01  0.32749034E+04  0.27160573E+04
  0.22300000E+01  0.32629915E+04  0.27368878E+04
  0.22400000E+01  0.32640511E+04  0.27668053E+04
  0.22500000E+01  0.32435617E+04  0.28157034E+04
  0.22600000E+01  0.31721253E+04  0.28577530E+04
  0.22700000E+01  0.30934456E+04  0.28862028E+04
  0.22800000E+01  0.30164366E+04  0.29066659E+04
  0.22900000E+01  0.29444440E+04  0.29196106E+04
  0.23000000E+01  0.28825516E+04  0.29301420E+04
  0.23100000E+01  0.28209070E+04  0.29391225E+04
  0.23200000E+01  0.27568608E+04  0.29455473E+04
  0.23300000E+01  0.26944287E+04  0.29478762E+04
  0.23400000E+01  0.26366699E+04  0.29474183E+04
  0.23500000E+01  0.25830755E+04  0.29449796E+04
  0.23600000E+01  0.25334361E+04  0.29409999E+04
  0.23700000E+01  0.24877807E+04  0.29358464E+04
  0.23800000E+01  0.24458556E+04  0.29298305E+04
  0.23900000E+01  0.24073476E+04  0.29231368E+04
  0.24000000E+01  0.23718333E+04  0.29159518E+04
  0.24100000E+01  0.23389165E+04  0.29084018E+04
  0.24200000E+01  0.23082457E+04  0.29005843E+04
  0.24300000E+01  0.22795111E+04  0.28925718E+04
  0.24400000E+01  0.22524450E+04  0.28844193E+04
  0.24500000E+01  0.22268073E+04  0.28761785E+04
  0.24600000E+01  0.22022960E+04  0.28678753E+04
  0.24700000E+01  0.21787156E+04  0.28594583E+04
  0.24800000E+01  0.21560821E+04  0.28509250E+04
  0.24900000E+01  0.21343686E+04  0.28423108E+04
  0.25000000E+01  0.21134783E+04  0.28336615E+04
  0.25100000E+01  0.20932649E+04  0.28250343E+04
  0.25200000E+01  0.20734164E+04  0.28164391E+04
  0.25300000E+01  0.20538696E+04  0.28076598E+04
  0.25400000E+01  0.20351026E+04  0.27987133E+04
  0.25500000E+01  0.20171708E+04  0.27897360E+04
  0.25600000E+01  0.19998906E+04  0.27808209E+04
  0.25700000E+01  0.19830476E+04  0.27719986E+04
  0.25800000E+01  0.19665265E+04  0.27633197E+04
  0.25900000E+01  0.19501818E+04  0.27547593E+04
  0.26000000E+01  0.19339266E+04  0.27462656E+04
  0.26100000E+01  0.19175693E+04  0.27379046E+04
  0.26200000E+01  0.19008216E+04  0.27296662E+04
  0.26300000E+01  0.18836105E+04  0.27213180E+04
  0.26400000E+01  0.18661381E+04  0.27127881E+04
  0.26500000E+01  0.18485364E+04  0.27041402E+04
  0.26600000E+01  0.18306953E+04  0.26953827E+04
  0.26700000E+01  0.18124229E+04  0.26864710E+04
  0.26800000E+01  0.17936024E+04  0.26773373E+04
  0.26900000E+01  0.17742133E+04  0.26679065E+04
  0.27000000E+01  0.17543070E+04  0.26581060E+04
  0.27100000E+01  0.17339879E+04  0.26478690E+04
  0.27200000E+01  0.17134012E+04  0.26371382E+04
  0.27300000E+01  0.16927195E+04  0.26258724E+04
  0.27400000E+01  0.16721322E+04  0.26140541E+04
  0.27500000E+01  0.16518374E+04  0.26016881E+04
  0.27600000E+01  0.16320415E+04  0.25887920E+04
  0.27700000E+01  0.16129648E+04  0.25753916E+04
  0.27800000E+01  0.15948495E+04  0.25615246E+04
  0.27900000E+01  0.15779654E+04  0.25472492E+04
  0.28000000E+01  0.15626032E+04  0.25326534E+04
  0.28100000E+01  0.15490519E+04  0.25178626E+04
  0.28200000E+01  0.15375479E+04  0.25030581E+04
  0.28300000E+01  0.15281678E+04  0.24884881E+04
  0.28400000E+01  0.15206704E+04  0.24744354E+04
  0.28500000E+01  0.15143836E+04  0.24611583E+04
  0.28600000E+01  0.15082834E+04  0.24487846E+04
  0.28700000E+01  0.15012934E+04  0.24371947E+04
  0.28800000E+01  0.14926265E+04  0.24260333E+04
  0.28900000E+01  0.14819610E+04  0.24149164E+04
  0.29000000E+01  0.14694423E+04  0.24035958E+04
  0.29100000E+01  0.14556050E+04  0.23917980E+04
  0.29200000E+01  0.14410349E+04  0.23794183E+04
  0.29300000E+01  0.14256269E+04  0.23665554E+04
  0.29400000E+01  0.14084241E+04  0.23530906E+04
  0.29500000E+01  0.13888593E+04  0.23384817E+04
  0.29600000E+01  0.13678653E+04  0.23220941E+04
  0.29700000E+01  0.13472001E+04  0.23037535E+04
  0.29800000E+01  0.13279576E+04  0.22838159E+04
  0.29900000E+01  0.13101705E+04  0.22625504E+04
  0.30000000E+01  0.12934309E+04  0.22401320E+04
  0.30100000E+01  0.12774844E+04  0.22165678E+04
  0.30200000E+01  0.12623410E+04  0.21917469E+04
  0.30300000E+01  0.12478974E+04  0.21656949E+04
  0.30400000E+01  0.12340645E+04  0.21382743E+04
  0.30500000E+01  0.12211600E+04  0.21092943E+04
  0.30600000E+01  0.12090389E+04  0.20787795E+04
  0.30700000E+01  0.11989128E+04  0.20458697E+04
  0.30800000E+01  0.11947493E+04  0.20105112E+04
  0.30900000E+01  0.12008841E+04  0.19733447E+04
  0.31000000E+01  0.12306267E+04  0.19330535E+04
  0.31100000E+01  0.13092619E+04  0.18907699E+04
  0.31200000E+01  0.14163053E+04  0.19000224E+04
  0.31300000E+01  0.14774426E+04  0.19075408E+04
  0.31400000E+01  0.15196152E+04  0.19106673E+04
  0.31500000E+01  0.15554645E+04  0.19146226E+04
  0.31600000E+01  0.15879677E+04  0.19186133E+04
  0.31700000E+01  0.16169768E+04  0.19225348E+04
  0.31800000E+01  0.16430162E+04  0.19263757E+04
  0.31900000E+01  0.16669204E+04  0.19301354E+04
  0.32000000E+01  0.16892807E+04  0.19338236E+04
  0.32100000E+01  0.17104667E+04  0.19374737E+04
  0.32200000E+01  0.17307749E+04  0.19411073E+04
  0.32300000E+01  0.17504930E+04  0.19447490E+04
  0.32400000E+01  0.17699012E+04  0.19484411E+04
  0.32500000E+01  0.17892592E+04  0.19522251E+04
  0.32600000E+01  0.18088066E+04  0.19561596E+04
  0.32700000E+01  0.18287804E+04  0.19602978E+04
  0.32800000E+01  0.18494417E+04  0.19647201E+04
  0.32900000E+01  0.18710988E+04  0.19695441E+04
  0.33000000E+01  0.18941515E+04  0.19749375E+04
  0.33100000E+01  0.19190969E+04  0.19811837E+04
  0.33200000E+01  0.19463720E+04  0.19888607E+04
  0.33300000E+01  0.19729057E+04  0.19990111E+04
  0.33400000E+01  0.19988674E+04  0.20085694E+04
  0.33500000E+01  0.20312893E+04  0.20192200E+04
  0.33600000E+01  0.20713011E+04  0.20326891E+04
  0.33700000E+01  0.21216922E+04  0.20507652E+04
  0.33800000E+01  0.21878668E+04  0.20805667E+04
  0.33900000E+01  0.22394771E+04  0.21252482E+04
  0.34000000E+01  0.22419154E+04  0.21765749E+04
  0.34100000E+01  0.22345354E+04  0.22126067E+04
  0.34200000E+01  0.22273196E+04  0.22435108E+04
  0.34300000E+01  0.22202151E+04  0.22715098E+04
  0.34400000E+01  0.22128693E+04  0.22975627E+04
  0.34500000E+01  0.22051681E+04  0.23221972E+04
  0.34600000E+01  0.21969892E+04  0.23457424E+04
  0.34700000E+01  0.21882696E+04  0.23684121E+04
  0.34800000E+01  0.21789955E+04  0.23903485E+04
  0.34900000E+01  0.21691926E+04  0.24116521E+04
  0.35000000E+01  0.21589189E+04  0.24324077E+04
  0.35100000E+01  0.21482457E+04  0.24526993E+04
  0.35200000E+01  0.21372318E+04  0.24726208E+04
  0.35300000E+01  0.21258954E+04  0.24922796E+04
  0.35400000E+01  0.21141829E+04  0.25117967E+04
  0.35500000E+01  0.21019411E+04  0.25312877E+04
  0.35600000E+01  0.20888954E+04  0.25508511E+04
  0.35700000E+01  0.20746421E+04  0.25705568E+04
  0.35800000E+01  0.20586554E+04  0.25904333E+04
  0.35900000E+01  0.20403118E+04  0.26104436E+04
  0.36000000E+01  0.20189381E+04  0.26304657E+04
  0.36100000E+01  0.19939097E+04  0.26502670E+04
  0.36200000E+01  0.19647461E+04  0.26694953E+04
  0.36300000E+01  0.19312854E+04  0.26876742E+04
  0.36400000E+01  0.18938367E+04  0.27042851E+04
  0.36500000E+01  0.18532216E+04  0.27188763E+04
  0.36600000E+01  0.18106595E+04  0.27311798E+04
  0.36700000E+01  0.17675226E+04  0.27411796E+04
  0.36800000E+01  0.17250837E+04  0.27490941E+04
  0.36900000E+01  0.16843375E+04  0.27552931E+04
  0.37000000E+01  0.16458859E+04  0.27602046E+04
  0.37100000E+01  0.16098742E+04  0.27642393E+04
  0.37200000E+01  0.15759977E+04  0.27677454E+04
  0.37300000E+01  0.15435865E+04  0.27709940E+04
  0.37400000E+01  0.15117586E+04  0.27741604E+04
  0.37500000E+01  0.14796173E+04  0.27772649E+04
  0.37600000E+01  0.14464503E+04  0.27801264E+04
  0.37700000E+01  0.14118739E+04  0.27824437E+04
  0.37800000E+01  0.13758754E+04  0.27839539E+04
  0.37900000E+01  0.13387429E+04  0.27845081E+04
  0.38000000E+01  0.13009246E+04  0.27840423E+04
  0.38100000E+01  0.12629053E+04  0.27825470E+04
  0.38200000E+01  0.12251652E+04  0.27800594E+04
  0.38300000E+01  0.11881174E+04  0.27766492E+04
  0.38400000E+01  0.11519120E+04  0.27724389E+04
  0.38500000E+01  0.11167408E+04  0.27676149E+04
  0.38600000E+01  0.10812461E+04  0.27632514E+04
  0.38700000E+01  0.10442933E+04  0.27562087E+04
  0.38800000E+01  0.10127442E+04  0.27479953E+04
  0.38900000E+01  0.98464902E+03  0.27399613E+04
  0.39000000E+01  0.95450902E+03  0.27324567E+04
  0.39100000E+01  0.92465749E+03  0.27254399E+04
  0.39200000E+01  0.89570517E+03  0.27160046E+04
  0.39300000E+01  0.86881159E+03  0.27063659E+04
  0.39400000E+01  0.84264473E+03  0.26966178E+04
  0.39500000E+01  0.81741557E+03  0.26866412E+04
  0.39600000E+01  0.79290738E+03  0.26765269E+04
  0.39700000E+01  0.76894429E+03  0.26663106E+04
  0.39800000E+01  0.74551254E+03  0.26560870E+04
  0.39900000E+01  0.72197245E+03  0.26459425E+04
  0.40000000E+01  0.69859225E+03  0.26356414E+04
  0.40100000E+01  0.67486426E+03  0.26253809E+04
  0.40200000E+01  0.65084116E+03  0.26148486E+04
  0.40300000E+01  0.62667593E+03  0.26041532E+04
  0.40400000E+01  0.60207371E+03  0.25931786E+04
  0.40500000E+01  0.57736991E+03  0.25820334E+04
  0.40600000E+01  0.55131945E+03  0.25707471E+04
  0.40700000E+01  0.52216974E+03  0.25587157E+04
  0.40800000E+01  0.48710391E+03  0.25484448E+04
  0.40900000E+01  0.45463176E+03  0.25284617E+04
  0.41000000E+01  0.43086122E+03  0.25084707E+04
  0.41100000E+01  0.41358465E+03  0.24885093E+04
  0.41200000E+01  0.40010283E+03  0.24688269E+04
  0.41300000E+01  0.38875455E+03  0.24494875E+04
  0.41400000E+01  0.37874878E+03  0.24305017E+04
  0.41500000E+01  0.36977198E+03  0.24118812E+04
  0.41600000E+01  0.36172042E+03  0.23936775E+04
  0.41700000E+01  0.35444531E+03  0.23759982E+04
  0.41800000E+01  0.34822968E+03  0.23590500E+04
  0.41900000E+01  0.33987325E+03  0.23433147E+04
  0.42000000E+01  0.33028254E+03  0.23269018E+04
  0.42100000E+01  0.32097544E+03  0.23102351E+04
  0.42200000E+01  0.31207340E+03  0.22934856E+04
  0.42300000E+01  0.30355883E+03  0.22767232E+04
  0.42400000E+01  0.29538740E+03  0.22599790E+04
  0.42500000E+01  0.28752847E+03  0.22432727E+04
  0.42600000E+01  0.27995510E+03  0.22266143E+04
  0.42700000E+01  0.27263559E+03  0.22100034E+04
  0.42800000E+01  0.26553843E+03  0.21934318E+04
  0.42900000E+01  0.25864150E+03  0.21768863E+04
  0.43000000E+01  0.25193334E+03  0.21603518E+04
  0.43100000E+01  0.24541264E+03  0.21438189E+04
  0.43200000E+01  0.23907546E+03  0.21272802E+04
  0.43300000E+01  0.23291854E+03  0.21107287E+04
  0.43400000E+01  0.22693582E+03  0.20941587E+04
  0.43500000E+01  0.22111679E+03  0.20775642E+04
  0.43600000E+01  0.21544671E+03  0.20609369E+04
  0.43700000E+01  0.20990814E+03  0.20442677E+04
  0.43800000E+01  0.20448308E+03  0.20275449E+04
  0.43900000E+01  0.19915544E+03  0.20107533E+04
  0.44000000E+01  0.19391370E+03  0.19938754E+04
  0.44100000E+01  0.18875337E+03  0.19768924E+04
  0.44200000E+01  0.18368271E+03  0.19597853E+04
  0.44300000E+01  0.17873303E+03  0.19425401E+04
  0.44400000E+01  0.17395151E+03  0.19251738E+04
  0.44500000E+01  0.16922103E+03  0.19076596E+04
  0.44600000E+01  0.16454196E+03  0.18899481E+04
  0.44700000E+01  0.15996234E+03  0.18720137E+04
  0.44800000E+01  0.15550086E+03  0.18538349E+04
  0.44900000E+01  0.15117538E+03  0.18353894E+04
  0.45000000E+01  0.14700683E+03  0.18166537E+04
  0.45100000E+01  0.14302255E+03  0.17976039E+04
  0.45200000E+01  0.13926030E+03  0.17782157E+04
  0.45300000E+01  0.13577681E+03  0.17584644E+04
  0.45400000E+01  0.13266409E+03  0.17383260E+04
  0.45500000E+01  0.13007775E+03  0.17177757E+04
  0.45600000E+01  0.12828074E+03  0.16967884E+04
  0.45700000E+01  0.12770705E+03  0.16753408E+04
  0.45800000E+01  0.12905758E+03  0.16534246E+04
  0.45900000E+01  0.13343517E+03  0.16310755E+04
  0.46000000E+01  0.14238748E+03  0.16084244E+04
  0.46100000E+01  0.15751616E+03  0.15858033E+04
  0.46200000E+01  0.17979846E+03  0.15638432E+04
  0.46300000E+01  0.20954403E+03  0.15432497E+04
  0.46400000E+01  0.24654853E+03  0.15247677E+04
  0.46500000E+01  0.28969595E+03  0.15096968E+04
  0.46600000E+01  0.33703838E+03  0.14999352E+04
  0.46700000E+01  0.37780649E+03  0.14954800E+04
  0.46800000E+01  0.41606252E+03  0.14907809E+04
  0.46900000E+01  0.45413674E+03  0.14904640E+04
  0.47000000E+01  0.48053272E+03  0.14900078E+04
  0.47100000E+01  0.50775760E+03  0.14876423E+04
  0.47200000E+01  0.53748069E+03  0.14858729E+04
  0.47300000E+01  0.56679491E+03  0.14852694E+04
  0.47400000E+01  0.59428075E+03  0.14857852E+04
  0.47500000E+01  0.61923790E+03  0.14871415E+04
  0.47600000E+01  0.64151818E+03  0.14889553E+04
  0.47700000E+01  0.66145819E+03  0.14909172E+04
  0.47800000E+01  0.67968636E+03  0.14928875E+04
  0.47900000E+01  0.69687130E+03  0.14948417E+04
  0.48000000E+01  0.71349207E+03  0.14968214E+04
  0.48100000E+01  0.72974733E+03  0.14988961E+04
  0.48200000E+01  0.74562194E+03  0.15011152E+04
  0.48300000E+01  0.76099917E+03  0.15034925E+04
  0.48400000E+01  0.77574110E+03  0.15060208E+04
  0.48500000E+01  0.78974165E+03  0.15086852E+04
  0.48600000E+01  0.80294277E+03  0.15114696E+04
  0.48700000E+01  0.81533051E+03  0.15143537E+04
  0.48800000E+01  0.82692451E+03  0.15173077E+04
  0.48900000E+01  0.83776693E+03  0.15202925E+04
  0.49000000E+01  0.84791126E+03  0.15232670E+04
  0.49100000E+01  0.85741614E+03  0.15261975E+04
  0.49200000E+01  0.86635301E+03  0.15290563E+04
  0.49300000E+01  0.87481710E+03  0.15318261E+04
  0.49400000E+01  0.88291845E+03  0.15345085E+04
  0.49500000E+01  0.89075820E+03  0.15371160E+04
  0.49600000E+01  0.89841340E+03  0.15396661E+04
  0.49700000E+01  0.90593491E+03  0.15421762E+04
  0.49800000E+01  0.91335146E+03  0.15446593E+04
  0.49900000E+01  0.92067617E+03  0.15471241E+04
  0.50000000E+01  0.92791438E+03  0.15495749E+04
  0.50100000E+01  0.93507115E+03  0.15520135E+04
  0.50200000E+01  0.94215737E+03  0.15544388E+04
  0.50300000E+01  0.94919384E+03  0.15568497E+04
  0.50400000E+01  0.95621146E+03  0.15592481E+04
  0.50500000E+01  0.96324304E+03  0.15616424E+04
  0.50600000E+01  0.97031046E+03  0.15640496E+04
  0.50700000E+01  0.97742562E+03  0.15664889E+04
  0.50800000E+01  0.98460672E+03  0.15689685E+04
  0.50900000E+01  0.99188360E+03  0.15714989E+04
  0.51000000E+01  0.99929195E+03  0.15740996E+04
  0.51100000E+01  0.10068605E+04  0.15767929E+04
  0.51200000E+01  0.10145858E+04  0.15796087E+04
  0.51300000E+01  0.10224257E+04  0.15825663E+04
  0.51400000E+01  0.10303499E+04  0.15856787E+04
  0.51500000E+01  0.10383290E+04  0.15889553E+04
  0.51600000E+01  0.10463359E+04  0.15924026E+04
  0.51700000E+01  0.10543463E+04  0.15960248E+04
  0.51800000E+01  0.10623411E+04  0.15998245E+04
  0.51900000E+01  0.10703064E+04  0.16038046E+04
  0.52000000E+01  0.10782337E+04  0.16079691E+04
  0.52100000E+01  0.10861185E+04  0.16123231E+04
  0.52200000E+01  0.10939582E+04  0.16168725E+04
  0.52300000E+01  0.11017518E+04  0.16216230E+04
  0.52400000E+01  0.11095042E+04  0.16265809E+04
  0.52500000E+01  0.11172387E+04  0.16317534E+04
  0.52600000E+01  0.11249929E+04  0.16371501E+04
  0.52700000E+01  0.11327591E+04  0.16427863E+04
  0.52800000E+01  0.11404261E+04  0.16486452E+04
  0.52900000E+01  0.11478777E+04  0.16529440E+04
  0.53000000E+01  0.11551616E+04  0.16622041E+04
  0.53100000E+01  0.11624421E+04  0.16687002E+04
  0.53200000E+01  0.11698148E+04  0.16756411E+04
  0.53300000E+01  0.11772633E+04  0.16829409E+04
  0.53400000E+01  0.11847294E+04  0.16906233E+04
  0.53500000E+01  0.11921470E+04  0.16987300E+04
  0.53600000E+01  0.11994401E+04  0.17072954E+04
  0.53700000E+01  0.12065263E+04  0.17163364E+04
  0.53800000E+01  0.12133304E+04  0.17258523E+04
  0.53900000E+01  0.12197982E+04  0.17358345E+04
  0.54000000E+01  0.12259069E+04  0.17462780E+04
  0.54100000E+01  0.12316706E+04  0.17571896E+04
  0.54200000E+01  0.12371463E+04  0.17685913E+04
  0.54300000E+01  0.12424459E+04  0.17805224E+04
  0.54400000E+01  0.12477380E+04  0.17930432E+04
  0.54500000E+01  0.12531773E+04  0.18062443E+04
  0.54600000E+01  0.12586814E+04  0.18202676E+04
  0.54700000E+01  0.12636041E+04  0.18353291E+04
  0.54800000E+01  0.12666163E+04  0.18516485E+04
  0.54900000E+01  0.12661326E+04  0.18690906E+04
  0.55000000E+01  0.12611335E+04  0.18868681E+04
  0.55100000E+01  0.12517186E+04  0.19040723E+04
  0.55200000E+01  0.12389250E+04  0.19202049E+04
  0.55300000E+01  0.12240752E+04  0.19351340E+04
  0.55400000E+01  0.12082353E+04  0.19489098E+04
  0.55500000E+01  0.11920474E+04  0.19616395E+04
  0.55600000E+01  0.11758128E+04  0.19734415E+04
  0.55700000E+01  0.11596350E+04  0.19844192E+04
  0.55800000E+01  0.11435287E+04  0.19946632E+04
  0.55900000E+01  0.11274783E+04  0.20042499E+04
  0.56000000E+01  0.11114565E+04  0.20132394E+04
  0.56100000E+01  0.10954411E+04  0.20216824E+04
  0.56200000E+01  0.10794109E+04  0.20296226E+04
  0.56300000E+01  0.10633488E+04  0.20370937E+04
  0.56400000E+01  0.10472389E+04  0.20441268E+04
  0.56500000E+01  0.10310658E+04  0.20507516E+04
  0.56600000E+01  0.10148139E+04  0.20569924E+04
  0.56700000E+01  0.99846709E+03  0.20628691E+04
  0.56800000E+01  0.98200745E+03  0.20684017E+04
  0.56900000E+01  0.96541533E+03  0.20736085E+04
  0.57000000E+01  0.94866876E+03  0.20785036E+04
  0.57100000E+01  0.93174328E+03  0.20830973E+04
  0.57200000E+01  0.91461189E+03  0.20873998E+04
  0.57300000E+01  0.89724517E+03  0.20914210E+04
  0.57400000E+01  0.87961163E+03  0.20951676E+04
  0.57500000E+01  0.86167822E+03  0.20986418E+04
  0.57600000E+01  0.84341093E+03  0.21018444E+04
  0.57700000E+01  0.82477570E+03  0.21047762E+04
  0.57800000E+01  0.80573940E+03  0.21074369E+04
  0.57900000E+01  0.78627094E+03  0.21098226E+04
  0.58000000E+01  0.76634270E+03  0.21119247E+04
  0.58100000E+01  0.74593190E+03  0.21137326E+04
  0.58200000E+01  0.72502224E+03  0.21152358E+04
  0.58300000E+01  0.70360557E+03  0.21164226E+04
  0.58400000E+01  0.68168346E+03  0.21172780E+04
  0.58500000E+01  0.65926884E+03  0.21177814E+04
  0.58600000E+01  0.63638729E+03  0.21179072E+04
  0.58700000E+01  0.61307808E+03  0.21176267E+04
  0.58800000E+01  0.58939474E+03  0.21169100E+04
  0.58900000E+01  0.56540505E+03  0.21157264E+04
  0.59000000E+01  0.54119050E+03  0.21140430E+04
  0.59100000E+01  0.51684490E+03  0.21118254E+04
  0.59200000E+01  0.49247251E+03  0.21090403E+04
  0.59300000E+01  0.46818545E+03  0.21056607E+04
  0.59400000E+01  0.44410062E+03  0.21016711E+04
  0.59500000E+01  0.42033640E+03  0.20970718E+04
  0.59600000E+01  0.39700909E+03  0.20918790E+04
  0.59700000E+01  0.37422952E+03  0.20861239E+04
  0.59800000E+01  0.35209986E+03  0.20798481E+04
  0.59900000E+01  0.33071092E+03  0.20731000E+04
  0.60000000E+01  0.31014005E+03  0.20659307E+04
  0.60100000E+01  0.29044966E+03  0.20583917E+04
  0.60200000E+01  0.27168652E+03  0.20505321E+04
  0.60300000E+01  0.25388173E+03  0.20423984E+04
  0.60400000E+01  0.23705131E+03  0.20340333E+04
  0.60500000E+01  0.22119735E+03  0.20254758E+04
  0.60600000E+01  0.20630955E+03  0.20167611E+04
  0.60700000E+01  0.19236706E+03  0.20079207E+04
  0.60800000E+01  0.17934045E+03  0.19989829E+04
  0.60900000E+01  0.16719367E+03  0.19899727E+04
  0.61000000E+01  0.15588598E+03  0.19809121E+04
  0.61100000E+01  0.14537365E+03  0.19718207E+04
  0.61200000E+01  0.13561145E+03  0.19627158E+04
  0.61300000E+01  0.12655391E+03  0.19536125E+04
  0.61400000E+01  0.11815631E+03  0.19445241E+04
  0.61500000E+01  0.11037535E+03  0.19354624E+04
  0.61600000E+01  0.10316972E+03  0.19264376E+04
  0.61700000E+01  0.96500344E+02  0.19174588E+04
  0.61800000E+01  0.90330573E+02  0.19085339E+04
  0.61900000E+01  0.84626193E+02  0.18996698E+04
  0.62000000E+01  0.79355384E+02  0.18908724E+04
  0.62100000E+01  0.74488609E+02  0.18821471E+04
  0.62200000E+01  0.69998472E+02  0.18734983E+04
  0.62300000E+01  0.65859572E+02  0.18649299E+04
  0.62400000E+01  0.62048336E+02  0.18564453E+04
  0.62500000E+01  0.58542872E+02  0.18480470E+04
  0.62600000E+01  0.55322829E+02  0.18397374E+04
  0.62700000E+01  0.52369258E+02  0.18315182E+04
  0.62800000E+01  0.49664495E+02  0.18233906E+04
  0.62900000E+01  0.47192049E+02  0.18153558E+04
  0.63000000E+01  0.44936504E+02  0.18074144E+04
  0.63100000E+01  0.42883423E+02  0.17995668E+04
  0.63200000E+01  0.41019267E+02  0.17918131E+04
  0.63300000E+01  0.39331321E+02  0.17841531E+04
  0.63400000E+01  0.37807626E+02  0.17765864E+04
  0.63500000E+01  0.36436925E+02  0.17691126E+04
  0.63600000E+01  0.35208615E+02  0.17617308E+04
  0.63700000E+01  0.34112715E+02  0.17544403E+04
  0.63800000E+01  0.33139835E+02  0.17472401E+04
  0.63900000E+01  0.32281168E+02  0.17401290E+04
  0.64000000E+01  0.31528473E+02  0.17331059E+04
  0.64100000E+01  0.30874077E+02  0.17261693E+04
  0.64200000E+01  0.30310868E+02  0.17193179E+04
  0.64300000E+01  0.29832281E+02  0.17125501E+04
  0.64400000E+01  0.29432290E+02  0.17058644E+04
  0.64500000E+01  0.29105372E+02  0.16992589E+04
  0.64600000E+01  0.28846465E+02  0.16927320E+04
  0.64700000E+01  0.28650917E+02  0.16862819E+04
  0.64800000E+01  0.28514414E+02  0.16799069E+04
  0.64900000E+01  0.28432914E+02  0.16736056E+04
  0.65000000E+01  0.28402568E+02  0.16673766E+04
  0.65100000E+01  0.28419655E+02  0.16612185E+04
  0.65200000E+01  0.28480528E+02  0.16551302E+04
  0.65300000E+01  0.28581580E+02  0.16491105E+04
  0.65400000E+01  0.28719224E+02  0.16431580E+04
  0.65500000E+01  0.28889909E+02  0.16372715E+04
  0.65600000E+01  0.29090155E+02  0.16314495E+04
  0.65700000E+01  0.29316610E+02  0.16256903E+04
  0.65800000E+01  0.29566125E+02  0.16199924E+04
  0.65900000E+01  0.29835849E+02  0.16143540E+04
  0.66000000E+01  0.30123324E+02  0.16087734E+04
  0.66100000E+01  0.30426582E+02  0.16032487E+04
  0.66200000E+01  0.30744237E+02  0.15977781E+04
  0.66300000E+01  0.31075556E+02  0.15923598E+04
  0.66400000E+01  0.31420510E+02  0.15869919E+04
  0.66500000E+01  0.31779787E+02  0.15816728E+04
  0.66600000E+01  0.32154770E+02  0.15764008E+04
  0.66700000E+01  0.32547467E+02  0.15711743E+04
  0.66800000E+01  0.32960392E+02  0.15659922E+04
  0.66900000E+01  0.33396403E+02  0.15608534E+04
  0.67000000E+01  0.33858501E+02  0.15557573E+04
  0.67100000E+01  0.34349604E+02  0.15507037E+04
  0.67200000E+01  0.34872322E+02  0.15456926E+04
  0.67300000E+01  0.35428745E+02  0.15407245E+04
  0.67400000E+01  0.36020282E+02  0.15358002E+04
  0.67500000E+01  0.36647557E+02  0.15309208E+04
  0.67600000E+01  0.37310393E+02  0.15260872E+04
  0.67700000E+01  0.38007871E+02  0.15213002E+04
  0.67800000E+01  0.38738473E+02  0.15165606E+04
  0.67900000E+01  0.39500280E+02  0.15118684E+04
  0.68000000E+01  0.40291207E+02  0.15072235E+04
  0.68100000E+01  0.41109250E+02  0.15026256E+04
  0.68200000E+01  0.41952699E+02  0.14980741E+04
  0.68300000E+01  0.42820315E+02  0.14935684E+04
  0.68400000E+01  0.43711433E+02  0.14891073E+04
  0.68500000E+01  0.44625993E+02  0.14846899E+04
  0.68600000E+01  0.45564498E+02  0.14803149E+04
  0.68700000E+01  0.46527916E+02  0.14759816E+04
  0.68800000E+01  0.47517546E+02  0.14716896E+04
  0.68900000E+01  0.48534859E+02  0.14674388E+04
  0.69000000E+01  0.49581358E+02  0.14632296E+04
  0.69100000E+01  0.50658473E+02  0.14590620E+04
  0.69200000E+01  0.51767531E+02  0.14549360E+04
  0.69300000E+01  0.52909840E+02  0.14508513E+04
  0.69400000E+01  0.54086901E+02  0.14468073E+04
  0.69500000E+01  0.55300710E+02  0.14428032E+04
  0.69600000E+01  0.56554029E+02  0.14388383E+04
  0.69700000E+01  0.57850477E+02  0.14349116E+04
  0.69800000E+01  0.59194344E+02  0.14310229E+04
  0.69900000E+01  0.60590275E+02  0.14271720E+04
  0.70000000E+01  0.62043127E+02  0.14233593E+04
