  0.00000000E+00 -0.16999372E-03 -0.21764334E-15
  0.10000000E-01 -0.15737675E-03 -0.20473288E-03
  0.20000000E-01 -0.95972311E-04 -0.48478730E-03
  0.30000000E-01  0.60192015E-04 -0.55882670E-03
  0.40000000E-01  0.16903259E-03  0.40801998E-04
  0.50000000E-01 -0.96702566E-04  0.32643293E-03
  0.60000000E-01 -0.43018846E-04 -0.12167694E-03
  0.70000000E-01 -0.36910731E-04 -0.21629640E-03
  0.80000000E-01 -0.33779487E-05  0.74789807E-04
  0.90000000E-01 -0.39564645E-06  0.11105280E-03
  0.10000000E+00 -0.53963288E-05  0.82607097E-04
  0.11000000E+00 -0.13471038E-04  0.47861128E-04
  0.12000000E+00 -0.16940481E-04  0.18791705E-04
  0.13000000E+00 -0.16333921E-04  0.11172570E-04
  0.14000000E+00 -0.18223672E-04  0.12794721E-04
  0.15000000E+00 -0.20487660E-04  0.13053903E-04
  0.16000000E+00 -0.22559134E-04  0.12732550E-04
  0.17000000E+00 -0.24340215E-04  0.11987940E-04
  0.18000000E+00 -0.25811176E-04  0.10940572E-04
  0.19000000E+00 -0.26994047E-04  0.97618402E-05
  0.20000000E+00 -0.27953055E-04  0.86030275E-05
  0.21000000E+00 -0.28775816E-04  0.75548566E-05
  0.22000000E+00 -0.29548718E-04  0.66197761E-05
  0.23000000E+00 -0.30334040E-04  0.57103173E-05
  0.24000000E+00 -0.31149220E-04  0.46659670E-05
  0.25000000E+00 -0.31970715E-04  0.32850607E-05
  0.26000000E+00 -0.32762435E-04  0.13741090E-05
  0.27000000E+00 -0.33480337E-04 -0.11838625E-05
  0.28000000E+00 -0.34048980E-04 -0.43550918E-05
  0.29000000E+00 -0.34361964E-04 -0.79137771E-05
  0.30000000E+00 -0.34310652E-04 -0.11478788E-04
  0.31000000E+00 -0.33824515E-04 -0.14624400E-04
  0.32000000E+00 -0.32949566E-04 -0.16981268E-04
  0.33000000E+00 -0.31857373E-04 -0.18248994E-04
  0.34000000E+00 -0.30722784E-04 -0.18197091E-04
  0.35000000E+00 -0.29803224E-04 -0.16824044E-04
  0.36000000E+00 -0.29522847E-04 -0.14586055E-04
  0.37000000E+00 -0.29934002E-04 -0.12299254E-04
  0.38000000E+00 -0.30618790E-04 -0.10620129E-04
  0.39000000E+00 -0.31324631E-04 -0.96256873E-05
  0.40000000E+00 -0.32020165E-04 -0.89390582E-05
  0.41000000E+00 -0.32822493E-04 -0.81723531E-05
  0.42000000E+00 -0.33833307E-04 -0.72030855E-05
  0.43000000E+00 -0.35079748E-04 -0.61425139E-05
  0.44000000E+00 -0.36595838E-04 -0.51688813E-05
  0.45000000E+00 -0.38404448E-04 -0.44034582E-05
  0.46000000E+00 -0.40492358E-04 -0.38794097E-05
  0.47000000E+00 -0.42865599E-04 -0.35677467E-05
  0.48000000E+00 -0.45603422E-04 -0.34122009E-05
  0.49000000E+00 -0.48819730E-04 -0.33466502E-05
  0.50000000E+00 -0.52609748E-04 -0.32867485E-05
  0.51000000E+00 -0.57086384E-04 -0.30890292E-05
  0.52000000E+00 -0.62450356E-04 -0.24549044E-05
  0.53000000E+00 -0.68980597E-04 -0.72919547E-06
  0.54000000E+00 -0.76992996E-04  0.34731295E-05
  0.55000000E+00 -0.86869755E-04  0.12837481E-04
  0.56000000E+00 -0.99154251E-04  0.31987016E-04
  0.57000000E+00 -0.11459956E-03  0.67743285E-04
  0.58000000E+00 -0.13416519E-03  0.12815951E-03
  0.59000000E+00 -0.15903932E-03  0.21927682E-03
  0.60000000E+00 -0.19071254E-03  0.33911610E-03
  0.61000000E+00 -0.23094527E-03  0.47020910E-03
  0.62000000E+00 -0.28139837E-03  0.57466225E-03
  0.63000000E+00 -0.34262122E-03  0.59763225E-03
  0.64000000E+00 -0.41184025E-03  0.48356930E-03
  0.65000000E+00 -0.47868967E-03  0.20318649E-03
  0.66000000E+00 -0.51905351E-03 -0.21995892E-03
  0.67000000E+00 -0.49244960E-03 -0.69992372E-03
  0.68000000E+00 -0.35775373E-03 -0.11081040E-02
  0.69000000E+00 -0.11625975E-03 -0.13193862E-02
  0.70000000E+00  0.15778456E-03 -0.12643691E-02
  0.71000000E+00  0.36308574E-03 -0.96025765E-03
  0.72000000E+00  0.45244756E-03 -0.50318442E-03
  0.73000000E+00  0.44652840E-03 -0.26285155E-04
  0.74000000E+00  0.38999661E-03  0.35341228E-03
  0.75000000E+00  0.31772479E-03  0.57270119E-03
  0.76000000E+00  0.24809862E-03  0.63029866E-03
  0.77000000E+00  0.18814653E-03  0.56901418E-03
  0.78000000E+00  0.13921100E-03  0.44720242E-03
  0.79000000E+00  0.10031587E-03  0.31495470E-03
  0.80000000E+00  0.69736070E-04  0.20275165E-03
  0.81000000E+00  0.45710573E-04  0.12169315E-03
  0.82000000E+00  0.26742069E-04  0.70094017E-04
  0.83000000E+00  0.11641709E-04  0.40636397E-04
  0.84000000E+00 -0.46204415E-06  0.25401117E-04
  0.85000000E+00 -0.10231632E-04  0.18268303E-04
  0.86000000E+00 -0.18178447E-04  0.15371323E-04
  0.87000000E+00 -0.24721537E-04  0.14570454E-04
  0.88000000E+00 -0.30154987E-04  0.14668708E-04
  0.89000000E+00 -0.34671980E-04  0.15031846E-04
  0.90000000E+00 -0.38467262E-04  0.15278402E-04
  0.91000000E+00 -0.41760798E-04  0.15113570E-04
  0.92000000E+00 -0.44736075E-04  0.14237664E-04
  0.93000000E+00 -0.47468727E-04  0.12330146E-04
  0.94000000E+00 -0.49964456E-04  0.90947125E-05
  0.95000000E+00 -0.52274408E-04  0.42965194E-05
  0.96000000E+00 -0.54488227E-04 -0.22430353E-05
  0.97000000E+00 -0.56605054E-04 -0.10659520E-04
  0.98000000E+00 -0.58502449E-04 -0.21012557E-04
  0.99000000E+00 -0.60021571E-04 -0.33189774E-04
  0.10000000E+01 -0.60965762E-04 -0.46818247E-04
  0.10100000E+01 -0.61079369E-04 -0.61336580E-04
  0.10200000E+01 -0.60177614E-04 -0.76222084E-04
  0.10300000E+01 -0.58053551E-04 -0.90866330E-04
  0.10400000E+01 -0.54308847E-04 -0.10427932E-03
  0.10500000E+01 -0.48893760E-04 -0.11523448E-03
  0.10600000E+01 -0.42300230E-04 -0.12326425E-03
  0.10700000E+01 -0.34782379E-04 -0.12803453E-03
  0.10800000E+01 -0.26842608E-04 -0.12998870E-03
  0.10900000E+01 -0.18730220E-04 -0.12934280E-03
  0.11000000E+01 -0.10921302E-04 -0.12562117E-03
  0.11100000E+01 -0.39645691E-05 -0.11836009E-03
  0.11200000E+01  0.15291255E-05 -0.10639662E-03
  0.11300000E+01  0.19288808E-05 -0.95891653E-04
  0.11400000E+01  0.25769110E-05 -0.83136154E-04
  0.11500000E+01  0.70405222E-05 -0.81445271E-04
  0.11600000E+01  0.10637848E-04 -0.60293614E-04
  0.11700000E+01  0.97749739E-05 -0.48088106E-04
  0.11800000E+01  0.87209212E-05 -0.36690526E-04
  0.11900000E+01  0.76319874E-05 -0.27220445E-04
  0.12000000E+01  0.64130484E-05 -0.18938492E-04
  0.12100000E+01  0.49981658E-05 -0.12429255E-04
  0.12200000E+01  0.35171700E-05 -0.82598969E-05
  0.12300000E+01  0.20815036E-05 -0.63488242E-05
  0.12400000E+01  0.86074264E-06 -0.65169750E-05
  0.12500000E+01  0.18075492E-07 -0.80567336E-05
  0.12600000E+01 -0.63755213E-06 -0.10278594E-04
  0.12700000E+01 -0.13578183E-05 -0.12859654E-04
  0.12800000E+01 -0.21570594E-05 -0.16343557E-04
  0.12900000E+01 -0.27934396E-05 -0.20628029E-04
  0.13000000E+01 -0.32377726E-05 -0.25065913E-04
  0.13100000E+01 -0.35176212E-05 -0.29275783E-04
  0.13200000E+01 -0.37038560E-05 -0.33243451E-04
  0.13300000E+01 -0.37494637E-05 -0.36496859E-04
  0.13400000E+01 -0.37799571E-05 -0.39374833E-04
  0.13500000E+01 -0.38073285E-05 -0.41774648E-04
  0.13600000E+01 -0.37896725E-05 -0.43821038E-04
  0.13700000E+01 -0.37553772E-05 -0.45536791E-04
  0.13800000E+01 -0.36648300E-05 -0.46970939E-04
  0.13900000E+01 -0.35462035E-05 -0.48176877E-04
  0.14000000E+01 -0.33699102E-05 -0.49235038E-04
  0.14100000E+01 -0.31307244E-05 -0.50152225E-04
  0.14200000E+01 -0.28282687E-05 -0.50856850E-04
  0.14300000E+01 -0.24668028E-05 -0.51356927E-04
  0.14400000E+01 -0.22004024E-05 -0.51658983E-04
  0.14500000E+01 -0.15902097E-05 -0.51812922E-04
  0.14600000E+01 -0.13123360E-05 -0.51915365E-04
  0.14700000E+01 -0.11340635E-05 -0.52052341E-04
  0.14800000E+01 -0.62453380E-06 -0.52247840E-04
  0.14900000E+01 -0.21126596E-06 -0.52472276E-04
  0.15000000E+01  0.24483564E-06 -0.52696500E-04
  0.15100000E+01  0.73119508E-06 -0.52904524E-04
  0.15200000E+01  0.12400802E-05 -0.53115692E-04
  0.15300000E+01  0.17795477E-05 -0.53354999E-04
  0.15400000E+01  0.23540036E-05 -0.53606158E-04
  0.15500000E+01  0.29037681E-05 -0.53843239E-04
  0.15600000E+01  0.37432129E-05 -0.54056167E-04
  0.15700000E+01  0.43143691E-05 -0.54229690E-04
  0.15800000E+01  0.50132637E-05 -0.54342873E-04
  0.15900000E+01  0.57371787E-05 -0.54400240E-04
  0.16000000E+01  0.64695764E-05 -0.54400799E-04
  0.16100000E+01  0.72100587E-05 -0.54349513E-04
  0.16200000E+01  0.79483167E-05 -0.54256164E-04
  0.16300000E+01  0.86763751E-05 -0.54139170E-04
  0.16400000E+01  0.93914843E-05 -0.54007635E-04
  0.16500000E+01  0.10091793E-04 -0.53851210E-04
  0.16600000E+01  0.10773061E-04 -0.53729354E-04
  0.16700000E+01  0.11453943E-04 -0.53600560E-04
  0.16800000E+01  0.12129520E-04 -0.53531173E-04
  0.16900000E+01  0.12751880E-04 -0.53588405E-04
  0.17000000E+01  0.13551352E-04 -0.53862249E-04
  0.17100000E+01  0.14389342E-04 -0.54029866E-04
  0.17200000E+01  0.15315596E-04 -0.54109223E-04
  0.17300000E+01  0.16282914E-04 -0.53948985E-04
  0.17400000E+01  0.17240182E-04 -0.53585090E-04
  0.17500000E+01  0.18177949E-04 -0.53140662E-04
  0.17600000E+01  0.19128468E-04 -0.52655520E-04
  0.17700000E+01  0.20081156E-04 -0.52048917E-04
  0.17800000E+01  0.21007947E-04 -0.51333243E-04
  0.17900000E+01  0.21953059E-04 -0.50562678E-04
  0.18000000E+01  0.22908551E-04 -0.49650672E-04
  0.18100000E+01  0.23840070E-04 -0.48596392E-04
  0.18200000E+01  0.24770332E-04 -0.47376949E-04
  0.18300000E+01  0.25683691E-04 -0.45147404E-04
  0.18400000E+01  0.25881747E-04 -0.41664709E-04
  0.18500000E+01  0.25160756E-04 -0.41816407E-04
  0.18600000E+01  0.26121044E-04 -0.41078525E-04
  0.18700000E+01  0.26447761E-04 -0.39819858E-04
  0.18800000E+01  0.26596673E-04 -0.39322356E-04
  0.18900000E+01  0.26801907E-04 -0.39305478E-04
  0.19000000E+01  0.27190445E-04 -0.39528544E-04
  0.19100000E+01  0.27781564E-04 -0.39931474E-04
  0.19200000E+01  0.28584232E-04 -0.40059308E-04
  0.19300000E+01  0.29462194E-04 -0.39766294E-04
  0.19400000E+01  0.30356822E-04 -0.39205283E-04
  0.19500000E+01  0.31250701E-04 -0.38494201E-04
  0.19600000E+01  0.32138340E-04 -0.37654716E-04
  0.19700000E+01  0.33020802E-04 -0.36663855E-04
  0.19800000E+01  0.33811900E-04 -0.35626963E-04
  0.19900000E+01  0.34638682E-04 -0.34501186E-04
  0.20000000E+01  0.35456004E-04 -0.33595849E-04
  0.20100000E+01  0.36337793E-04 -0.32539212E-04
  0.20200000E+01  0.37219149E-04 -0.31448363E-04
  0.20300000E+01  0.38099340E-04 -0.30350725E-04
  0.20400000E+01  0.38969248E-04 -0.29289321E-04
  0.20500000E+01  0.39829737E-04 -0.28313006E-04
  0.20600000E+01  0.40711402E-04 -0.27407437E-04
  0.20700000E+01  0.41645325E-04 -0.26644787E-04
  0.20800000E+01  0.42659016E-04 -0.25962096E-04
  0.20900000E+01  0.43839223E-04 -0.25506884E-04
  0.21000000E+01  0.45299382E-04 -0.25726924E-04
  0.21100000E+01  0.47352147E-04 -0.27520777E-04
  0.21200000E+01  0.50518078E-04 -0.31107366E-04
  0.21300000E+01  0.55350756E-04 -0.29440067E-04
  0.21400000E+01  0.59639882E-04 -0.10734603E-04
  0.21500000E+01  0.54227387E-04  0.10344030E-04
  0.21600000E+01  0.45117934E-04  0.49961609E-05
  0.21700000E+01  0.46449363E-04 -0.56256295E-05
  0.21800000E+01  0.48369740E-04 -0.18227536E-05
  0.21900000E+01  0.49426582E-04  0.21866408E-05
  0.22000000E+01  0.49913931E-04  0.54162729E-05
  0.22100000E+01  0.50436673E-04  0.68335383E-05
  0.22200000E+01  0.51768943E-04  0.61152901E-05
  0.22300000E+01  0.54824601E-04  0.17950520E-05
  0.22400000E+01  0.69676570E-04 -0.80420984E-05
  0.22500000E+01  0.62914383E-04  0.64265625E-04
  0.22600000E+01  0.48582005E-04  0.56929270E-04
  0.22700000E+01  0.55878515E-04  0.68225810E-04
  0.22800000E+01  0.44583458E-04  0.89465016E-04
  0.22900000E+01  0.37054445E-04  0.80104646E-04
  0.23000000E+01  0.28908932E-04  0.79037597E-04
  0.23100000E+01  0.25697877E-04  0.80412582E-04
  0.23200000E+01  0.20401253E-04  0.82900618E-04
  0.23300000E+01  0.14888704E-04  0.77539149E-04
  0.23400000E+01  0.11607317E-04  0.75484138E-04
  0.23500000E+01  0.84455625E-05  0.72001817E-04
  0.23600000E+01  0.57199281E-05  0.68784118E-04
  0.23700000E+01  0.34102524E-05  0.65530618E-04
  0.23800000E+01  0.14519129E-05  0.62375606E-04
  0.23900000E+01 -0.25482888E-06  0.59480626E-04
  0.24000000E+01 -0.17849327E-05  0.56884521E-04
  0.24100000E+01 -0.31931577E-05  0.54543783E-04
  0.24200000E+01 -0.45184762E-05  0.52388313E-04
  0.24300000E+01 -0.57905352E-05  0.50364447E-04
  0.24400000E+01 -0.70349867E-05  0.48444273E-04
  0.24500000E+01 -0.82813881E-05  0.46547301E-04
  0.24600000E+01 -0.94772870E-05  0.44585247E-04
  0.24700000E+01 -0.10611737E-04  0.42711741E-04
  0.24800000E+01 -0.11737565E-04  0.40910881E-04
  0.24900000E+01 -0.12843401E-04  0.39079389E-04
  0.25000000E+01 -0.13909618E-04  0.37204824E-04
  0.25100000E+01 -0.14939699E-04  0.35262933E-04
  0.25200000E+01 -0.15865080E-04  0.33144156E-04
  0.25300000E+01 -0.16654899E-04  0.31160498E-04
  0.25400000E+01 -0.17404885E-04  0.29274019E-04
  0.25500000E+01 -0.18110579E-04  0.27405611E-04
  0.25600000E+01 -0.18768048E-04  0.25551510E-04
  0.25700000E+01 -0.19398203E-04  0.23686441E-04
  0.25800000E+01 -0.20002757E-04  0.21735846E-04
  0.25900000E+01 -0.20556260E-04  0.19694097E-04
  0.26000000E+01 -0.21032698E-04  0.17602718E-04
  0.26100000E+01 -0.21449007E-04  0.15477979E-04
  0.26200000E+01 -0.21816197E-04  0.13279182E-04
  0.26300000E+01 -0.22081656E-04  0.11000757E-04
  0.26400000E+01 -0.22219287E-04  0.87253324E-05
  0.26500000E+01 -0.22250852E-04  0.65416367E-05
  0.26600000E+01 -0.22192223E-04  0.44804045E-05
  0.26700000E+01 -0.22046141E-04  0.25461810E-05
  0.26800000E+01 -0.21814795E-04  0.75556072E-06
  0.26900000E+01 -0.21511121E-04 -0.86744986E-06
  0.27000000E+01 -0.21158481E-04 -0.23052696E-05
  0.27100000E+01 -0.20780321E-04 -0.35525615E-05
  0.27200000E+01 -0.20390397E-04 -0.46160976E-05
  0.27300000E+01 -0.19994519E-04 -0.55109727E-05
  0.27400000E+01 -0.19597872E-04 -0.62559875E-05
  0.27500000E+01 -0.19208582E-04 -0.68708530E-05
  0.27600000E+01 -0.18834612E-04 -0.73757173E-05
  0.27700000E+01 -0.18479164E-04 -0.77915723E-05
  0.27800000E+01 -0.18141073E-04 -0.81392956E-05
  0.27900000E+01 -0.17817443E-04 -0.84366863E-05
  0.28000000E+01 -0.17504975E-04 -0.86947121E-05
  0.28100000E+01 -0.17201275E-04 -0.89147033E-05
  0.28200000E+01 -0.16906706E-04 -0.90880948E-05
  0.28300000E+01 -0.16625452E-04 -0.92005181E-05
  0.28400000E+01 -0.16366153E-04 -0.92412062E-05
  0.28500000E+01 -0.16141691E-04 -0.92140198E-05
  0.28600000E+01 -0.15962745E-04 -0.91412413E-05
  0.28700000E+01 -0.15829400E-04 -0.90539044E-05
  0.28800000E+01 -0.15733613E-04 -0.89722831E-05
  0.28900000E+01 -0.15667675E-04 -0.88880805E-05
  0.29000000E+01 -0.15628293E-04 -0.87647250E-05
  0.29100000E+01 -0.15625020E-04 -0.85771668E-05
  0.29200000E+01 -0.15693537E-04 -0.83883104E-05
  0.29300000E+01 -0.15842574E-04 -0.83205902E-05
  0.29400000E+01 -0.15990476E-04 -0.83444526E-05
  0.29500000E+01 -0.16159537E-04 -0.83907395E-05
  0.29600000E+01 -0.16402229E-04 -0.85940948E-05
  0.29700000E+01 -0.16594263E-04 -0.89380311E-05
  0.29800000E+01 -0.16755921E-04 -0.92303244E-05
  0.29900000E+01 -0.16942671E-04 -0.94723908E-05
  0.30000000E+01 -0.17173866E-04 -0.97907780E-05
  0.30100000E+01 -0.17411599E-04 -0.10203037E-04
  0.30200000E+01 -0.17622208E-04 -0.10631204E-04
  0.30300000E+01 -0.17844916E-04 -0.11072444E-04
  0.30400000E+01 -0.18081067E-04 -0.11510272E-04
  0.30500000E+01 -0.18362816E-04 -0.11808053E-04
  0.30600000E+01 -0.18786669E-04 -0.12155838E-04
  0.30700000E+01 -0.19211302E-04 -0.12762432E-04
  0.30800000E+01 -0.19678577E-04 -0.13517004E-04
  0.30900000E+01 -0.20180886E-04 -0.14677594E-04
  0.31000000E+01 -0.20712233E-04 -0.16603199E-04
  0.31100000E+01 -0.21291652E-04 -0.20335671E-04
  0.31200000E+01 -0.19895110E-04 -0.25184171E-04
  0.31300000E+01 -0.18685454E-04 -0.28397998E-04
  0.31400000E+01 -0.17526361E-04 -0.30367049E-04
  0.31500000E+01 -0.16253223E-04 -0.32145860E-04
  0.31600000E+01 -0.14984161E-04 -0.33705960E-04
  0.31700000E+01 -0.13719063E-04 -0.35065400E-04
  0.31800000E+01 -0.12455191E-04 -0.36254982E-04
  0.31900000E+01 -0.11189800E-04 -0.37309978E-04
  0.32000000E+01 -0.99204793E-05 -0.38255811E-04
  0.32100000E+01 -0.86436902E-05 -0.39107198E-04
  0.32200000E+01 -0.73556474E-05 -0.39873724E-04
  0.32300000E+01 -0.60538823E-05 -0.40563720E-04
  0.32400000E+01 -0.47335853E-05 -0.41185310E-04
  0.32500000E+01 -0.33898939E-05 -0.41746127E-04
  0.32600000E+01 -0.20175915E-05 -0.42252990E-04
  0.32700000E+01 -0.60855664E-06 -0.42711990E-04
  0.32800000E+01  0.84436608E-06 -0.43130081E-04
  0.32900000E+01  0.23536618E-05 -0.43515770E-04
  0.33000000E+01  0.39327063E-05 -0.43877379E-04
  0.33100000E+01  0.56002795E-05 -0.44233900E-04
  0.33200000E+01  0.73804668E-05 -0.44598346E-04
  0.33300000E+01  0.93079370E-05 -0.45087125E-04
  0.33400000E+01  0.11529469E-04 -0.45646856E-04
  0.33500000E+01  0.14073809E-04 -0.46106393E-04
  0.33600000E+01  0.17073458E-04 -0.46584964E-04
  0.33700000E+01  0.20775532E-04 -0.46700441E-04
  0.33800000E+01  0.24679831E-04 -0.48106846E-04
  0.33900000E+01  0.38642491E-04 -0.29317913E-04
  0.34000000E+01  0.16944862E-04 -0.58082131E-06
  0.34100000E+01  0.12739265E-04 -0.76663353E-05
  0.34200000E+01  0.11333812E-04 -0.10823094E-04
  0.34300000E+01  0.10693646E-04 -0.12282517E-04
  0.34400000E+01  0.10376242E-04 -0.13073129E-04
  0.34500000E+01  0.10218732E-04 -0.13410342E-04
  0.34600000E+01  0.10142621E-04 -0.13454534E-04
  0.34700000E+01  0.10103070E-04 -0.13289421E-04
  0.34800000E+01  0.10074480E-04 -0.12965549E-04
  0.34900000E+01  0.10037591E-04 -0.12521722E-04
  0.35000000E+01  0.99802856E-05 -0.11985944E-04
  0.35100000E+01  0.98931938E-05 -0.11380172E-04
  0.35200000E+01  0.97704525E-05 -0.10722586E-04
  0.35300000E+01  0.96059724E-05 -0.10028307E-04
  0.35400000E+01  0.93974064E-05 -0.93103773E-05
  0.35500000E+01  0.91404952E-05 -0.85811190E-05
  0.35600000E+01  0.88338844E-05 -0.78540565E-05
  0.35700000E+01  0.84737087E-05 -0.71478781E-05
  0.35800000E+01  0.80622368E-05 -0.64929395E-05
  0.35900000E+01  0.75998923E-05 -0.59377960E-05
  0.36000000E+01  0.70985791E-05 -0.55452273E-05
  0.36100000E+01  0.65775394E-05 -0.53699693E-05
  0.36200000E+01  0.60729309E-05 -0.54315546E-05
  0.36300000E+01  0.56254199E-05 -0.57045281E-05
  0.36400000E+01  0.52670704E-05 -0.61331056E-05
  0.36500000E+01  0.50055895E-05 -0.66576656E-05
  0.36600000E+01  0.48415528E-05 -0.72330106E-05
  0.36700000E+01  0.47826581E-05 -0.78111178E-05
  0.36800000E+01  0.48298487E-05 -0.83085488E-05
  0.36900000E+01  0.49406944E-05 -0.86294869E-05
  0.37000000E+01  0.50623651E-05 -0.87380313E-05
  0.37100000E+01  0.51658102E-05 -0.86847720E-05
  0.37200000E+01  0.52436661E-05 -0.85602812E-05
  0.37300000E+01  0.52981856E-05 -0.84379392E-05
  0.37400000E+01  0.53378980E-05 -0.83519588E-05
  0.37500000E+01  0.53748107E-05 -0.83048526E-05
  0.37600000E+01  0.54173205E-05 -0.82831290E-05
  0.37700000E+01  0.54659817E-05 -0.82698230E-05
  0.37800000E+01  0.55171603E-05 -0.82516380E-05
  0.37900000E+01  0.55684568E-05 -0.82208882E-05
  0.38000000E+01  0.56200218E-05 -0.81731082E-05
  0.38100000E+01  0.56722833E-05 -0.81034894E-05
  0.38200000E+01  0.57234565E-05 -0.80074534E-05
  0.38300000E+01  0.57702555E-05 -0.78870674E-05
  0.38400000E+01  0.58127552E-05 -0.77481695E-05
  0.38500000E+01  0.58506950E-05 -0.75915607E-05
  0.38600000E+01  0.58539310E-05 -0.70889034E-05
  0.38700000E+01  0.58126759E-05 -0.70055154E-05
  0.38800000E+01  0.57360606E-05 -0.66469047E-05
  0.38900000E+01  0.54278099E-05 -0.65538726E-05
  0.39000000E+01  0.53898722E-05 -0.59577447E-05
  0.39100000E+01  0.47645443E-05 -0.68027468E-05
  0.39200000E+01  0.53293503E-05 -0.83628019E-05
  0.39300000E+01  0.60240851E-05 -0.76148411E-05
  0.39400000E+01  0.58726834E-05 -0.67458681E-05
  0.39500000E+01  0.57855567E-05 -0.65163401E-05
  0.39600000E+01  0.56769363E-05 -0.62236999E-05
  0.39700000E+01  0.54956605E-05 -0.58147246E-05
  0.39800000E+01  0.46682531E-05 -0.57787781E-05
  0.39900000E+01  0.52736879E-05 -0.80377736E-05
  0.40000000E+01  0.65618750E-05 -0.55294748E-05
  0.40100000E+01  0.48683196E-05 -0.62404209E-05
  0.40200000E+01  0.51178480E-05 -0.73409566E-05
  0.40300000E+01  0.55469077E-05 -0.63494143E-05
  0.40400000E+01  0.53635570E-05 -0.62232337E-05
  0.40500000E+01  0.52502402E-05 -0.62068162E-05
  0.40600000E+01  0.51650973E-05 -0.62484499E-05
  0.40700000E+01  0.50910009E-05 -0.63442332E-05
  0.40800000E+01  0.49765280E-05 -0.65204428E-05
  0.40900000E+01  0.50128567E-05 -0.66890732E-05
  0.41000000E+01  0.50416679E-05 -0.67594622E-05
  0.41100000E+01  0.50683877E-05 -0.67511435E-05
  0.41200000E+01  0.50888230E-05 -0.67090216E-05
  0.41300000E+01  0.51012124E-05 -0.66644879E-05
  0.41400000E+01  0.51043776E-05 -0.66391370E-05
  0.41500000E+01  0.50987278E-05 -0.66721748E-05
  0.41600000E+01  0.50927059E-05 -0.68757512E-05
  0.41700000E+01  0.51778075E-05 -0.73819990E-05
  0.41800000E+01  0.55627005E-05 -0.73439569E-05
  0.41900000E+01  0.56092457E-05 -0.71294078E-05
  0.42000000E+01  0.56995356E-05 -0.69346546E-05
  0.42100000E+01  0.57663728E-05 -0.67767461E-05
  0.42200000E+01  0.58189239E-05 -0.66644375E-05
  0.42300000E+01  0.58616466E-05 -0.65675075E-05
  0.42400000E+01  0.58958960E-05 -0.64856142E-05
  0.42500000E+01  0.59271954E-05 -0.64194529E-05
  0.42600000E+01  0.59585538E-05 -0.63647780E-05
  0.42700000E+01  0.59902116E-05 -0.63166673E-05
  0.42800000E+01  0.60219049E-05 -0.62721667E-05
  0.42900000E+01  0.60526066E-05 -0.62302926E-05
  0.43000000E+01  0.60822868E-05 -0.61903505E-05
  0.43100000E+01  0.61105793E-05 -0.61502802E-05
  0.43200000E+01  0.61373450E-05 -0.61101777E-05
  0.43300000E+01  0.61626329E-05 -0.60704463E-05
  0.43400000E+01  0.61865743E-05 -0.60314741E-05
  0.43500000E+01  0.62092813E-05 -0.59935791E-05
  0.43600000E+01  0.62307611E-05 -0.59570623E-05
  0.43700000E+01  0.62511035E-05 -0.59222231E-05
  0.43800000E+01  0.62705637E-05 -0.58893546E-05
  0.43900000E+01  0.62894489E-05 -0.58588779E-05
  0.44000000E+01  0.63081886E-05 -0.58315486E-05
  0.44100000E+01  0.63279585E-05 -0.58088064E-05
  0.44200000E+01  0.63535733E-05 -0.57877042E-05
  0.44300000E+01  0.63763912E-05 -0.57495530E-05
  0.44400000E+01  0.63968820E-05 -0.57645150E-05
  0.44500000E+01  0.64466003E-05 -0.57495531E-05
  0.44600000E+01  0.64880819E-05 -0.57188769E-05
  0.44700000E+01  0.65281513E-05 -0.56825521E-05
  0.44800000E+01  0.65675651E-05 -0.56410420E-05
  0.44900000E+01  0.66070897E-05 -0.55927586E-05
  0.45000000E+01  0.66454073E-05 -0.55378388E-05
  0.45100000E+01  0.66821425E-05 -0.54764472E-05
  0.45200000E+01  0.67165380E-05 -0.54097696E-05
  0.45300000E+01  0.67483545E-05 -0.53398084E-05
  0.45400000E+01  0.67780326E-05 -0.52683681E-05
  0.45500000E+01  0.68062823E-05 -0.51966669E-05
  0.45600000E+01  0.68338337E-05 -0.51247445E-05
  0.45700000E+01  0.68614106E-05 -0.50511642E-05
  0.45800000E+01  0.68895327E-05 -0.49726259E-05
  0.45900000E+01  0.69182305E-05 -0.48830617E-05
  0.46000000E+01  0.69465314E-05 -0.47735180E-05
  0.46100000E+01  0.69716932E-05 -0.46368832E-05
  0.46200000E+01  0.69887058E-05 -0.44757263E-05
  0.46300000E+01  0.69945434E-05 -0.43011199E-05
  0.46400000E+01  0.69896462E-05 -0.41190046E-05
  0.46500000E+01  0.69694585E-05 -0.39070371E-05
  0.46600000E+01  0.69081479E-05 -0.37537623E-05
  0.46700000E+01  0.68867777E-05 -0.36853633E-05
  0.46800000E+01  0.68728969E-05 -0.35540365E-05
  0.46900000E+01  0.68655054E-05 -0.33912467E-05
  0.47000000E+01  0.68309348E-05 -0.31828239E-05
  0.47100000E+01  0.67798636E-05 -0.30217892E-05
  0.47200000E+01  0.67336570E-05 -0.28838415E-05
  0.47300000E+01  0.66854868E-05 -0.27362592E-05
  0.47400000E+01  0.66313909E-05 -0.25881955E-05
  0.47500000E+01  0.65714444E-05 -0.24510114E-05
  0.47600000E+01  0.65077886E-05 -0.23296307E-05
  0.47700000E+01  0.64426980E-05 -0.22245979E-05
  0.47800000E+01  0.63775474E-05 -0.21331310E-05
  0.47900000E+01  0.63126816E-05 -0.20510106E-05
  0.48000000E+01  0.62479587E-05 -0.19747510E-05
  0.48100000E+01  0.61830513E-05 -0.19025396E-05
  0.48200000E+01  0.61174298E-05 -0.18364691E-05
  0.48300000E+01  0.60524648E-05 -0.17765038E-05
  0.48400000E+01  0.59878394E-05 -0.17212494E-05
  0.48500000E+01  0.59235056E-05 -0.16707607E-05
  0.48600000E+01  0.58593457E-05 -0.16251623E-05
  0.48700000E+01  0.57955680E-05 -0.15851109E-05
  0.48800000E+01  0.57326446E-05 -0.15513046E-05
  0.48900000E+01  0.56708502E-05 -0.15237429E-05
  0.49000000E+01  0.56103630E-05 -0.15011704E-05
  0.49100000E+01  0.55509809E-05 -0.14819598E-05
  0.49200000E+01  0.54918540E-05 -0.14659294E-05
  0.49300000E+01  0.54333707E-05 -0.14541214E-05
  0.49400000E+01  0.53759282E-05 -0.14468624E-05
  0.49500000E+01  0.53195382E-05 -0.14434590E-05
  0.49600000E+01  0.52640811E-05 -0.14433680E-05
  0.49700000E+01  0.52095793E-05 -0.14468046E-05
  0.49800000E+01  0.51563115E-05 -0.14546386E-05
  0.49900000E+01  0.51048755E-05 -0.14681529E-05
  0.50000000E+01  0.50562466E-05 -0.14883960E-05
  0.50100000E+01  0.50110594E-05 -0.15142779E-05
  0.50200000E+01  0.49694011E-05 -0.15406127E-05
  0.50300000E+01  0.49308727E-05 -0.15603085E-05
  0.50400000E+01  0.48937665E-05 -0.15713258E-05
  0.50500000E+01  0.48532568E-05 -0.15800178E-05
  0.50600000E+01  0.48100326E-05 -0.15951222E-05
  0.50700000E+01  0.47675027E-05 -0.16205603E-05
  0.50800000E+01  0.47276267E-05 -0.16543457E-05
  0.50900000E+01  0.46913737E-05 -0.16917482E-05
  0.51000000E+01  0.46584638E-05 -0.17291335E-05
  0.51100000E+01  0.46290194E-05 -0.17633856E-05
  0.51200000E+01  0.46012719E-05 -0.17939289E-05
  0.51300000E+01  0.45746842E-05 -0.18241976E-05
  0.51400000E+01  0.45491808E-05 -0.18548164E-05
  0.51500000E+01  0.45247459E-05 -0.18859935E-05
  0.51600000E+01  0.45014401E-05 -0.19178215E-05
  0.51700000E+01  0.44793778E-05 -0.19503236E-05
  0.51800000E+01  0.44586725E-05 -0.19834614E-05
  0.51900000E+01  0.44394001E-05 -0.20171225E-05
  0.52000000E+01  0.44215951E-05 -0.20511246E-05
  0.52100000E+01  0.44052523E-05 -0.20852579E-05
  0.52200000E+01  0.43903700E-05 -0.21193540E-05
  0.52300000E+01  0.43769496E-05 -0.21533074E-05
  0.52400000E+01  0.43649637E-05 -0.21868706E-05
  0.52500000E+01  0.43543464E-05 -0.22191750E-05
  0.52600000E+01  0.43449821E-05 -0.22489115E-05
  0.52700000E+01  0.43365388E-05 -0.22763740E-05
  0.52800000E+01  0.43300521E-05 -0.23044079E-05
  0.52900000E+01  0.44139351E-05 -0.23359071E-05
  0.53000000E+01  0.42666052E-05 -0.23800848E-05
  0.53100000E+01  0.42575783E-05 -0.24586563E-05
  0.53200000E+01  0.42598864E-05 -0.25652698E-05
  0.53300000E+01  0.42788748E-05 -0.26550521E-05
  0.53400000E+01  0.42995110E-05 -0.27180938E-05
  0.53500000E+01  0.43210192E-05 -0.27735995E-05
  0.53600000E+01  0.43444490E-05 -0.28290567E-05
  0.53700000E+01  0.43705547E-05 -0.28844482E-05
  0.53800000E+01  0.43996575E-05 -0.29389589E-05
  0.53900000E+01  0.44318963E-05 -0.29920529E-05
  0.54000000E+01  0.44673408E-05 -0.30435457E-05
  0.54100000E+01  0.45060950E-05 -0.30934486E-05
  0.54200000E+01  0.45482739E-05 -0.31418402E-05
  0.54300000E+01  0.45940086E-05 -0.31888966E-05
  0.54400000E+01  0.46434372E-05 -0.32353215E-05
  0.54500000E+01  0.46967422E-05 -0.32830837E-05
  0.54600000E+01  0.47542525E-05 -0.33352447E-05
  0.54700000E+01  0.48168719E-05 -0.33930701E-05
  0.54800000E+01  0.48871551E-05 -0.34513207E-05
  0.54900000E+01  0.49686431E-05 -0.34971036E-05
  0.55000000E+01  0.50590751E-05 -0.35162628E-05
  0.55100000E+01  0.51498626E-05 -0.35025370E-05
  0.55200000E+01  0.52347988E-05 -0.34605029E-05
  0.55300000E+01  0.53117001E-05 -0.34006205E-05
  0.55400000E+01  0.53807467E-05 -0.33327041E-05
  0.55500000E+01  0.54428454E-05 -0.32629309E-05
  0.55600000E+01  0.54990654E-05 -0.31941327E-05
  0.55700000E+01  0.55503436E-05 -0.31271201E-05
  0.55800000E+01  0.55974172E-05 -0.30617713E-05
  0.55900000E+01  0.56408725E-05 -0.29977015E-05
  0.56000000E+01  0.56810999E-05 -0.29345689E-05
  0.56100000E+01  0.57185629E-05 -0.28724137E-05
  0.56200000E+01  0.57532995E-05 -0.28103854E-05
  0.56300000E+01  0.57856477E-05 -0.27490646E-05
  0.56400000E+01  0.58159810E-05 -0.26882059E-05
  0.56500000E+01  0.58443650E-05 -0.26271695E-05
  0.56600000E+01  0.58707811E-05 -0.25659389E-05
  0.56700000E+01  0.58951799E-05 -0.25046018E-05
  0.56800000E+01  0.59175837E-05 -0.24432252E-05
  0.56900000E+01  0.59380964E-05 -0.23819041E-05
  0.57000000E+01  0.59568958E-05 -0.23206831E-05
  0.57100000E+01  0.59742201E-05 -0.22594991E-05
  0.57200000E+01  0.59903563E-05 -0.21981768E-05
  0.57300000E+01  0.60056003E-05 -0.21364394E-05
  0.57400000E+01  0.60201919E-05 -0.20739198E-05
  0.57500000E+01  0.60342571E-05 -0.20101793E-05
  0.57600000E+01  0.60478088E-05 -0.19447348E-05
  0.57700000E+01  0.60607685E-05 -0.18770917E-05
  0.57800000E+01  0.60729801E-05 -0.18067801E-05
  0.57900000E+01  0.60842437E-05 -0.17333889E-05
  0.58000000E+01  0.60943443E-05 -0.16565948E-05
  0.58100000E+01  0.61030904E-05 -0.15761827E-05
  0.58200000E+01  0.61103152E-05 -0.14920568E-05
  0.58300000E+01  0.61158784E-05 -0.14042442E-05
  0.58400000E+01  0.61196487E-05 -0.13128919E-05
  0.58500000E+01  0.61215067E-05 -0.12182595E-05
  0.58600000E+01  0.61213290E-05 -0.11207095E-05
  0.58700000E+01  0.61189819E-05 -0.10206968E-05
  0.58800000E+01  0.61143047E-05 -0.91875703E-06
  0.58900000E+01  0.61071027E-05 -0.81549491E-06
  0.59000000E+01  0.60971567E-05 -0.71157184E-06
  0.59100000E+01  0.60842473E-05 -0.60769316E-06
  0.59200000E+01  0.60681935E-05 -0.50459458E-06
  0.59300000E+01  0.60488884E-05 -0.40302806E-06
  0.59400000E+01  0.60263249E-05 -0.30374735E-06
  0.59500000E+01  0.60006013E-05 -0.20749354E-06
  0.59600000E+01  0.59719048E-05 -0.11498108E-06
  0.59700000E+01  0.59404911E-05 -0.26884611E-07
  0.59800000E+01  0.59066602E-05  0.56173060E-07
  0.59900000E+01  0.58707420E-05  0.13363137E-06
  0.60000000E+01  0.58330834E-05  0.20500072E-06
  0.60100000E+01  0.57940390E-05  0.26986912E-06
  0.60200000E+01  0.57539656E-05  0.32790670E-06
  0.60300000E+01  0.57132141E-05  0.37886801E-06
  0.60400000E+01  0.56721249E-05  0.42259203E-06
  0.60500000E+01  0.56310226E-05  0.45900020E-06
  0.60600000E+01  0.55902150E-05  0.48809269E-06
  0.60700000E+01  0.55499877E-05  0.50994344E-06
  0.60800000E+01  0.55106045E-05  0.52469448E-06
  0.60900000E+01  0.54723058E-05  0.53255021E-06
  0.61000000E+01  0.54353126E-05  0.53377227E-06
  0.61100000E+01  0.53998309E-05  0.52867536E-06
  0.61200000E+01  0.53660566E-05  0.51762438E-06
  0.61300000E+01  0.53341760E-05  0.50103292E-06
  0.61400000E+01  0.53043616E-05  0.47936266E-06
  0.61500000E+01  0.52767660E-05  0.45312331E-06
  0.61600000E+01  0.52515203E-05  0.42287210E-06
  0.61700000E+01  0.52287340E-05  0.38921218E-06
  0.61800000E+01  0.52085010E-05  0.35278892E-06
  0.61900000E+01  0.51909012E-05  0.31428351E-06
  0.62000000E+01  0.51759956E-05  0.27440355E-06
  0.62100000E+01  0.51638129E-05  0.23387042E-06
  0.62200000E+01  0.51543362E-05  0.19340387E-06
  0.62300000E+01  0.51474953E-05  0.15370455E-06
  0.62400000E+01  0.51431707E-05  0.11543520E-06
  0.62500000E+01  0.51412066E-05  0.79201792E-07
  0.62600000E+01  0.51414287E-05  0.45535739E-07
  0.62700000E+01  0.51436526E-05  0.14878143E-07
  0.62800000E+01  0.51476879E-05 -0.12432746E-07
  0.62900000E+01  0.51533350E-05 -0.36170191E-07
  0.63000000E+01  0.51603851E-05 -0.56223152E-07
  0.63100000E+01  0.51686277E-05 -0.72595692E-07
  0.63200000E+01  0.51778600E-05 -0.85401587E-07
  0.63300000E+01  0.51878967E-05 -0.94854402E-07
  0.63400000E+01  0.51985695E-05 -0.10125355E-06
  0.63500000E+01  0.52097247E-05 -0.10496712E-06
  0.63600000E+01  0.52212208E-05 -0.10641235E-06
  0.63700000E+01  0.52329345E-05 -0.10603489E-06
  0.63800000E+01  0.52447724E-05 -0.10428776E-06
  0.63900000E+01  0.52566825E-05 -0.10161112E-06
  0.64000000E+01  0.52686572E-05 -0.98413403E-07
  0.64100000E+01  0.52807254E-05 -0.95054612E-07
  0.64200000E+01  0.52929419E-05 -0.91831996E-07
  0.64300000E+01  0.53053800E-05 -0.88968405E-07
  0.64400000E+01  0.53181318E-05 -0.86603476E-07
  0.64500000E+01  0.53313131E-05 -0.84787863E-07
  0.64600000E+01  0.53450623E-05 -0.83480731E-07
  0.64700000E+01  0.53595333E-05 -0.82550849E-07
  0.64800000E+01  0.53748830E-05 -0.81781592E-07
  0.64900000E+01  0.53912608E-05 -0.80879992E-07
  0.65000000E+01  0.54087983E-05 -0.79489819E-07
  0.65100000E+01  0.54275959E-05 -0.77208205E-07
  0.65200000E+01  0.54477048E-05 -0.73604979E-07
  0.65300000E+01  0.54691107E-05 -0.68243501E-07
  0.65400000E+01  0.54917282E-05 -0.60701572E-07
  0.65500000E+01  0.55154072E-05 -0.50591087E-07
  0.65600000E+01  0.55399428E-05 -0.37575403E-07
  0.65700000E+01  0.55650858E-05 -0.21384067E-07
  0.65800000E+01  0.55905510E-05 -0.18252509E-08
  0.65900000E+01  0.56160318E-05  0.21203175E-07
  0.66000000E+01  0.56412235E-05  0.47702857E-07
  0.66100000E+01  0.56658458E-05  0.77564037E-07
  0.66200000E+01  0.56896537E-05  0.11055553E-06
  0.66300000E+01  0.57124339E-05  0.14631875E-06
  0.66400000E+01  0.57340029E-05  0.18437098E-06
  0.66500000E+01  0.57542224E-05  0.22412423E-06
  0.66600000E+01  0.57730309E-05  0.26492485E-06
  0.66700000E+01  0.57904727E-05  0.30611584E-06
  0.66800000E+01  0.58067089E-05  0.34711718E-06
  0.66900000E+01  0.58220148E-05  0.38751284E-06
  0.67000000E+01  0.58367833E-05  0.42712655E-06
  0.67100000E+01  0.58515332E-05  0.46606642E-06
  0.67200000E+01  0.58668785E-05  0.50472150E-06
  0.67300000E+01  0.58834002E-05  0.54370253E-06
  0.67400000E+01  0.59014275E-05  0.58373219E-06
  0.67500000E+01  0.59208305E-05  0.62550368E-06
  0.67600000E+01  0.59409724E-05  0.66953589E-06
  0.67700000E+01  0.59609015E-05  0.71605625E-06
  0.67800000E+01  0.59797122E-05  0.76493614E-06
  0.67900000E+01  0.59968796E-05  0.81569169E-06
  0.68000000E+01  0.60123914E-05  0.86754775E-06
  0.68100000E+01  0.60266224E-05  0.91954907E-06
  0.68200000E+01  0.60400639E-05  0.97069494E-06
  0.68300000E+01  0.60531093E-05  0.10200718E-05
  0.68400000E+01  0.60660508E-05  0.10669627E-05
  0.68500000E+01  0.60792335E-05  0.11109207E-05
  0.68600000E+01  0.60931581E-05  0.11518036E-05
  0.68700000E+01  0.61084111E-05  0.11897747E-05
  0.68800000E+01  0.61255178E-05  0.12252827E-05
  0.68900000E+01  0.61448640E-05  0.12590283E-05
  0.69000000E+01  0.61666758E-05  0.12919228E-05
  0.69100000E+01  0.61910016E-05  0.13250289E-05
  0.69200000E+01  0.62177705E-05  0.13594715E-05
  0.69300000E+01  0.62469476E-05  0.13963148E-05
  0.69400000E+01  0.62785439E-05  0.14364285E-05
  0.69500000E+01  0.63123870E-05  0.14803967E-05
  0.69600000E+01  0.63480718E-05  0.15285339E-05
  0.69700000E+01  0.63853032E-05  0.15810195E-05
  0.69800000E+01  0.64240759E-05  0.16380645E-05
  0.69900000E+01  0.64645060E-05  0.16999425E-05
  0.70000000E+01  0.65068872E-05  0.17667679E-05
