  0.00000000E+00 -0.48744359E+03  0.94537589E-15
  0.10000000E-01 -0.48699802E+03 -0.23459989E+02
  0.20000000E-01 -0.48526180E+03 -0.53070689E+02
  0.30000000E-01 -0.47429845E+03 -0.10428907E+03
  0.40000000E-01 -0.43551886E+03 -0.10883277E+03
  0.50000000E-01 -0.42034699E+03 -0.41105236E+02
  0.60000000E-01 -0.46750426E+03  0.21545288E+02
  0.70000000E-01 -0.53134231E+03 -0.61967297E+02
  0.80000000E-01 -0.51486856E+03 -0.16674710E+03
  0.90000000E-01 -0.49197936E+03 -0.21471477E+03
  0.10000000E+00 -0.46925308E+03 -0.25106034E+03
  0.11000000E+00 -0.44327633E+03 -0.27914034E+03
  0.12000000E+00 -0.41441474E+03 -0.28303182E+03
  0.13000000E+00 -0.39444233E+03 -0.26742996E+03
  0.14000000E+00 -0.38164336E+03 -0.25498257E+03
  0.15000000E+00 -0.37167263E+03 -0.24870234E+03
  0.16000000E+00 -0.36310734E+03 -0.24533360E+03
  0.17000000E+00 -0.35547432E+03 -0.24314294E+03
  0.18000000E+00 -0.34855558E+03 -0.24145182E+03
  0.19000000E+00 -0.34221459E+03 -0.24011506E+03
  0.20000000E+00 -0.33633750E+03 -0.23911184E+03
  0.21000000E+00 -0.33081836E+03 -0.23837658E+03
  0.22000000E+00 -0.32557617E+03 -0.23777077E+03
  0.23000000E+00 -0.32056757E+03 -0.23710400E+03
  0.24000000E+00 -0.31578308E+03 -0.23616773E+03
  0.25000000E+00 -0.31123312E+03 -0.23477054E+03
  0.26000000E+00 -0.30694701E+03 -0.23277545E+03
  0.27000000E+00 -0.30298190E+03 -0.23014129E+03
  0.28000000E+00 -0.29942468E+03 -0.22696265E+03
  0.29000000E+00 -0.29638364E+03 -0.22349144E+03
  0.30000000E+00 -0.29394909E+03 -0.22011794E+03
  0.31000000E+00 -0.29212759E+03 -0.21729988E+03
  0.32000000E+00 -0.29080396E+03 -0.21545329E+03
  0.33000000E+00 -0.28977767E+03 -0.21484176E+03
  0.34000000E+00 -0.28882506E+03 -0.21550970E+03
  0.35000000E+00 -0.28774433E+03 -0.21729220E+03
  0.36000000E+00 -0.28640230E+03 -0.21989856E+03
  0.37000000E+00 -0.28476210E+03 -0.22301969E+03
  0.38000000E+00 -0.28284227E+03 -0.22639602E+03
  0.39000000E+00 -0.28067028E+03 -0.22982588E+03
  0.40000000E+00 -0.27826838E+03 -0.23314881E+03
  0.41000000E+00 -0.27566379E+03 -0.23624160E+03
  0.42000000E+00 -0.27290018E+03 -0.23902787E+03
  0.43000000E+00 -0.27001311E+03 -0.24147752E+03
  0.44000000E+00 -0.26701625E+03 -0.24358644E+03
  0.45000000E+00 -0.26392034E+03 -0.24535162E+03
  0.46000000E+00 -0.26074486E+03 -0.24675996E+03
  0.47000000E+00 -0.25751544E+03 -0.24779266E+03
  0.48000000E+00 -0.25426042E+03 -0.24843473E+03
  0.49000000E+00 -0.25101011E+03 -0.24868118E+03
  0.50000000E+00 -0.24779444E+03 -0.24853821E+03
  0.51000000E+00 -0.24463820E+03 -0.24802160E+03
  0.52000000E+00 -0.24156002E+03 -0.24715389E+03
  0.53000000E+00 -0.23857495E+03 -0.24596147E+03
  0.54000000E+00 -0.23569643E+03 -0.24447158E+03
  0.55000000E+00 -0.23293462E+03 -0.24270937E+03
  0.56000000E+00 -0.23029654E+03 -0.24069560E+03
  0.57000000E+00 -0.22778866E+03 -0.23844538E+03
  0.58000000E+00 -0.22541991E+03 -0.23596746E+03
  0.59000000E+00 -0.22320112E+03 -0.23326307E+03
  0.60000000E+00 -0.22114460E+03 -0.23032379E+03
  0.61000000E+00 -0.21926593E+03 -0.22712694E+03
  0.62000000E+00 -0.21758835E+03 -0.22362583E+03
  0.63000000E+00 -0.21614678E+03 -0.21973258E+03
  0.64000000E+00 -0.21499595E+03 -0.21528978E+03
  0.65000000E+00 -0.21423331E+03 -0.21006106E+03
  0.66000000E+00 -0.21406150E+03 -0.20401822E+03
  0.67000000E+00 -0.21489074E+03 -0.19822331E+03
  0.68000000E+00 -0.21691170E+03 -0.19483442E+03
  0.69000000E+00 -0.21906893E+03 -0.19485244E+03
  0.70000000E+00 -0.22055250E+03 -0.19717554E+03
  0.71000000E+00 -0.22138073E+03 -0.20040250E+03
  0.72000000E+00 -0.22167840E+03 -0.20382619E+03
  0.73000000E+00 -0.22151247E+03 -0.20706158E+03
  0.74000000E+00 -0.22100540E+03 -0.20979853E+03
  0.75000000E+00 -0.22039195E+03 -0.21196710E+03
  0.76000000E+00 -0.21977459E+03 -0.21371820E+03
  0.77000000E+00 -0.21917032E+03 -0.21515102E+03
  0.78000000E+00 -0.21861164E+03 -0.21623516E+03
  0.79000000E+00 -0.21816142E+03 -0.21690391E+03
  0.80000000E+00 -0.21798428E+03 -0.21731937E+03
  0.81000000E+00 -0.21816514E+03 -0.21842247E+03
  0.82000000E+00 -0.21849810E+03 -0.22064825E+03
  0.83000000E+00 -0.21895683E+03 -0.22461169E+03
  0.84000000E+00 -0.21933845E+03 -0.23117158E+03
  0.85000000E+00 -0.21913845E+03 -0.24090206E+03
  0.86000000E+00 -0.21711833E+03 -0.25158799E+03
  0.87000000E+00 -0.21405430E+03 -0.25971920E+03
  0.88000000E+00 -0.21076028E+03 -0.26679593E+03
  0.89000000E+00 -0.20739150E+03 -0.27279831E+03
  0.90000000E+00 -0.20398997E+03 -0.27802416E+03
  0.91000000E+00 -0.20052915E+03 -0.28286462E+03
  0.92000000E+00 -0.19702387E+03 -0.28732551E+03
  0.93000000E+00 -0.19348769E+03 -0.29128735E+03
  0.94000000E+00 -0.18993226E+03 -0.29468724E+03
  0.95000000E+00 -0.18641558E+03 -0.29754240E+03
  0.96000000E+00 -0.18301742E+03 -0.29992709E+03
  0.97000000E+00 -0.17977616E+03 -0.30196132E+03
  0.98000000E+00 -0.17672349E+03 -0.30383038E+03
  0.99000000E+00 -0.17390859E+03 -0.30581797E+03
  0.10000000E+01 -0.17130021E+03 -0.30830627E+03
  0.10100000E+01 -0.16874709E+03 -0.31172639E+03
  0.10200000E+01 -0.16603329E+03 -0.31643550E+03
  0.10300000E+01 -0.16285374E+03 -0.32245939E+03
  0.10400000E+01 -0.15885675E+03 -0.32930715E+03
  0.10500000E+01 -0.15384680E+03 -0.33651439E+03
  0.10600000E+01 -0.14712903E+03 -0.34373983E+03
  0.10700000E+01 -0.13849759E+03 -0.34273142E+03
  0.10800000E+01 -0.13263607E+03 -0.33659913E+03
  0.10900000E+01 -0.12821711E+03 -0.33188647E+03
  0.11000000E+01 -0.12439463E+03 -0.32785311E+03
  0.11100000E+01 -0.12101786E+03 -0.32326993E+03
  0.11200000E+01 -0.11840874E+03 -0.31609202E+03
  0.11300000E+01 -0.12031089E+03 -0.30707433E+03
  0.11400000E+01 -0.12265279E+03 -0.30618365E+03
  0.11500000E+01 -0.12508941E+03 -0.31612500E+03
  0.11600000E+01 -0.12057203E+03 -0.32976251E+03
  0.11700000E+01 -0.11471636E+03 -0.33479111E+03
  0.11800000E+01 -0.10924950E+03 -0.33376906E+03
  0.11900000E+01 -0.10528600E+03 -0.33227774E+03
  0.12000000E+01 -0.10198723E+03 -0.33134247E+03
  0.12100000E+01 -0.98955861E+02 -0.33069722E+03
  0.12200000E+01 -0.96016346E+02 -0.33053629E+03
  0.12300000E+01 -0.93063831E+02 -0.33092195E+03
  0.12400000E+01 -0.89971886E+02 -0.33175564E+03
  0.12500000E+01 -0.86615190E+02 -0.33275259E+03
  0.12600000E+01 -0.82974718E+02 -0.33343164E+03
  0.12700000E+01 -0.79213931E+02 -0.33338294E+03
  0.12800000E+01 -0.75558053E+02 -0.33273042E+03
  0.12900000E+01 -0.72048767E+02 -0.33189765E+03
  0.13000000E+01 -0.68647886E+02 -0.33115430E+03
  0.13100000E+01 -0.65309115E+02 -0.33062758E+03
  0.13200000E+01 -0.61999513E+02 -0.33063150E+03
  0.13300000E+01 -0.57999452E+02 -0.33021129E+03
  0.13400000E+01 -0.54361794E+02 -0.32928318E+03
  0.13500000E+01 -0.50762758E+02 -0.32793979E+03
  0.13600000E+01 -0.47351223E+02 -0.32637564E+03
  0.13700000E+01 -0.43983480E+02 -0.32488353E+03
  0.13800000E+01 -0.40674293E+02 -0.32319960E+03
  0.13900000E+01 -0.37458615E+02 -0.32153120E+03
  0.14000000E+01 -0.34297661E+02 -0.32001656E+03
  0.14100000E+01 -0.31118016E+02 -0.31873699E+03
  0.14200000E+01 -0.27787054E+02 -0.31687905E+03
  0.14300000E+01 -0.25260301E+02 -0.31460438E+03
  0.14400000E+01 -0.20869276E+02 -0.31208437E+03
  0.14500000E+01 -0.17774676E+02 -0.30943592E+03
  0.14600000E+01 -0.15208532E+02 -0.30679370E+03
  0.14700000E+01 -0.12585770E+02 -0.30419744E+03
  0.14800000E+01 -0.10036159E+02 -0.30163819E+03
  0.14900000E+01 -0.75746162E+01 -0.29911001E+03
  0.15000000E+01 -0.51933111E+01 -0.29661417E+03
  0.15100000E+01 -0.28913142E+01 -0.29415741E+03
  0.15200000E+01 -0.66380036E+00 -0.29173927E+03
  0.15300000E+01  0.14955545E+01 -0.28934246E+03
  0.15400000E+01  0.35901537E+01 -0.28697097E+03
  0.15500000E+01  0.55766372E+01 -0.28470915E+03
  0.15600000E+01  0.20738030E+01 -0.28264137E+03
  0.15700000E+01  0.90931933E+01 -0.28073045E+03
  0.15800000E+01  0.11099477E+02 -0.27887121E+03
  0.15900000E+01  0.13029680E+02 -0.27701695E+03
  0.16000000E+01  0.14921835E+02 -0.27518455E+03
  0.16100000E+01  0.16793270E+02 -0.27339239E+03
  0.16200000E+01  0.18648294E+02 -0.27163731E+03
  0.16300000E+01  0.20492055E+02 -0.26991356E+03
  0.16400000E+01  0.22330695E+02 -0.26821130E+03
  0.16500000E+01  0.24169611E+02 -0.26651313E+03
  0.16600000E+01  0.26012491E+02 -0.26478954E+03
  0.16700000E+01  0.27852998E+02 -0.26300107E+03
  0.16800000E+01  0.29674032E+02 -0.26113792E+03
  0.16900000E+01  0.31483127E+02 -0.25923568E+03
  0.17000000E+01  0.33267028E+02 -0.25720844E+03
  0.17100000E+01  0.35011421E+02 -0.25516118E+03
  0.17200000E+01  0.36734283E+02 -0.25305782E+03
  0.17300000E+01  0.38433183E+02 -0.25088578E+03
  0.17400000E+01  0.40108972E+02 -0.24863064E+03
  0.17500000E+01  0.41751950E+02 -0.24622746E+03
  0.17600000E+01  0.43311292E+02 -0.24357866E+03
  0.17700000E+01  0.44659342E+02 -0.24076887E+03
  0.17800000E+01  0.45790359E+02 -0.23825905E+03
  0.17900000E+01  0.47000889E+02 -0.23615320E+03
  0.18000000E+01  0.48249800E+02 -0.23360726E+03
  0.18100000E+01  0.49295033E+02 -0.23087494E+03
  0.18200000E+01  0.50087483E+02 -0.22843600E+03
  0.18300000E+01  0.50728837E+02 -0.22675170E+03
  0.18400000E+01  0.51642674E+02 -0.22665874E+03
  0.18500000E+01  0.53545419E+02 -0.22633350E+03
  0.18600000E+01  0.55569278E+02 -0.22479281E+03
  0.18700000E+01  0.57375285E+02 -0.22345278E+03
  0.18800000E+01  0.59161644E+02 -0.22190149E+03
  0.18900000E+01  0.60845443E+02 -0.22020183E+03
  0.19000000E+01  0.62539640E+02 -0.21869718E+03
  0.19100000E+01  0.64372479E+02 -0.21703360E+03
  0.19200000E+01  0.66267944E+02 -0.21500872E+03
  0.19300000E+01  0.68134424E+02 -0.21249164E+03
  0.19400000E+01  0.69887521E+02 -0.20967230E+03
  0.19500000E+01  0.71544393E+02 -0.20673441E+03
  0.19600000E+01  0.73147304E+02 -0.20371110E+03
  0.19700000E+01  0.74702853E+02 -0.20051624E+03
  0.19800000E+01  0.76076514E+02 -0.19696407E+03
  0.19900000E+01  0.77261439E+02 -0.19335915E+03
  0.20000000E+01  0.78213766E+02 -0.18997523E+03
  0.20100000E+01  0.79194566E+02 -0.18679702E+03
  0.20200000E+01  0.80144652E+02 -0.18360296E+03
  0.20300000E+01  0.81043706E+02 -0.18037117E+03
  0.20400000E+01  0.81868291E+02 -0.17714369E+03
  0.20500000E+01  0.82648709E+02 -0.17393753E+03
  0.20600000E+01  0.83367126E+02 -0.17073485E+03
  0.20700000E+01  0.84034974E+02 -0.16755477E+03
  0.20800000E+01  0.84650007E+02 -0.16437376E+03
  0.20900000E+01  0.85163554E+02 -0.16118908E+03
  0.21000000E+01  0.85687549E+02 -0.15799522E+03
  0.21100000E+01  0.86118502E+02 -0.15473428E+03
  0.21200000E+01  0.86454839E+02 -0.15130682E+03
  0.21300000E+01  0.86655629E+02 -0.14765210E+03
  0.21400000E+01  0.86609374E+02 -0.14385465E+03
  0.21500000E+01  0.86220203E+02 -0.14059783E+03
  0.21600000E+01  0.85948170E+02 -0.13844481E+03
  0.21700000E+01  0.85889560E+02 -0.13611284E+03
  0.21800000E+01  0.85760808E+02 -0.13387893E+03
  0.21900000E+01  0.85642899E+02 -0.13169772E+03
  0.22000000E+01  0.85469812E+02 -0.12960408E+03
  0.22100000E+01  0.85255770E+02 -0.12780405E+03
  0.22200000E+01  0.85078376E+02 -0.12645287E+03
  0.22300000E+01  0.85049709E+02 -0.12561703E+03
  0.22400000E+01  0.85424414E+02 -0.12595586E+03
  0.22500000E+01  0.86779325E+02 -0.12266736E+03
  0.22600000E+01  0.86722032E+02 -0.11956225E+03
  0.22700000E+01  0.86624885E+02 -0.11784155E+03
  0.22800000E+01  0.86623356E+02 -0.11575737E+03
  0.22900000E+01  0.86232064E+02 -0.11418237E+03
  0.23000000E+01  0.86266238E+02 -0.11421234E+03
  0.23100000E+01  0.86745415E+02 -0.11390491E+03
  0.23200000E+01  0.87487163E+02 -0.11227404E+03
  0.23300000E+01  0.87818294E+02 -0.11000531E+03
  0.23400000E+01  0.87970586E+02 -0.10807202E+03
  0.23500000E+01  0.88062129E+02 -0.10625145E+03
  0.23600000E+01  0.88109594E+02 -0.10445631E+03
  0.23700000E+01  0.88124361E+02 -0.10269524E+03
  0.23800000E+01  0.88110332E+02 -0.10101144E+03
  0.23900000E+01  0.88096259E+02 -0.99343511E+02
  0.24000000E+01  0.88068675E+02 -0.97672851E+02
  0.24100000E+01  0.88024385E+02 -0.95989836E+02
  0.24200000E+01  0.87960196E+02 -0.94293705E+02
  0.24300000E+01  0.87872984E+02 -0.92589392E+02
  0.24400000E+01  0.87761142E+02 -0.90886085E+02
  0.24500000E+01  0.87629601E+02 -0.89191846E+02
  0.24600000E+01  0.87480091E+02 -0.87474884E+02
  0.24700000E+01  0.87286530E+02 -0.85723083E+02
  0.24800000E+01  0.87041282E+02 -0.83995535E+02
  0.24900000E+01  0.86756403E+02 -0.82324297E+02
  0.25000000E+01  0.86444515E+02 -0.80712152E+02
  0.25100000E+01  0.86121180E+02 -0.79156076E+02
  0.25200000E+01  0.85800119E+02 -0.77586078E+02
  0.25300000E+01  0.85436028E+02 -0.75951092E+02
  0.25400000E+01  0.85009598E+02 -0.74352098E+02
  0.25500000E+01  0.84540924E+02 -0.72817077E+02
  0.25600000E+01  0.84034172E+02 -0.71347213E+02
  0.25700000E+01  0.83497136E+02 -0.69960241E+02
  0.25800000E+01  0.82934003E+02 -0.68659701E+02
  0.25900000E+01  0.82360261E+02 -0.67461375E+02
  0.26000000E+01  0.81796933E+02 -0.66345402E+02
  0.26100000E+01  0.81251915E+02 -0.65251233E+02
  0.26200000E+01  0.80711183E+02 -0.64119464E+02
  0.26300000E+01  0.80142173E+02 -0.62945718E+02
  0.26400000E+01  0.79538439E+02 -0.61773849E+02
  0.26500000E+01  0.78909252E+02 -0.60640590E+02
  0.26600000E+01  0.78258497E+02 -0.59551864E+02
  0.26700000E+01  0.77586076E+02 -0.58500291E+02
  0.26800000E+01  0.76890871E+02 -0.57481556E+02
  0.26900000E+01  0.76171724E+02 -0.56497148E+02
  0.27000000E+01  0.75427542E+02 -0.55552527E+02
  0.27100000E+01  0.74657211E+02 -0.54656278E+02
  0.27200000E+01  0.73859886E+02 -0.53820298E+02
  0.27300000E+01  0.73035778E+02 -0.53059532E+02
  0.27400000E+01  0.72187503E+02 -0.52390680E+02
  0.27500000E+01  0.71321226E+02 -0.51829834E+02
  0.27600000E+01  0.70446236E+02 -0.51389602E+02
  0.27700000E+01  0.69572676E+02 -0.51077510E+02
  0.27800000E+01  0.68710482E+02 -0.50896282E+02
  0.27900000E+01  0.67869900E+02 -0.50846017E+02
  0.28000000E+01  0.67060063E+02 -0.50927338E+02
  0.28100000E+01  0.66287249E+02 -0.51143799E+02
  0.28200000E+01  0.65557493E+02 -0.51501728E+02
  0.28300000E+01  0.64883265E+02 -0.52005887E+02
  0.28400000E+01  0.64284129E+02 -0.52650644E+02
  0.28500000E+01  0.63778465E+02 -0.53410442E+02
  0.28600000E+01  0.63380138E+02 -0.54237717E+02
  0.28700000E+01  0.63092088E+02 -0.55074996E+02
  0.28800000E+01  0.62900359E+02 -0.55878398E+02
  0.28900000E+01  0.62783174E+02 -0.56636815E+02
  0.29000000E+01  0.62728936E+02 -0.57366415E+02
  0.29100000E+01  0.62744250E+02 -0.58074546E+02
  0.29200000E+01  0.62846701E+02 -0.58721266E+02
  0.29300000E+01  0.63023636E+02 -0.59259995E+02
  0.29400000E+01  0.63233189E+02 -0.59716558E+02
  0.29500000E+01  0.63533698E+02 -0.60069009E+02
  0.29600000E+01  0.63906751E+02 -0.60181115E+02
  0.29700000E+01  0.64318797E+02 -0.59989158E+02
  0.29800000E+01  0.64726685E+02 -0.59504306E+02
  0.29900000E+01  0.65058918E+02 -0.58755347E+02
  0.30000000E+01  0.65287717E+02 -0.57825487E+02
  0.30100000E+01  0.65421272E+02 -0.56823311E+02
  0.30200000E+01  0.65481740E+02 -0.55826329E+02
  0.30300000E+01  0.65485808E+02 -0.54865662E+02
  0.30400000E+01  0.65441345E+02 -0.53948638E+02
  0.30500000E+01  0.65356741E+02 -0.53081810E+02
  0.30600000E+01  0.65241157E+02 -0.52276988E+02
  0.30700000E+01  0.65095417E+02 -0.51562004E+02
  0.30800000E+01  0.64923282E+02 -0.50971369E+02
  0.30900000E+01  0.64745772E+02 -0.50526178E+02
  0.31000000E+01  0.64531923E+02 -0.50329523E+02
  0.31100000E+01  0.64271098E+02 -0.50743179E+02
  0.31200000E+01  0.64620242E+02 -0.51576801E+02
  0.31300000E+01  0.64839892E+02 -0.51997541E+02
  0.31400000E+01  0.65214370E+02 -0.52216469E+02
  0.31500000E+01  0.65582852E+02 -0.52300928E+02
  0.31600000E+01  0.65959283E+02 -0.52343625E+02
  0.31700000E+01  0.66349634E+02 -0.52360196E+02
  0.31800000E+01  0.66759547E+02 -0.52361290E+02
  0.31900000E+01  0.67194543E+02 -0.52358897E+02
  0.32000000E+01  0.67660668E+02 -0.52361316E+02
  0.32100000E+01  0.68164834E+02 -0.52374149E+02
  0.32200000E+01  0.68714904E+02 -0.52402897E+02
  0.32300000E+01  0.69320193E+02 -0.52454222E+02
  0.32400000E+01  0.69992301E+02 -0.52536474E+02
  0.32500000E+01  0.70746098E+02 -0.52660095E+02
  0.32600000E+01  0.71600744E+02 -0.52838128E+02
  0.32700000E+01  0.72582070E+02 -0.53089466E+02
  0.32800000E+01  0.73727307E+02 -0.53445195E+02
  0.32900000E+01  0.75093580E+02 -0.53949125E+02
  0.33000000E+01  0.76776988E+02 -0.54672307E+02
  0.33100000E+01  0.78960812E+02 -0.55675116E+02
  0.33200000E+01  0.82083543E+02 -0.56765625E+02
  0.33300000E+01  0.86930866E+02 -0.53847176E+02
  0.33400000E+01  0.89914651E+02 -0.45469640E+02
  0.33500000E+01  0.91736653E+02 -0.36305797E+02
  0.33600000E+01  0.92385496E+02 -0.24563012E+02
  0.33700000E+01  0.90945942E+02 -0.84791350E+01
  0.33800000E+01  0.83447296E+02  0.12642085E+02
  0.33900000E+01  0.72021417E+02  0.12236102E+02
  0.34000000E+01  0.66429788E+02  0.35836148E+01
  0.34100000E+01  0.63962373E+02 -0.92092264E+00
  0.34200000E+01  0.62337594E+02 -0.35195345E+01
  0.34300000E+01  0.61098191E+02 -0.53002511E+01
  0.34400000E+01  0.60084647E+02 -0.66225135E+01
  0.34500000E+01  0.59220904E+02 -0.76340483E+01
  0.34600000E+01  0.58463360E+02 -0.84251098E+01
  0.34700000E+01  0.57785326E+02 -0.90492838E+01
  0.34800000E+01  0.57168366E+02 -0.95431018E+01
  0.34900000E+01  0.56599487E+02 -0.99333721E+01
  0.35000000E+01  0.56069509E+02 -0.10239872E+02
  0.35100000E+01  0.55571355E+02 -0.10477737E+02
  0.35200000E+01  0.55099993E+02 -0.10658707E+02
  0.35300000E+01  0.54651916E+02 -0.10791592E+02
  0.35400000E+01  0.54224463E+02 -0.10882521E+02
  0.35500000E+01  0.53815585E+02 -0.10935070E+02
  0.35600000E+01  0.53423648E+02 -0.10950404E+02
  0.35700000E+01  0.53047046E+02 -0.10927687E+02
  0.35800000E+01  0.52683954E+02 -0.10865059E+02
  0.35900000E+01  0.52332384E+02 -0.10761280E+02
  0.36000000E+01  0.51989954E+02 -0.10617554E+02
  0.36100000E+01  0.51654069E+02 -0.10437923E+02
  0.36200000E+01  0.51322340E+02 -0.10227705E+02
  0.36300000E+01  0.50993566E+02 -0.99898764E+01
  0.36400000E+01  0.50666969E+02 -0.97232365E+01
  0.36500000E+01  0.50340763E+02 -0.94251381E+01
  0.36600000E+01  0.50011814E+02 -0.90959599E+01
  0.36700000E+01  0.49677573E+02 -0.87405868E+01
  0.36800000E+01  0.49337164E+02 -0.83656038E+01
  0.36900000E+01  0.48989816E+02 -0.79761205E+01
  0.37000000E+01  0.48633903E+02 -0.75758525E+01
  0.37100000E+01  0.48267620E+02 -0.71693668E+01
  0.37200000E+01  0.47889441E+02 -0.67633885E+01
  0.37300000E+01  0.47498237E+02 -0.63661687E+01
  0.37400000E+01  0.47093669E+02 -0.59858964E+01
  0.37500000E+01  0.46677067E+02 -0.56291474E+01
  0.37600000E+01  0.46251939E+02 -0.52997695E+01
  0.37700000E+01  0.45822855E+02 -0.49984058E+01
  0.37800000E+01  0.45393689E+02 -0.47227904E+01
  0.37900000E+01  0.44966648E+02 -0.44686115E+01
  0.38000000E+01  0.44541729E+02 -0.42305632E+01
  0.38100000E+01  0.44119038E+02 -0.40036982E+01
  0.38200000E+01  0.43697980E+02 -0.37845585E+01
  0.38300000E+01  0.43278596E+02 -0.35711963E+01
  0.38400000E+01  0.42862099E+02 -0.33622778E+01
  0.38500000E+01  0.42452883E+02 -0.31635639E+01
  0.38600000E+01  0.42065481E+02 -0.28912820E+01
  0.38700000E+01  0.41633166E+02 -0.26644366E+01
  0.38800000E+01  0.41211961E+02 -0.24231821E+01
  0.38900000E+01  0.40773504E+02 -0.21447779E+01
  0.39000000E+01  0.40318238E+02 -0.18547062E+01
  0.39100000E+01  0.39776071E+02 -0.15562927E+01
  0.39200000E+01  0.39250576E+02 -0.14756399E+01
  0.39300000E+01  0.38797464E+02 -0.15116735E+01
  0.39400000E+01  0.38394019E+02 -0.14524412E+01
  0.39500000E+01  0.37988302E+02 -0.13752601E+01
  0.39600000E+01  0.37584265E+02 -0.12931203E+01
  0.39700000E+01  0.37182717E+02 -0.12129416E+01
  0.39800000E+01  0.36791388E+02 -0.11470700E+01
  0.39900000E+01  0.36410541E+02 -0.10306810E+01
  0.40000000E+01  0.36003257E+02 -0.89726793E+00
  0.40100000E+01  0.35598443E+02 -0.75910157E+00
  0.40200000E+01  0.35144058E+02 -0.67176962E+00
  0.40300000E+01  0.34736822E+02 -0.69278795E+00
  0.40400000E+01  0.34338842E+02 -0.63963874E+00
  0.40500000E+01  0.33928373E+02 -0.59500151E+00
  0.40600000E+01  0.33516097E+02 -0.57213760E+00
  0.40700000E+01  0.33107175E+02 -0.58710589E+00
  0.40800000E+01  0.32678238E+02 -0.66418079E+00
  0.40900000E+01  0.32338017E+02 -0.72104689E+00
  0.41000000E+01  0.31994417E+02 -0.69616477E+00
  0.41100000E+01  0.31645859E+02 -0.60480747E+00
  0.41200000E+01  0.31287225E+02 -0.46625679E+00
  0.41300000E+01  0.30912705E+02 -0.28976362E+00
  0.41400000E+01  0.30512485E+02 -0.76134389E-01
  0.41500000E+01  0.30068251E+02  0.17743654E+00
  0.41600000E+01  0.29546011E+02  0.46143092E+00
  0.41700000E+01  0.28885807E+02  0.68060866E+00
  0.41800000E+01  0.28173456E+02 -0.26185166E+00
  0.41900000E+01  0.28215040E+02 -0.45629536E+00
  0.42000000E+01  0.27795769E+02 -0.59407392E+00
  0.42100000E+01  0.27421883E+02 -0.94972579E+00
  0.42200000E+01  0.27090392E+02 -0.12002710E+01
  0.42300000E+01  0.26779560E+02 -0.13701005E+01
  0.42400000E+01  0.26480042E+02 -0.14901082E+01
  0.42500000E+01  0.26186255E+02 -0.15716241E+01
  0.42600000E+01  0.25893449E+02 -0.16210515E+01
  0.42700000E+01  0.25598533E+02 -0.16431057E+01
  0.42800000E+01  0.25300018E+02 -0.16432196E+01
  0.42900000E+01  0.24997121E+02 -0.16262236E+01
  0.43000000E+01  0.24689500E+02 -0.15962268E+01
  0.43100000E+01  0.24377184E+02 -0.15558277E+01
  0.43200000E+01  0.24060182E+02 -0.15069800E+01
  0.43300000E+01  0.23738337E+02 -0.14510135E+01
  0.43400000E+01  0.23411341E+02 -0.13890492E+01
  0.43500000E+01  0.23078833E+02 -0.13222951E+01
  0.43600000E+01  0.22740447E+02 -0.12521615E+01
  0.43700000E+01  0.22395805E+02 -0.11802109E+01
  0.43800000E+01  0.22044608E+02 -0.11080206E+01
  0.43900000E+01  0.21686686E+02 -0.10370725E+01
  0.44000000E+01  0.21321917E+02 -0.96877776E+00
  0.44100000E+01  0.20950180E+02 -0.90465481E+00
  0.44200000E+01  0.20571533E+02 -0.84771157E+00
  0.44300000E+01  0.20186803E+02 -0.80600375E+00
  0.44400000E+01  0.19806036E+02 -0.79417616E+00
  0.44500000E+01  0.19428525E+02 -0.77561847E+00
  0.44600000E+01  0.19044457E+02 -0.74556061E+00
  0.44700000E+01  0.18651941E+02 -0.71527630E+00
  0.44800000E+01  0.18250912E+02 -0.68680081E+00
  0.44900000E+01  0.17841252E+02 -0.66099779E+00
  0.45000000E+01  0.17422756E+02 -0.63832584E+00
  0.45100000E+01  0.16995019E+02 -0.61908393E+00
  0.45200000E+01  0.16557600E+02 -0.60350428E+00
  0.45300000E+01  0.16110065E+02 -0.59187450E+00
  0.45400000E+01  0.15651909E+02 -0.58500282E+00
  0.45500000E+01  0.15182406E+02 -0.58513457E+00
  0.45600000E+01  0.14700415E+02 -0.59748241E+00
  0.45700000E+01  0.14204454E+02 -0.63248564E+00
  0.45800000E+01  0.13693189E+02 -0.70925157E+00
  0.45900000E+01  0.13166681E+02 -0.86051475E+00
  0.46000000E+01  0.12628137E+02 -0.11341619E+01
  0.46100000E+01  0.12087693E+02 -0.15782255E+01
  0.46200000E+01  0.11565457E+02 -0.22150528E+01
  0.46300000E+01  0.11081402E+02 -0.30409228E+01
  0.46400000E+01  0.10652572E+02 -0.40398479E+01
  0.46500000E+01  0.10308199E+02 -0.51741486E+01
  0.46600000E+01  0.10084632E+02 -0.63844780E+01
  0.46700000E+01  0.99705028E+01 -0.74617591E+01
  0.46800000E+01  0.98572053E+01 -0.84737753E+01
  0.46900000E+01  0.98133872E+01 -0.94905524E+01
  0.47000000E+01  0.97789206E+01 -0.10352472E+02
  0.47100000E+01  0.97337804E+01 -0.11229418E+02
  0.47200000E+01  0.97137346E+01 -0.12136435E+02
  0.47300000E+01  0.97264649E+01 -0.13028469E+02
  0.47400000E+01  0.97707685E+01 -0.13876795E+02
  0.47500000E+01  0.98402618E+01 -0.14664742E+02
  0.47600000E+01  0.99263723E+01 -0.15388783E+02
  0.47700000E+01  0.10022372E+02 -0.16057371E+02
  0.47800000E+01  0.10125317E+02 -0.16683268E+02
  0.47900000E+01  0.10233848E+02 -0.17276410E+02
  0.48000000E+01  0.10345385E+02 -0.17843395E+02
  0.48100000E+01  0.10458752E+02 -0.18396237E+02
  0.48200000E+01  0.10575572E+02 -0.18942580E+02
  0.48300000E+01  0.10698072E+02 -0.19480360E+02
  0.48400000E+01  0.10827184E+02 -0.20007480E+02
  0.48500000E+01  0.10963694E+02 -0.20521222E+02
  0.48600000E+01  0.11107881E+02 -0.21018776E+02
  0.48700000E+01  0.11260016E+02 -0.21497934E+02
  0.48800000E+01  0.11420577E+02 -0.21957298E+02
  0.48900000E+01  0.11589534E+02 -0.22395521E+02
  0.49000000E+01  0.11766512E+02 -0.22809074E+02
  0.49100000E+01  0.11950754E+02 -0.23190977E+02
  0.49200000E+01  0.12138561E+02 -0.23534732E+02
  0.49300000E+01  0.12324702E+02 -0.23840475E+02
  0.49400000E+01  0.12506465E+02 -0.24114965E+02
  0.49500000E+01  0.12682682E+02 -0.24366388E+02
  0.49600000E+01  0.12853607E+02 -0.24601211E+02
  0.49700000E+01  0.13020009E+02 -0.24824204E+02
  0.49800000E+01  0.13182222E+02 -0.25038807E+02
  0.49900000E+01  0.13340872E+02 -0.25246813E+02
  0.50000000E+01  0.13496560E+02 -0.25448248E+02
  0.50100000E+01  0.13649631E+02 -0.25642501E+02
  0.50200000E+01  0.13799552E+02 -0.25829976E+02
  0.50300000E+01  0.13945807E+02 -0.26012105E+02
  0.50400000E+01  0.14089044E+02 -0.26189612E+02
  0.50500000E+01  0.14229633E+02 -0.26362041E+02
  0.50600000E+01  0.14366231E+02 -0.26529862E+02
  0.50700000E+01  0.14497696E+02 -0.26696520E+02
  0.50800000E+01  0.14623965E+02 -0.26869514E+02
  0.50900000E+01  0.14748097E+02 -0.27058813E+02
  0.51000000E+01  0.14876289E+02 -0.27265539E+02
  0.51100000E+01  0.15012241E+02 -0.27475320E+02
  0.51200000E+01  0.15151625E+02 -0.27680794E+02
  0.51300000E+01  0.15293827E+02 -0.27889947E+02
  0.51400000E+01  0.15439507E+02 -0.28102679E+02
  0.51500000E+01  0.15589154E+02 -0.28318185E+02
  0.51600000E+01  0.15743119E+02 -0.28535688E+02
  0.51700000E+01  0.15901654E+02 -0.28754550E+02
  0.51800000E+01  0.16064959E+02 -0.28974314E+02
  0.51900000E+01  0.16233216E+02 -0.29194712E+02
  0.52000000E+01  0.16406640E+02 -0.29415659E+02
  0.52100000E+01  0.16585502E+02 -0.29637215E+02
  0.52200000E+01  0.16770118E+02 -0.29859563E+02
  0.52300000E+01  0.16960826E+02 -0.30082984E+02
  0.52400000E+01  0.17157979E+02 -0.30307887E+02
  0.52500000E+01  0.17361993E+02 -0.30534884E+02
  0.52600000E+01  0.17573406E+02 -0.30764829E+02
  0.52700000E+01  0.17792893E+02 -0.30998644E+02
  0.52800000E+01  0.18021062E+02 -0.31237187E+02
  0.52900000E+01  0.18250867E+02 -0.31481627E+02
  0.53000000E+01  0.18511017E+02 -0.31733541E+02
  0.53100000E+01  0.18770728E+02 -0.31993480E+02
  0.53200000E+01  0.19044167E+02 -0.32260335E+02
  0.53300000E+01  0.19331755E+02 -0.32533330E+02
  0.53400000E+01  0.19635945E+02 -0.32811812E+02
  0.53500000E+01  0.19958890E+02 -0.33093107E+02
  0.53600000E+01  0.20302509E+02 -0.33372879E+02
  0.53700000E+01  0.20667583E+02 -0.33646498E+02
  0.53800000E+01  0.21053869E+02 -0.33910021E+02
  0.53900000E+01  0.21460656E+02 -0.34160905E+02
  0.54000000E+01  0.21887459E+02 -0.34398443E+02
  0.54100000E+01  0.22334500E+02 -0.34623993E+02
  0.54200000E+01  0.22802907E+02 -0.34841314E+02
  0.54300000E+01  0.23294815E+02 -0.35057311E+02
  0.54400000E+01  0.23813566E+02 -0.35282291E+02
  0.54500000E+01  0.24364282E+02 -0.35525950E+02
  0.54600000E+01  0.24955137E+02 -0.35784166E+02
  0.54700000E+01  0.25598823E+02 -0.36019670E+02
  0.54800000E+01  0.26308406E+02 -0.36155257E+02
  0.54900000E+01  0.27075727E+02 -0.36099644E+02
  0.55000000E+01  0.27853814E+02 -0.35796649E+02
  0.55100000E+01  0.28589590E+02 -0.35257316E+02
  0.55200000E+01  0.29255749E+02 -0.34547521E+02
  0.55300000E+01  0.29847098E+02 -0.33747871E+02
  0.55400000E+01  0.30368964E+02 -0.32921470E+02
  0.55500000E+01  0.30829567E+02 -0.32104778E+02
  0.55600000E+01  0.31237386E+02 -0.31313488E+02
  0.55700000E+01  0.31599706E+02 -0.30551521E+02
  0.55800000E+01  0.31922765E+02 -0.29817564E+02
  0.55900000E+01  0.32211533E+02 -0.29108315E+02
  0.56000000E+01  0.32469864E+02 -0.28423877E+02
  0.56100000E+01  0.32702386E+02 -0.27760534E+02
  0.56200000E+01  0.32911715E+02 -0.27115171E+02
  0.56300000E+01  0.33100134E+02 -0.26486397E+02
  0.56400000E+01  0.33269765E+02 -0.25872434E+02
  0.56500000E+01  0.33422499E+02 -0.25271721E+02
  0.56600000E+01  0.33559892E+02 -0.24682834E+02
  0.56700000E+01  0.33683219E+02 -0.24104432E+02
  0.56800000E+01  0.33793682E+02 -0.23535231E+02
  0.56900000E+01  0.33892379E+02 -0.22973978E+02
  0.57000000E+01  0.33980183E+02 -0.22419434E+02
  0.57100000E+01  0.34057779E+02 -0.21870361E+02
  0.57200000E+01  0.34125817E+02 -0.21325512E+02
  0.57300000E+01  0.34184920E+02 -0.20783634E+02
  0.57400000E+01  0.34235572E+02 -0.20243460E+02
  0.57500000E+01  0.34278085E+02 -0.19703722E+02
  0.57600000E+01  0.34312696E+02 -0.19163160E+02
  0.57700000E+01  0.34339653E+02 -0.18620536E+02
  0.57800000E+01  0.34359182E+02 -0.18074659E+02
  0.57900000E+01  0.34371384E+02 -0.17524410E+02
  0.58000000E+01  0.34376216E+02 -0.16968778E+02
  0.58100000E+01  0.34373554E+02 -0.16406890E+02
  0.58200000E+01  0.34363271E+02 -0.15838060E+02
  0.58300000E+01  0.34345216E+02 -0.15261825E+02
  0.58400000E+01  0.34319138E+02 -0.14677993E+02
  0.58500000E+01  0.34284612E+02 -0.14086682E+02
  0.58600000E+01  0.34241056E+02 -0.13488353E+02
  0.58700000E+01  0.34187800E+02 -0.12883842E+02
  0.58800000E+01  0.34124153E+02 -0.12274367E+02
  0.58900000E+01  0.34049408E+02 -0.11661533E+02
  0.59000000E+01  0.33962814E+02 -0.11047305E+02
  0.59100000E+01  0.33863572E+02 -0.10433981E+02
  0.59200000E+01  0.33750897E+02 -0.98241263E+01
  0.59300000E+01  0.33624158E+02 -0.92205128E+01
  0.59400000E+01  0.33483030E+02 -0.86260300E+01
  0.59500000E+01  0.33327602E+02 -0.80435962E+01
  0.59600000E+01  0.33158407E+02 -0.74760640E+01
  0.59700000E+01  0.32976372E+02 -0.69261285E+01
  0.59800000E+01  0.32782712E+02 -0.63962437E+01
  0.59900000E+01  0.32578817E+02 -0.58885501E+01
  0.60000000E+01  0.32366141E+02 -0.54048197E+01
  0.60100000E+01  0.32146125E+02 -0.49464186E+01
  0.60200000E+01  0.31920140E+02 -0.45142890E+01
  0.60300000E+01  0.31689455E+02 -0.41089511E+01
  0.60400000E+01  0.31455225E+02 -0.37305216E+01
  0.60500000E+01  0.31218486E+02 -0.33787473E+01
  0.60600000E+01  0.30980155E+02 -0.30530494E+01
  0.60700000E+01  0.30741039E+02 -0.27525762E+01
  0.60800000E+01  0.30501840E+02 -0.24762579E+01
  0.60900000E+01  0.30263170E+02 -0.22228632E+01
  0.61000000E+01  0.30025551E+02 -0.19910515E+01
  0.61100000E+01  0.29789434E+02 -0.17794208E+01
  0.61200000E+01  0.29555203E+02 -0.15865486E+01
  0.61300000E+01  0.29323183E+02 -0.14110251E+01
  0.61400000E+01  0.29093652E+02 -0.12514793E+01
  0.61500000E+01  0.28866840E+02 -0.11065971E+01
  0.61600000E+01  0.28642938E+02 -0.97513387E+00
  0.61700000E+01  0.28422102E+02 -0.85592111E+00
  0.61800000E+01  0.28204454E+02 -0.74786919E+00
  0.61900000E+01  0.27990089E+02 -0.64996699E+00
  0.62000000E+01  0.27779077E+02 -0.56127940E+00
  0.62100000E+01  0.27571469E+02 -0.48094366E+00
  0.62200000E+01  0.27367294E+02 -0.40816498E+00
  0.62300000E+01  0.27166567E+02 -0.34221218E+00
  0.62400000E+01  0.26969285E+02 -0.28241330E+00
  0.62500000E+01  0.26775427E+02 -0.22815159E+00
  0.62600000E+01  0.26584964E+02 -0.17886181E+00
  0.62700000E+01  0.26397852E+02 -0.13402685E+00
  0.62800000E+01  0.26214042E+02 -0.93174606E-01
  0.62900000E+01  0.26033476E+02 -0.55875018E-01
  0.63000000E+01  0.25856090E+02 -0.21737247E-01
  0.63100000E+01  0.25681814E+02  0.95930931E-02
  0.63200000E+01  0.25510572E+02  0.38436669E-01
  0.63300000E+01  0.25342287E+02  0.65083101E-01
  0.63400000E+01  0.25176881E+02  0.89793556E-01
  0.63500000E+01  0.25014273E+02  0.11280320E+00
  0.63600000E+01  0.24854382E+02  0.13432347E+00
  0.63700000E+01  0.24697126E+02  0.15454404E+00
  0.63800000E+01  0.24542420E+02  0.17363455E+00
  0.63900000E+01  0.24390181E+02  0.19174603E+00
  0.64000000E+01  0.24240327E+02  0.20901209E+00
  0.64100000E+01  0.24092777E+02  0.22554999E+00
  0.64200000E+01  0.23947448E+02  0.24146173E+00
  0.64300000E+01  0.23804258E+02  0.25683531E+00
  0.64400000E+01  0.23663120E+02  0.27174628E+00
  0.64500000E+01  0.23523948E+02  0.28625965E+00
  0.64600000E+01  0.23386659E+02  0.30043230E+00
  0.64700000E+01  0.23251175E+02  0.31431559E+00
  0.64800000E+01  0.23117427E+02  0.32795812E+00
  0.64900000E+01  0.22985352E+02  0.34140844E+00
  0.65000000E+01  0.22854896E+02  0.35471723E+00
  0.65100000E+01  0.22726007E+02  0.36793887E+00
  0.65200000E+01  0.22598636E+02  0.38113207E+00
  0.65300000E+01  0.22472728E+02  0.39435943E+00
  0.65400000E+01  0.22348224E+02  0.40768600E+00
  0.65500000E+01  0.22225057E+02  0.42117691E+00
  0.65600000E+01  0.22103154E+02  0.43489429E+00
  0.65700000E+01  0.21982442E+02  0.44889369E+00
  0.65800000E+01  0.21862841E+02  0.46322039E+00
  0.65900000E+01  0.21744276E+02  0.47790575E+00
  0.66000000E+01  0.21626670E+02  0.49296390E+00
  0.66100000E+01  0.21509948E+02  0.50838878E+00
  0.66200000E+01  0.21394042E+02  0.52415166E+00
  0.66300000E+01  0.21278888E+02  0.54019920E+00
  0.66400000E+01  0.21164428E+02  0.55645196E+00
  0.66500000E+01  0.21050607E+02  0.57280369E+00
  0.66600000E+01  0.20937376E+02  0.58912135E+00
  0.66700000E+01  0.20824694E+02  0.60524645E+00
  0.66800000E+01  0.20712531E+02  0.62099776E+00
  0.66900000E+01  0.20600874E+02  0.63617606E+00
  0.67000000E+01  0.20489727E+02  0.65057084E+00
  0.67100000E+01  0.20379111E+02  0.66396906E+00
  0.67200000E+01  0.20269067E+02  0.67616553E+00
  0.67300000E+01  0.20159653E+02  0.68697425E+00
  0.67400000E+01  0.20050945E+02  0.69623960E+00
  0.67500000E+01  0.19943040E+02  0.70384643E+00
  0.67600000E+01  0.19836046E+02  0.70972776E+00
  0.67700000E+01  0.19730074E+02  0.71386946E+00
  0.67800000E+01  0.19625229E+02  0.71631117E+00
  0.67900000E+01  0.19521608E+02  0.71714363E+00
  0.68000000E+01  0.19419294E+02  0.71650269E+00
  0.68100000E+01  0.19318363E+02  0.71456104E+00
  0.68200000E+01  0.19218882E+02  0.71151864E+00
  0.68300000E+01  0.19120904E+02  0.70759310E+00
  0.68400000E+01  0.19024465E+02  0.70301134E+00
  0.68500000E+01  0.18929584E+02  0.69800308E+00
  0.68600000E+01  0.18836271E+02  0.69279679E+00
  0.68700000E+01  0.18744527E+02  0.68761759E+00
  0.68800000E+01  0.18654355E+02  0.68268663E+00
  0.68900000E+01  0.18565763E+02  0.67822049E+00
  0.69000000E+01  0.18478752E+02  0.67442970E+00
  0.69100000E+01  0.18393315E+02  0.67151504E+00
  0.69200000E+01  0.18309417E+02  0.66966136E+00
  0.69300000E+01  0.18227000E+02  0.66902938E+00
  0.69400000E+01  0.18145981E+02  0.66974702E+00
  0.69500000E+01  0.18066259E+02  0.67190271E+00
  0.69600000E+01  0.17987727E+02  0.67554375E+00
  0.69700000E+01  0.17910293E+02  0.68068119E+00
  0.69800000E+01  0.17833885E+02  0.68730042E+00
  0.69900000E+01  0.17758445E+02  0.69537361E+00
  0.70000000E+01  0.17683918E+02  0.70486833E+00
