  0.00000000E+00 -0.27632649E-03  0.15061834E-12
  0.10000000E-01 -0.19431433E-03 -0.40538206E-04
  0.20000000E-01  0.84833372E-04 -0.46777294E-04
  0.30000000E-01  0.53131692E-03  0.10019482E-03
  0.40000000E-01 -0.34365894E-03  0.24991523E-03
  0.50000000E-01  0.23473912E-03  0.15675263E-03
  0.60000000E-01  0.41559127E-03 -0.18026093E-02
  0.70000000E-01 -0.17300580E-02  0.38061773E-03
  0.80000000E-01 -0.17225676E-03  0.12871909E-03
  0.90000000E-01 -0.17592403E-03  0.63609836E-04
  0.10000000E+00 -0.77673744E-04  0.32566078E-04
  0.11000000E+00 -0.26744145E-04  0.93804820E-05
  0.12000000E+00  0.29355545E-04 -0.62702639E-05
  0.13000000E+00  0.58199646E-04 -0.69784923E-05
  0.14000000E+00  0.59022622E-04 -0.75391314E-05
  0.15000000E+00  0.54878846E-04 -0.83612340E-05
  0.16000000E+00  0.50016181E-04 -0.89410910E-05
  0.17000000E+00  0.45380773E-04 -0.92134244E-05
  0.18000000E+00  0.41308840E-04 -0.92394563E-05
  0.19000000E+00  0.37773364E-04 -0.90819252E-05
  0.20000000E+00  0.34731039E-04 -0.87856591E-05
  0.21000000E+00  0.32166073E-04 -0.83833610E-05
  0.22000000E+00  0.30034947E-04 -0.79002467E-05
  0.23000000E+00  0.28224253E-04 -0.73590690E-05
  0.24000000E+00  0.26543485E-04 -0.67838381E-05
  0.25000000E+00  0.24741241E-04 -0.62001460E-05
  0.26000000E+00  0.22545863E-04 -0.56382786E-05
  0.27000000E+00  0.19742659E-04 -0.51416073E-05
  0.28000000E+00  0.16271556E-04 -0.47766524E-05
  0.29000000E+00  0.12274938E-04 -0.46404966E-05
  0.30000000E+00  0.80216812E-05 -0.48543855E-05
  0.31000000E+00  0.37411522E-05 -0.55104699E-05
  0.32000000E+00 -0.46635416E-06 -0.65865308E-05
  0.33000000E+00 -0.45167153E-05 -0.80287209E-05
  0.34000000E+00 -0.81393424E-05 -0.99883333E-05
  0.35000000E+00 -0.10849870E-04 -0.12528592E-04
  0.36000000E+00 -0.12188884E-04 -0.15257198E-04
  0.37000000E+00 -0.12008828E-04 -0.17762211E-04
  0.38000000E+00 -0.10539619E-04 -0.20002193E-04
  0.39000000E+00 -0.82126720E-05 -0.22037006E-04
  0.40000000E+00 -0.54411419E-05 -0.23755840E-04
  0.41000000E+00 -0.25160028E-05 -0.25071322E-04
  0.42000000E+00  0.38746004E-06 -0.26077956E-04
  0.43000000E+00  0.31711387E-05 -0.26871440E-04
  0.44000000E+00  0.57845597E-05 -0.27409361E-04
  0.45000000E+00  0.82057675E-05 -0.27643547E-04
  0.46000000E+00  0.10430924E-04 -0.27628084E-04
  0.47000000E+00  0.12471004E-04 -0.27414379E-04
  0.48000000E+00  0.14348691E-04 -0.26950656E-04
  0.49000000E+00  0.16093542E-04 -0.26158142E-04
  0.50000000E+00  0.17743961E-04 -0.25019183E-04
  0.51000000E+00  0.19366221E-04 -0.23524871E-04
  0.52000000E+00  0.21100589E-04 -0.21584578E-04
  0.53000000E+00  0.23255030E-04 -0.19050087E-04
  0.54000000E+00  0.26478020E-04 -0.15781527E-04
  0.55000000E+00  0.32024569E-04 -0.11629762E-04
  0.56000000E+00  0.42054249E-04 -0.63517839E-05
  0.57000000E+00  0.59752662E-04  0.41508650E-06
  0.58000000E+00  0.88879821E-04  0.91221296E-05
  0.59000000E+00  0.13225761E-03  0.20307772E-04
  0.60000000E+00  0.18896953E-03  0.34653089E-04
  0.61000000E+00  0.25087899E-03  0.52980116E-04
  0.62000000E+00  0.30032706E-03  0.76067831E-04
  0.63000000E+00  0.31175100E-03  0.10416688E-03
  0.64000000E+00  0.25925568E-03  0.13597329E-03
  0.65000000E+00  0.12918584E-03  0.16665029E-03
  0.66000000E+00 -0.67483100E-04  0.18495677E-03
  0.67000000E+00 -0.29069715E-03  0.17201694E-03
  0.68000000E+00 -0.48051741E-03  0.10864526E-03
  0.69000000E+00 -0.57863140E-03 -0.45717775E-05
  0.70000000E+00 -0.55268671E-03 -0.13302897E-03
  0.71000000E+00 -0.41068194E-03 -0.22950374E-03
  0.72000000E+00 -0.19738583E-03 -0.27200117E-03
  0.73000000E+00  0.25206765E-04 -0.27017245E-03
  0.74000000E+00  0.20264260E-03 -0.24486859E-03
  0.75000000E+00  0.30559249E-03 -0.21236616E-03
  0.76000000E+00  0.33358241E-03 -0.18120706E-03
  0.77000000E+00  0.30660603E-03 -0.15457941E-03
  0.78000000E+00  0.25177936E-03 -0.13298918E-03
  0.79000000E+00  0.19226883E-03 -0.11588846E-03
  0.80000000E+00  0.14206041E-03 -0.10245085E-03
  0.81000000E+00  0.10611156E-03 -0.91890874E-04
  0.82000000E+00  0.83516331E-04 -0.83560242E-04
  0.83000000E+00  0.70819161E-04 -0.76933489E-04
  0.84000000E+00  0.64338525E-04 -0.71628321E-04
  0.85000000E+00  0.61279919E-04 -0.67343973E-04
  0.86000000E+00  0.59815084E-04 -0.63818031E-04
  0.87000000E+00  0.58899247E-04 -0.60910778E-04
  0.88000000E+00  0.58181364E-04 -0.58531514E-04
  0.89000000E+00  0.57558159E-04 -0.56596602E-04
  0.90000000E+00  0.57080675E-04 -0.55038501E-04
  0.91000000E+00  0.56866798E-04 -0.53798868E-04
  0.92000000E+00  0.57048939E-04 -0.52832055E-04
  0.93000000E+00  0.57760788E-04 -0.52106470E-04
  0.94000000E+00  0.59126578E-04 -0.51596699E-04
  0.95000000E+00  0.61252602E-04 -0.51273664E-04
  0.96000000E+00  0.64230965E-04 -0.51105776E-04
  0.97000000E+00  0.68151915E-04 -0.51060700E-04
  0.98000000E+00  0.73088525E-04 -0.51084633E-04
  0.99000000E+00  0.79016581E-04 -0.51065204E-04
  0.10000000E+01  0.85723310E-04 -0.50841861E-04
  0.10100000E+01  0.92850495E-04 -0.50262680E-04
  0.10200000E+01  0.10006005E-03 -0.49262206E-04
  0.10300000E+01  0.10713073E-03 -0.47816121E-04
  0.10400000E+01  0.11381480E-03 -0.45766660E-04
  0.10500000E+01  0.11975870E-03 -0.43050601E-04
  0.10600000E+01  0.12473119E-03 -0.39714829E-04
  0.10700000E+01  0.12816094E-03 -0.35847298E-04
  0.10800000E+01  0.13021927E-03 -0.31875068E-04
  0.10900000E+01  0.13132712E-03 -0.27928917E-04
  0.11000000E+01  0.13170638E-03 -0.24193372E-04
  0.11100000E+01  0.13229528E-03 -0.20777390E-04
  0.11200000E+01  0.13651774E-03 -0.16911120E-04
  0.11300000E+01  0.13060307E-03 -0.85004367E-05
  0.11400000E+01  0.14384301E-03  0.22817191E-05
  0.11500000E+01  0.10880138E-03 -0.29280114E-05
  0.11600000E+01  0.10152877E-03 -0.20728074E-05
  0.11700000E+01  0.97069795E-04 -0.22510532E-05
  0.11800000E+01  0.92157865E-04 -0.24568191E-05
  0.11900000E+01  0.88516336E-04 -0.26863086E-05
  0.12000000E+01  0.85903966E-04 -0.27969436E-05
  0.12100000E+01  0.83936661E-04 -0.28075272E-05
  0.12200000E+01  0.82537381E-04 -0.27929994E-05
  0.12300000E+01  0.81851098E-04 -0.27018119E-05
  0.12400000E+01  0.81694355E-04 -0.25692966E-05
  0.12500000E+01  0.81987169E-04 -0.25006122E-05
  0.12600000E+01  0.82743170E-04 -0.25109172E-05
  0.12700000E+01  0.84012562E-04 -0.25898606E-05
  0.12800000E+01  0.85844067E-04 -0.26499126E-05
  0.12900000E+01  0.88073799E-04 -0.26101313E-05
  0.13000000E+01  0.90438662E-04 -0.24662799E-05
  0.13100000E+01  0.92744802E-04 -0.22248151E-05
  0.13200000E+01  0.94871789E-04 -0.19166782E-05
  0.13300000E+01  0.96792537E-04 -0.15891558E-05
  0.13400000E+01  0.98516060E-04 -0.12037228E-05
  0.13500000E+01  0.99991145E-04 -0.84385562E-06
  0.13600000E+01  0.10134967E-03 -0.50099815E-06
  0.13700000E+01  0.10266269E-03 -0.12480081E-06
  0.13800000E+01  0.10385754E-03  0.30243930E-06
  0.13900000E+01  0.10491483E-03  0.78594665E-06
  0.14000000E+01  0.10582858E-03  0.13170895E-05
  0.14100000E+01  0.10660027E-03  0.19016160E-05
  0.14200000E+01  0.10724220E-03  0.25220901E-05
  0.14300000E+01  0.10774568E-03  0.31729679E-05
  0.14400000E+01  0.10809881E-03  0.38845853E-05
  0.14500000E+01  0.10830557E-03  0.44725316E-05
  0.14600000E+01  0.10838505E-03  0.51425161E-05
  0.14700000E+01  0.10836695E-03  0.57087773E-05
  0.14800000E+01  0.10828956E-03  0.63106590E-05
  0.14900000E+01  0.10820355E-03  0.68294758E-05
  0.15000000E+01  0.10816553E-03  0.73147693E-05
  0.15100000E+01  0.10820727E-03  0.77808897E-05
  0.15200000E+01  0.10834525E-03  0.82374357E-05
  0.15300000E+01  0.10858136E-03  0.86941334E-05
  0.15400000E+01  0.10891586E-03  0.91571656E-05
  0.15500000E+01  0.10934757E-03  0.96164569E-05
  0.15600000E+01  0.10986156E-03  0.10315985E-04
  0.15700000E+01  0.11044341E-03  0.10674915E-04
  0.15800000E+01  0.11106981E-03  0.11223828E-04
  0.15900000E+01  0.11170447E-03  0.11807994E-04
  0.16000000E+01  0.11231000E-03  0.12420067E-04
  0.16100000E+01  0.11286201E-03  0.13054534E-04
  0.16200000E+01  0.11335133E-03  0.13696748E-04
  0.16300000E+01  0.11378800E-03  0.14338928E-04
  0.16400000E+01  0.11416267E-03  0.14978605E-04
  0.16500000E+01  0.11447868E-03  0.15610038E-04
  0.16600000E+01  0.11474209E-03  0.16218955E-04
  0.16700000E+01  0.11503153E-03  0.16825133E-04
  0.16800000E+01  0.11521408E-03  0.17410063E-04
  0.16900000E+01  0.11539900E-03  0.17935467E-04
  0.17000000E+01  0.11575782E-03  0.18476484E-04
  0.17100000E+01  0.11610307E-03  0.19053292E-04
  0.17200000E+01  0.11644287E-03  0.19652623E-04
  0.17300000E+01  0.11675507E-03  0.20266688E-04
  0.17400000E+01  0.11703558E-03  0.20883867E-04
  0.17500000E+01  0.11728089E-03  0.21500299E-04
  0.17600000E+01  0.11750768E-03  0.22095071E-04
  0.17700000E+01  0.11775246E-03  0.22675691E-04
  0.17800000E+01  0.11796641E-03  0.23239621E-04
  0.17900000E+01  0.11818605E-03  0.23712220E-04
  0.18000000E+01  0.11855055E-03  0.24093947E-04
  0.18100000E+01  0.11901394E-03  0.24438855E-04
  0.18200000E+01  0.11955120E-03  0.24726118E-04
  0.18300000E+01  0.12021551E-03  0.24837657E-04
  0.18400000E+01  0.12184825E-03  0.24802401E-04
  0.18500000E+01  0.12481336E-03  0.25287606E-04
  0.18600000E+01  0.12718593E-03  0.26129629E-04
  0.18700000E+01  0.12977151E-03  0.27097472E-04
  0.18800000E+01  0.13237609E-03  0.28162935E-04
  0.18900000E+01  0.13504708E-03  0.29409493E-04
  0.19000000E+01  0.13740739E-03  0.30843184E-04
  0.19100000E+01  0.13965010E-03  0.32194247E-04
  0.19200000E+01  0.14192646E-03  0.33579891E-04
  0.19300000E+01  0.14427061E-03  0.35009749E-04
  0.19400000E+01  0.14672433E-03  0.36522091E-04
  0.19500000E+01  0.14926683E-03  0.38149803E-04
  0.19600000E+01  0.15185871E-03  0.39902321E-04
  0.19700000E+01  0.15448019E-03  0.41781684E-04
  0.19800000E+01  0.15713178E-03  0.43820916E-04
  0.19900000E+01  0.15976318E-03  0.46034620E-04
  0.20000000E+01  0.16224931E-03  0.48476299E-04
  0.20100000E+01  0.16459418E-03  0.51053576E-04
  0.20200000E+01  0.16676880E-03  0.53859177E-04
  0.20300000E+01  0.16850113E-03  0.56850119E-04
  0.20400000E+01  0.16987958E-03  0.59925062E-04
  0.20500000E+01  0.17123256E-03  0.63201436E-04
  0.20600000E+01  0.17095882E-03  0.66893629E-04
  0.20700000E+01  0.17062356E-03  0.69919709E-04
  0.20800000E+01  0.16855401E-03  0.73015316E-04
  0.20900000E+01  0.16479320E-03  0.75607481E-04
  0.21000000E+01  0.16083903E-03  0.77078628E-04
  0.21100000E+01  0.15871007E-03  0.77646635E-04
  0.21200000E+01  0.15944555E-03  0.78083306E-04
  0.21300000E+01  0.16386725E-03  0.78952091E-04
  0.21400000E+01  0.17249873E-03  0.81729721E-04
  0.21500000E+01  0.17685121E-03  0.88639382E-04
  0.21600000E+01  0.17195841E-03  0.90661556E-04
  0.21700000E+01  0.18153850E-03  0.93150031E-04
  0.21800000E+01  0.19155017E-03  0.99276262E-04
  0.21900000E+01  0.20036733E-03  0.10580800E-03
  0.22000000E+01  0.21173411E-03  0.11377703E-03
  0.22100000E+01  0.22966286E-03  0.12394556E-03
  0.22200000E+01  0.26067940E-03  0.13872781E-03
  0.22300000E+01  0.31454096E-03  0.16554711E-03
  0.22400000E+01  0.43054155E-03  0.26243766E-03
  0.22500000E+01  0.10777561E-03  0.25852381E-03
  0.22600000E+01  0.97873528E-04  0.23763745E-03
  0.22700000E+01  0.22652982E-04  0.26412662E-03
  0.22800000E+01 -0.81750757E-04  0.22841178E-03
  0.22900000E+01 -0.28857428E-04  0.20011510E-03
  0.23000000E+01 -0.27480272E-04  0.18785922E-03
  0.23100000E+01 -0.58781409E-04  0.17071642E-03
  0.23200000E+01 -0.38518365E-04  0.15589165E-03
  0.23300000E+01 -0.25901546E-04  0.14856141E-03
  0.23400000E+01 -0.17542554E-04  0.14238373E-03
  0.23500000E+01 -0.84951361E-05  0.13884475E-03
  0.23600000E+01 -0.13486139E-05  0.13664413E-03
  0.23700000E+01  0.37473913E-05  0.13518106E-03
  0.23800000E+01  0.72680110E-05  0.13416349E-03
  0.23900000E+01  0.95364448E-05  0.13339267E-03
  0.24000000E+01  0.10737115E-04  0.13278630E-03
  0.24100000E+01  0.11083585E-04  0.13229355E-03
  0.24200000E+01  0.10760372E-04  0.13187858E-03
  0.24300000E+01  0.99046860E-05  0.13152320E-03
  0.24400000E+01  0.86311973E-05  0.13118130E-03
  0.24500000E+01  0.70660716E-05  0.13079054E-03
  0.24600000E+01  0.53870578E-05  0.13033527E-03
  0.24700000E+01  0.36331016E-05  0.12983776E-03
  0.24800000E+01  0.18505062E-05  0.12931129E-03
  0.24900000E+01  0.10830268E-06  0.12879883E-03
  0.25000000E+01 -0.15968634E-05  0.12830812E-03
  0.25100000E+01 -0.33051344E-05  0.12783202E-03
  0.25200000E+01 -0.50220380E-05  0.12737128E-03
  0.25300000E+01 -0.69112029E-05  0.12690205E-03
  0.25400000E+01 -0.88123701E-05  0.12634133E-03
  0.25500000E+01 -0.10525257E-04  0.12571842E-03
  0.25600000E+01 -0.12035183E-04  0.12509345E-03
  0.25700000E+01 -0.13590213E-04  0.12451446E-03
  0.25800000E+01 -0.15222516E-04  0.12394243E-03
  0.25900000E+01 -0.16789318E-04  0.12328205E-03
  0.26000000E+01 -0.18255952E-04  0.12260280E-03
  0.26100000E+01 -0.19879248E-04  0.12198574E-03
  0.26200000E+01 -0.21837328E-04  0.12132255E-03
  0.26300000E+01 -0.23960655E-04  0.12048149E-03
  0.26400000E+01 -0.26025400E-04  0.11955043E-03
  0.26500000E+01 -0.28023216E-04  0.11858503E-03
  0.26600000E+01 -0.30055629E-04  0.11758090E-03
  0.26700000E+01 -0.32178645E-04  0.11652717E-03
  0.26800000E+01 -0.34387642E-04  0.11541391E-03
  0.26900000E+01 -0.36650323E-04  0.11423231E-03
  0.27000000E+01 -0.38920922E-04  0.11296797E-03
  0.27100000E+01 -0.41144186E-04  0.11160428E-03
  0.27200000E+01 -0.43265544E-04  0.11013382E-03
  0.27300000E+01 -0.45240312E-04  0.10856778E-03
  0.27400000E+01 -0.47042324E-04  0.10693417E-03
  0.27500000E+01 -0.48668303E-04  0.10526566E-03
  0.27600000E+01 -0.50137313E-04  0.10358613E-03
  0.27700000E+01 -0.51486600E-04  0.10190580E-03
  0.27800000E+01 -0.52764930E-04  0.10022624E-03
  0.27900000E+01 -0.54023838E-04  0.98547956E-04
  0.28000000E+01 -0.55306791E-04  0.96872366E-04
  0.28100000E+01 -0.56639365E-04  0.95197311E-04
  0.28200000E+01 -0.58026427E-04  0.93512767E-04
  0.28300000E+01 -0.59456550E-04  0.91803824E-04
  0.28400000E+01 -0.60904544E-04  0.90059790E-04
  0.28500000E+01 -0.62331165E-04  0.88277962E-04
  0.28600000E+01 -0.63695250E-04  0.86465315E-04
  0.28700000E+01 -0.64977569E-04  0.84638880E-04
  0.28800000E+01 -0.66187983E-04  0.82796168E-04
  0.28900000E+01 -0.67346056E-04  0.80921956E-04
  0.29000000E+01 -0.68458375E-04  0.79005036E-04
  0.29100000E+01 -0.69509050E-04  0.77034918E-04
  0.29200000E+01 -0.70462348E-04  0.75019983E-04
  0.29300000E+01 -0.71284016E-04  0.72974017E-04
  0.29400000E+01 -0.71975095E-04  0.70907681E-04
  0.29500000E+01 -0.72562774E-04  0.68814183E-04
  0.29600000E+01 -0.73051468E-04  0.66671322E-04
  0.29700000E+01 -0.73407398E-04  0.64475402E-04
  0.29800000E+01 -0.73567264E-04  0.62223179E-04
  0.29900000E+01 -0.73456012E-04  0.59929285E-04
  0.30000000E+01 -0.73030839E-04  0.57650632E-04
  0.30100000E+01 -0.72316969E-04  0.55421784E-04
  0.30200000E+01 -0.71404822E-04  0.53227498E-04
  0.30300000E+01 -0.70390581E-04  0.51050296E-04
  0.30400000E+01 -0.69320719E-04  0.48874670E-04
  0.30500000E+01 -0.68287106E-04  0.46719039E-04
  0.30600000E+01 -0.67507201E-04  0.44593161E-04
  0.30700000E+01 -0.67275417E-04  0.42437827E-04
  0.30800000E+01 -0.68004298E-04  0.40176160E-04
  0.30900000E+01 -0.70495002E-04  0.37731056E-04
  0.31000000E+01 -0.74573644E-04  0.35090358E-04
  0.31100000E+01 -0.68493531E-04  0.38593050E-04
  0.31200000E+01 -0.72974688E-04  0.22824901E-04
  0.31300000E+01 -0.71206411E-04  0.21040529E-04
  0.31400000E+01 -0.66386177E-04  0.18250298E-04
  0.31500000E+01 -0.60974873E-04  0.15885885E-04
  0.31600000E+01 -0.56473381E-04  0.13966928E-04
  0.31700000E+01 -0.51893613E-04  0.12419186E-04
  0.31800000E+01 -0.47172665E-04  0.11202984E-04
  0.31900000E+01 -0.42626776E-04  0.10276689E-04
  0.32000000E+01 -0.38295183E-04  0.96178988E-05
  0.32100000E+01 -0.34095250E-04  0.92190111E-05
  0.32200000E+01 -0.30001318E-04  0.90332210E-05
  0.32300000E+01 -0.26035247E-04  0.90601813E-05
  0.32400000E+01 -0.22206470E-04  0.92774831E-05
  0.32500000E+01 -0.18498350E-04  0.96836310E-05
  0.32600000E+01 -0.14884911E-04  0.10271168E-04
  0.32700000E+01 -0.11341885E-04  0.11033540E-04
  0.32800000E+01 -0.78474908E-05  0.11997394E-04
  0.32900000E+01 -0.43768582E-05  0.13144449E-04
  0.33000000E+01 -0.90653057E-06  0.14535738E-04
  0.33100000E+01  0.25641326E-05  0.16191042E-04
  0.33200000E+01  0.59884094E-05  0.18168701E-04
  0.33300000E+01  0.90157034E-05  0.20644436E-04
  0.33400000E+01  0.10755053E-04  0.23387081E-04
  0.33500000E+01  0.10750853E-04  0.26219826E-04
  0.33600000E+01  0.76696948E-05  0.28322428E-04
  0.33700000E+01  0.39639826E-05  0.29022927E-04
  0.33800000E+01 -0.14734443E-05  0.28589901E-04
  0.33900000E+01 -0.45037621E-05  0.25094689E-04
  0.34000000E+01  0.71317508E-05  0.20586929E-04
  0.34100000E+01  0.14458852E-04  0.22507903E-04
  0.34200000E+01  0.19182373E-04  0.24809642E-04
  0.34300000E+01  0.22664943E-04  0.27242691E-04
  0.34400000E+01  0.25459426E-04  0.29765167E-04
  0.34500000E+01  0.27711490E-04  0.32338191E-04
  0.34600000E+01  0.29612370E-04  0.34933375E-04
  0.34700000E+01  0.31349504E-04  0.37523587E-04
  0.34800000E+01  0.33125524E-04  0.40088420E-04
  0.34900000E+01  0.35134107E-04  0.42648654E-04
  0.35000000E+01  0.37522558E-04  0.45279844E-04
  0.35100000E+01  0.40351199E-04  0.48084471E-04
  0.35200000E+01  0.43552766E-04  0.51210847E-04
  0.35300000E+01  0.46903370E-04  0.54821967E-04
  0.35400000E+01  0.50012641E-04  0.59012745E-04
  0.35500000E+01  0.52336625E-04  0.63795539E-04
  0.35600000E+01  0.53215392E-04  0.69121083E-04
  0.35700000E+01  0.51937171E-04  0.74889403E-04
  0.35800000E+01  0.47831037E-04  0.80906506E-04
  0.35900000E+01  0.40384336E-04  0.86858253E-04
  0.36000000E+01  0.29376195E-04  0.92282135E-04
  0.36100000E+01  0.15009170E-04  0.96613182E-04
  0.36200000E+01 -0.19663602E-05  0.99199869E-04
  0.36300000E+01 -0.20140374E-04  0.99548660E-04
  0.36400000E+01 -0.37483088E-04  0.97543207E-04
  0.36500000E+01 -0.51786213E-04  0.93593516E-04
  0.36600000E+01 -0.61402895E-04  0.88580565E-04
  0.36700000E+01 -0.65747596E-04  0.83527979E-04
  0.36800000E+01 -0.65304202E-04  0.79199832E-04
  0.36900000E+01 -0.61436537E-04  0.76033612E-04
  0.37000000E+01 -0.56195917E-04  0.74170093E-04
  0.37100000E+01 -0.51974702E-04  0.73519665E-04
  0.37200000E+01 -0.50925453E-04  0.73841801E-04
  0.37300000E+01 -0.54321351E-04  0.74671502E-04
  0.37400000E+01 -0.62133578E-04  0.75059616E-04
  0.37500000E+01 -0.73038741E-04  0.73771234E-04
  0.37600000E+01 -0.84897747E-04  0.70257597E-04
  0.37700000E+01 -0.95516516E-04  0.65061590E-04
  0.37800000E+01 -0.10333862E-03  0.59078022E-04
  0.37900000E+01 -0.10775511E-03  0.52952907E-04
  0.38000000E+01 -0.10891871E-03  0.47062758E-04
  0.38100000E+01 -0.10725417E-03  0.41604386E-04
  0.38200000E+01 -0.10329535E-03  0.36649532E-04
  0.38300000E+01 -0.98291281E-04  0.32272394E-04
  0.38400000E+01 -0.93986231E-04  0.28733166E-04
  0.38500000E+01 -0.90437102E-04  0.24618883E-04
  0.38600000E+01 -0.80412611E-04  0.28394059E-04
  0.38700000E+01 -0.77930574E-04  0.16551775E-04
  0.38800000E+01 -0.69824247E-04  0.16058421E-04
  0.38900000E+01 -0.57793343E-04  0.24682917E-04
  0.39000000E+01 -0.63145956E-04  0.10557188E-04
  0.39100000E+01 -0.59006869E-04  0.12326009E-04
  0.39200000E+01 -0.54523688E-04  0.10369032E-04
  0.39300000E+01 -0.50833175E-04  0.12241529E-04
  0.39400000E+01 -0.50796280E-04  0.10651340E-04
  0.39500000E+01 -0.48587736E-04  0.99053282E-05
  0.39600000E+01 -0.47869473E-04  0.90558570E-05
  0.39700000E+01 -0.47384506E-04  0.80622892E-05
  0.39800000E+01 -0.46434261E-04  0.56786685E-05
  0.39900000E+01 -0.38809285E-04  0.59973380E-05
  0.40000000E+01 -0.36629342E-04  0.43627670E-05
  0.40100000E+01 -0.31495225E-04  0.83867031E-05
  0.40200000E+01 -0.37250036E-04  0.90733788E-05
  0.40300000E+01 -0.41944983E-04  0.85124904E-05
  0.40400000E+01 -0.38867243E-04  0.58941366E-05
  0.40500000E+01 -0.37082607E-04  0.47337935E-05
  0.40600000E+01 -0.34970483E-04  0.37278262E-05
  0.40700000E+01 -0.32993438E-04  0.29697742E-05
  0.40800000E+01 -0.29658643E-04  0.21006092E-05
  0.40900000E+01 -0.26813640E-04  0.25150592E-05
  0.41000000E+01 -0.25431823E-04  0.29454678E-05
  0.41100000E+01 -0.24513545E-04  0.33080808E-05
  0.41200000E+01 -0.23840442E-04  0.36069613E-05
  0.41300000E+01 -0.23282755E-04  0.38614396E-05
  0.41400000E+01 -0.22799679E-04  0.40820518E-05
  0.41500000E+01 -0.22380263E-04  0.42680734E-05
  0.41600000E+01 -0.22019297E-04  0.44157554E-05
  0.41700000E+01 -0.21783503E-04  0.45283328E-05
  0.41800000E+01 -0.21640035E-04  0.44751140E-05
  0.41900000E+01 -0.21222287E-04  0.43915469E-05
  0.42000000E+01 -0.20796717E-04  0.43997194E-05
  0.42100000E+01 -0.20465348E-04  0.44132435E-05
  0.42200000E+01 -0.20170477E-04  0.44193744E-05
  0.42300000E+01 -0.19873496E-04  0.44262746E-05
  0.42400000E+01 -0.19570437E-04  0.44389769E-05
  0.42500000E+01 -0.19266129E-04  0.44560408E-05
  0.42600000E+01 -0.18965351E-04  0.44784934E-05
  0.42700000E+01 -0.18671051E-04  0.45059214E-05
  0.42800000E+01 -0.18387396E-04  0.45376001E-05
  0.42900000E+01 -0.18119251E-04  0.45729345E-05
  0.43000000E+01 -0.17871640E-04  0.46119247E-05
  0.43100000E+01 -0.17650384E-04  0.46527262E-05
  0.43200000E+01 -0.17457641E-04  0.46930672E-05
  0.43300000E+01 -0.17294478E-04  0.47306778E-05
  0.43400000E+01 -0.17160762E-04  0.47630864E-05
  0.43500000E+01 -0.17055008E-04  0.47878531E-05
  0.43600000E+01 -0.16974227E-04  0.48030302E-05
  0.43700000E+01 -0.16913889E-04  0.48071913E-05
  0.43800000E+01 -0.16867785E-04  0.47991438E-05
  0.43900000E+01 -0.16827870E-04  0.47781205E-05
  0.44000000E+01 -0.16784696E-04  0.47447018E-05
  0.44100000E+01 -0.16726527E-04  0.47029857E-05
  0.44200000E+01 -0.16664059E-04  0.46701862E-05
  0.44300000E+01 -0.16677905E-04  0.46099127E-05
  0.44400000E+01 -0.16634001E-04  0.45097684E-05
  0.44500000E+01 -0.16546595E-04  0.44109089E-05
  0.44600000E+01 -0.16426889E-04  0.42964100E-05
  0.44700000E+01 -0.16266793E-04  0.41726074E-05
  0.44800000E+01 -0.16058800E-04  0.40422873E-05
  0.44900000E+01 -0.15789129E-04  0.39162455E-05
  0.45000000E+01 -0.15493362E-04  0.37955100E-05
  0.45100000E+01 -0.15161928E-04  0.36788371E-05
  0.45200000E+01 -0.14795490E-04  0.35691097E-05
  0.45300000E+01 -0.14394098E-04  0.34692553E-05
  0.45400000E+01 -0.13958562E-04  0.33820662E-05
  0.45500000E+01 -0.13489942E-04  0.33097855E-05
  0.45600000E+01 -0.12989969E-04  0.32543429E-05
  0.45700000E+01 -0.12461330E-04  0.32172132E-05
  0.45800000E+01 -0.11908163E-04  0.31995113E-05
  0.45900000E+01 -0.11336764E-04  0.32020834E-05
  0.46000000E+01 -0.10756486E-04  0.32255700E-05
  0.46100000E+01 -0.10183902E-04  0.32705390E-05
  0.46200000E+01 -0.96471972E-05  0.33361070E-05
  0.46300000E+01 -0.91670771E-05  0.34160910E-05
  0.46400000E+01 -0.87679152E-05  0.35017948E-05
  0.46500000E+01 -0.87108266E-05  0.35430974E-05
  0.46600000E+01 -0.81158465E-05  0.32719472E-05
  0.46700000E+01 -0.71788603E-05  0.35837811E-05
  0.46800000E+01 -0.71148393E-05  0.37109017E-05
  0.46900000E+01 -0.68611637E-05  0.37856104E-05
  0.47000000E+01 -0.66715114E-05  0.38518554E-05
  0.47100000E+01 -0.65191895E-05  0.39004073E-05
  0.47200000E+01 -0.63741052E-05  0.39463302E-05
  0.47300000E+01 -0.62555408E-05  0.39900701E-05
  0.47400000E+01 -0.61741433E-05  0.40185238E-05
  0.47500000E+01 -0.61103480E-05  0.40310547E-05
  0.47600000E+01 -0.60433639E-05  0.40314130E-05
  0.47700000E+01 -0.59618045E-05  0.40210765E-05
  0.47800000E+01 -0.58640716E-05  0.40044718E-05
  0.47900000E+01 -0.57576336E-05  0.39898193E-05
  0.48000000E+01 -0.56555368E-05  0.39806054E-05
  0.48100000E+01 -0.55672708E-05  0.39724208E-05
  0.48200000E+01 -0.54891602E-05  0.39602833E-05
  0.48300000E+01 -0.54178913E-05  0.39403249E-05
  0.48400000E+01 -0.53400696E-05  0.39116256E-05
  0.48500000E+01 -0.52480858E-05  0.38822751E-05
  0.48600000E+01 -0.51452602E-05  0.38623919E-05
  0.48700000E+01 -0.50433917E-05  0.38529479E-05
  0.48800000E+01 -0.49543099E-05  0.38485420E-05
  0.48900000E+01 -0.48824645E-05  0.38442700E-05
  0.49000000E+01 -0.48232979E-05  0.38356570E-05
  0.49100000E+01 -0.47669468E-05  0.38200223E-05
  0.49200000E+01 -0.47033522E-05  0.37980413E-05
  0.49300000E+01 -0.46255905E-05  0.37711076E-05
  0.49400000E+01 -0.45307704E-05  0.37406047E-05
  0.49500000E+01 -0.44193384E-05  0.37094444E-05
  0.49600000E+01 -0.42938827E-05  0.36819181E-05
  0.49700000E+01 -0.41582758E-05  0.36611362E-05
  0.49800000E+01 -0.40174302E-05  0.36473944E-05
  0.49900000E+01 -0.38773921E-05  0.36397421E-05
  0.50000000E+01 -0.37452823E-05  0.36370281E-05
  0.50100000E+01 -0.36289514E-05  0.36374879E-05
  0.50200000E+01 -0.35362519E-05  0.36390472E-05
  0.50300000E+01 -0.34730354E-05  0.36393305E-05
  0.50400000E+01 -0.34404431E-05  0.36349287E-05
  0.50500000E+01 -0.34338097E-05  0.36216333E-05
  0.50600000E+01 -0.34434530E-05  0.35982897E-05
  0.50700000E+01 -0.34590223E-05  0.35648750E-05
  0.50800000E+01 -0.34776612E-05  0.35238823E-05
  0.50900000E+01 -0.35041215E-05  0.34764506E-05
  0.51000000E+01 -0.35392852E-05  0.34200101E-05
  0.51100000E+01 -0.35746095E-05  0.33533624E-05
  0.51200000E+01 -0.35975615E-05  0.32772426E-05
  0.51300000E+01 -0.35973767E-05  0.31929940E-05
  0.51400000E+01 -0.35658031E-05  0.31015320E-05
  0.51500000E+01 -0.34971382E-05  0.30035210E-05
  0.51600000E+01 -0.33885278E-05  0.29003682E-05
  0.51700000E+01 -0.32400800E-05  0.27951525E-05
  0.51800000E+01 -0.30547231E-05  0.26925004E-05
  0.51900000E+01 -0.28378256E-05  0.25972015E-05
  0.52000000E+01 -0.25966121E-05  0.25124717E-05
  0.52100000E+01 -0.23394315E-05  0.24392597E-05
  0.52200000E+01 -0.20749815E-05  0.23772005E-05
  0.52300000E+01 -0.18115608E-05  0.23260203E-05
  0.52400000E+01 -0.15564352E-05  0.22858050E-05
  0.52500000E+01 -0.13151898E-05  0.22561017E-05
  0.52600000E+01 -0.10908717E-05  0.22352783E-05
  0.52700000E+01 -0.88300206E-06  0.22210116E-05
  0.52800000E+01 -0.68786276E-06  0.22113243E-05
  0.52900000E+01 -0.49999259E-06  0.22204002E-05
  0.53000000E+01 -0.30894285E-06  0.21891129E-05
  0.53100000E+01 -0.95837780E-07  0.21862278E-05
  0.53200000E+01  0.14620644E-06  0.21960250E-05
  0.53300000E+01  0.39912926E-06  0.22247866E-05
  0.53400000E+01  0.65289036E-06  0.22663235E-05
  0.53500000E+01  0.91443861E-06  0.23191609E-05
  0.53600000E+01  0.11917028E-05  0.23815723E-05
  0.53700000E+01  0.14912757E-05  0.24526443E-05
  0.53800000E+01  0.18192753E-05  0.25340387E-05
  0.53900000E+01  0.21811094E-05  0.26312520E-05
  0.54000000E+01  0.25816680E-05  0.27529265E-05
  0.54100000E+01  0.30273284E-05  0.29090681E-05
  0.54200000E+01  0.35308686E-05  0.31095546E-05
  0.54300000E+01  0.41141478E-05  0.33639812E-05
  0.54400000E+01  0.47882963E-05  0.36834611E-05
  0.54500000E+01  0.54868993E-05  0.40851219E-05
  0.54600000E+01  0.59813030E-05  0.45980040E-05
  0.54700000E+01  0.59044115E-05  0.52502026E-05
  0.54800000E+01  0.49838683E-05  0.59666285E-05
  0.54900000E+01  0.33317653E-05  0.64336901E-05
  0.55000000E+01  0.14568109E-05  0.64067964E-05
  0.55100000E+01 -0.72607364E-07  0.60335961E-05
  0.55200000E+01 -0.97255829E-06  0.55346975E-05
  0.55300000E+01 -0.12890728E-05  0.50396505E-05
  0.55400000E+01 -0.12204502E-05  0.45925349E-05
  0.55500000E+01 -0.95308281E-06  0.42060064E-05
  0.55600000E+01 -0.60495971E-06  0.38781066E-05
  0.55700000E+01 -0.23545595E-06  0.36033558E-05
  0.55800000E+01  0.12973487E-06  0.33797287E-05
  0.55900000E+01  0.47925990E-06  0.32014136E-05
  0.56000000E+01  0.80467049E-06  0.30632017E-05
  0.56100000E+01  0.11021842E-05  0.29579702E-05
  0.56200000E+01  0.13786783E-05  0.28788233E-05
  0.56300000E+01  0.16278591E-05  0.28179254E-05
  0.56400000E+01  0.18524963E-05  0.27677133E-05
  0.56500000E+01  0.20573651E-05  0.27206259E-05
  0.56600000E+01  0.22499325E-05  0.26695793E-05
  0.56700000E+01  0.24398695E-05  0.26107953E-05
  0.56800000E+01  0.26381178E-05  0.25431840E-05
  0.56900000E+01  0.28558660E-05  0.24665024E-05
  0.57000000E+01  0.31034042E-05  0.23822082E-05
  0.57100000E+01  0.33890457E-05  0.22952436E-05
  0.57200000E+01  0.37182573E-05  0.22135150E-05
  0.57300000E+01  0.40930886E-05  0.21456115E-05
  0.57400000E+01  0.45119671E-05  0.20991224E-05
  0.57500000E+01  0.49698592E-05  0.20800114E-05
  0.57600000E+01  0.54587770E-05  0.20919614E-05
  0.57700000E+01  0.59685422E-05  0.21354701E-05
  0.57800000E+01  0.64877225E-05  0.22077135E-05
  0.57900000E+01  0.70045993E-05  0.23037578E-05
  0.58000000E+01  0.75080661E-05  0.24183398E-05
  0.58100000E+01  0.79883610E-05  0.25470563E-05
  0.58200000E+01  0.84375752E-05  0.26866430E-05
  0.58300000E+01  0.88499023E-05  0.28348921E-05
  0.58400000E+01  0.92216431E-05  0.29906546E-05
  0.58500000E+01  0.95509948E-05  0.31538004E-05
  0.58600000E+01  0.98376842E-05  0.33248500E-05
  0.58700000E+01  0.10082514E-04  0.35043836E-05
  0.58800000E+01  0.10286889E-04  0.36926276E-05
  0.58900000E+01  0.10452383E-04  0.38893829E-05
  0.59000000E+01  0.10580418E-04  0.40940631E-05
  0.59100000E+01  0.10672057E-04  0.43055807E-05
  0.59200000E+01  0.10727949E-04  0.45221669E-05
  0.59300000E+01  0.10748396E-04  0.47414171E-05
  0.59400000E+01  0.10733524E-04  0.49606275E-05
  0.59500000E+01  0.10683495E-04  0.51771814E-05
  0.59600000E+01  0.10598741E-04  0.53887486E-05
  0.59700000E+01  0.10480151E-04  0.55932992E-05
  0.59800000E+01  0.10329208E-04  0.57890662E-05
  0.59900000E+01  0.10148036E-04  0.59745424E-05
  0.60000000E+01  0.99393780E-05  0.61485071E-05
  0.60100000E+01  0.97064994E-05  0.63100480E-05
  0.60200000E+01  0.94530515E-05  0.64585572E-05
  0.60300000E+01  0.91829027E-05  0.65937032E-05
  0.60400000E+01  0.88999688E-05  0.67153895E-05
  0.60500000E+01  0.86080549E-05  0.68237133E-05
  0.60600000E+01  0.83107211E-05  0.69189235E-05
  0.60700000E+01  0.80111862E-05  0.70013852E-05
  0.60800000E+01  0.77122612E-05  0.70715514E-05
  0.60900000E+01  0.74163224E-05  0.71299376E-05
  0.61000000E+01  0.71253114E-05  0.71771017E-05
  0.61100000E+01  0.68407613E-05  0.72136258E-05
  0.61200000E+01  0.65638400E-05  0.72400981E-05
  0.61300000E+01  0.62954023E-05  0.72570931E-05
  0.61400000E+01  0.60360451E-05  0.72651555E-05
  0.61500000E+01  0.57861614E-05  0.72647927E-05
  0.61600000E+01  0.55459881E-05  0.72564799E-05
  0.61700000E+01  0.53156467E-05  0.72406720E-05
  0.61800000E+01  0.50951763E-05  0.72178153E-05
  0.61900000E+01  0.48845592E-05  0.71883509E-05
  0.62000000E+01  0.46837424E-05  0.71527017E-05
  0.62100000E+01  0.44926562E-05  0.71112569E-05
  0.62200000E+01  0.43112311E-05  0.70643633E-05
  0.62300000E+01  0.41394136E-05  0.70123310E-05
  0.62400000E+01  0.39771839E-05  0.69554546E-05
  0.62500000E+01  0.38245708E-05  0.68940327E-05
  0.62600000E+01  0.36816647E-05  0.68283761E-05
  0.62700000E+01  0.35486257E-05  0.67587944E-05
  0.62800000E+01  0.34256837E-05  0.66855763E-05
  0.62900000E+01  0.33131284E-05  0.66089750E-05
  0.63000000E+01  0.32112876E-05  0.65292158E-05
  0.63100000E+01  0.31204925E-05  0.64465248E-05
  0.63200000E+01  0.30410330E-05  0.63611609E-05
  0.63300000E+01  0.29731044E-05  0.62734323E-05
  0.63400000E+01  0.29167517E-05  0.61836869E-05
  0.63500000E+01  0.28718181E-05  0.60922888E-05
  0.63600000E+01  0.28379045E-05  0.59996040E-05
  0.63700000E+01  0.28143465E-05  0.59060064E-05
  0.63800000E+01  0.28002160E-05  0.58119024E-05
  0.63900000E+01  0.27943485E-05  0.57177434E-05
  0.64000000E+01  0.27953970E-05  0.56240037E-05
  0.64100000E+01  0.28019090E-05  0.55311130E-05
  0.64200000E+01  0.28124192E-05  0.54393717E-05
  0.64300000E+01  0.28255486E-05  0.53488795E-05
  0.64400000E+01  0.28401014E-05  0.52595094E-05
  0.64500000E+01  0.28551471E-05  0.51709246E-05
  0.64600000E+01  0.28700829E-05  0.50826278E-05
  0.64700000E+01  0.28846679E-05  0.49940221E-05
  0.64800000E+01  0.28990293E-05  0.49044830E-05
  0.64900000E+01  0.29136404E-05  0.48134535E-05
  0.65000000E+01  0.29292745E-05  0.47205506E-05
  0.65100000E+01  0.29469388E-05  0.46256447E-05
  0.65200000E+01  0.29677960E-05  0.45288672E-05
  0.65300000E+01  0.29930761E-05  0.44305286E-05
  0.65400000E+01  0.30239856E-05  0.43309831E-05
  0.65500000E+01  0.30616170E-05  0.42305035E-05
  0.65600000E+01  0.31068629E-05  0.41292275E-05
  0.65700000E+01  0.31603389E-05  0.40271872E-05
  0.65800000E+01  0.32223217E-05  0.39243952E-05
  0.65900000E+01  0.32927083E-05  0.38209389E-05
  0.66000000E+01  0.33710037E-05  0.37170391E-05
  0.66100000E+01  0.34563453E-05  0.36130532E-05
  0.66200000E+01  0.35475693E-05  0.35094195E-05
  0.66300000E+01  0.36433215E-05  0.34065652E-05
  0.66400000E+01  0.37422082E-05  0.33048171E-05
  0.66500000E+01  0.38429785E-05  0.32043556E-05
  0.66600000E+01  0.39447178E-05  0.31052231E-05
  0.66700000E+01  0.40470276E-05  0.30073517E-05
  0.66800000E+01  0.41501605E-05  0.29105445E-05
  0.66900000E+01  0.42550784E-05  0.28143732E-05
  0.67000000E+01  0.43634094E-05  0.27180583E-05
  0.67100000E+01  0.44772907E-05  0.26204794E-05
  0.67200000E+01  0.45991045E-05  0.25204536E-05
  0.67300000E+01  0.47311363E-05  0.24172341E-05
  0.67400000E+01  0.48752073E-05  0.23109604E-05
  0.67500000E+01  0.50323446E-05  0.22027383E-05
  0.67600000E+01  0.52025565E-05  0.20942481E-05
  0.67700000E+01  0.53847662E-05  0.19871269E-05
  0.67800000E+01  0.55769320E-05  0.18825200E-05
  0.67900000E+01  0.57763470E-05  0.17810127E-05
  0.68000000E+01  0.59800708E-05  0.16828241E-05
  0.68100000E+01  0.61854220E-05  0.15879721E-05
  0.68200000E+01  0.63904363E-05  0.14962166E-05
  0.68300000E+01  0.65942059E-05  0.14068117E-05
  0.68400000E+01  0.67970291E-05  0.13183051E-05
  0.68500000E+01  0.70003421E-05  0.12286711E-05
  0.68600000E+01  0.72064475E-05  0.11358830E-05
  0.68700000E+01  0.74180968E-05  0.10386813E-05
  0.68800000E+01  0.76380217E-05  0.93706754E-06
  0.68900000E+01  0.78685159E-05  0.83222745E-06
  0.69000000E+01  0.81111569E-05  0.72599034E-06
  0.69100000E+01  0.83667125E-05  0.62017394E-06
  0.69200000E+01  0.86352238E-05  0.51603386E-06
  0.69300000E+01  0.89162064E-05  0.41385998E-06
  0.69400000E+01  0.92088945E-05  0.31281886E-06
  0.69500000E+01  0.95124706E-05  0.21125892E-06
  0.69600000E+01  0.98262664E-05  0.10752399E-06
  0.69700000E+01  0.10149959E-04  0.88833534E-09
  0.69800000E+01  0.10483797E-04 -0.10812241E-06
  0.69900000E+01  0.10828839E-04 -0.21852134E-06
  0.70000000E+01  0.11187172E-04 -0.33020227E-06
