  0.00000000E+00  0.18576408E+04 -0.39659578E-12
  0.10000000E-01  0.19312671E+04 -0.17549919E+03
  0.20000000E-01  0.21553391E+04 -0.34285321E+03
  0.30000000E-01  0.28103221E+04 -0.33522755E+03
  0.40000000E-01  0.27684063E+04 -0.33610525E+03
  0.50000000E-01  0.32061140E+04 -0.45948693E+03
  0.60000000E-01  0.42052390E+04 -0.27773063E+03
  0.70000000E-01  0.41820018E+04  0.76934972E+03
  0.80000000E-01  0.32247236E+04  0.79191662E+03
  0.90000000E-01  0.28943801E+04  0.74139993E+03
  0.10000000E+00  0.26647044E+04  0.70583320E+03
  0.11000000E+00  0.24923026E+04  0.66877337E+03
  0.12000000E+00  0.23470806E+04  0.63298003E+03
  0.13000000E+00  0.22139912E+04  0.58779160E+03
  0.14000000E+00  0.21084363E+04  0.53612298E+03
  0.15000000E+00  0.20285368E+04  0.48296462E+03
  0.16000000E+00  0.19666332E+04  0.42988997E+03
  0.17000000E+00  0.19175796E+04  0.37733392E+03
  0.18000000E+00  0.18781795E+04  0.32543971E+03
  0.19000000E+00  0.18464859E+04  0.27423086E+03
  0.20000000E+00  0.18212017E+04  0.22368758E+03
  0.21000000E+00  0.18013704E+04  0.17379327E+03
  0.22000000E+00  0.17862852E+04  0.12451561E+03
  0.23000000E+00  0.17754988E+04  0.75774064E+02
  0.24000000E+00  0.17688871E+04  0.27398634E+02
  0.25000000E+00  0.17667440E+04 -0.20800336E+02
  0.26000000E+00  0.17698321E+04 -0.68960967E+02
  0.27000000E+00  0.17792945E+04 -0.11709965E+03
  0.28000000E+00  0.17964061E+04 -0.16502653E+03
  0.29000000E+00  0.18222319E+04 -0.21229849E+03
  0.30000000E+00  0.18572916E+04 -0.25817986E+03
  0.31000000E+00  0.19013176E+04 -0.30172487E+03
  0.32000000E+00  0.19531644E+04 -0.34197502E+03
  0.33000000E+00  0.20109022E+04 -0.37816521E+03
  0.34000000E+00  0.20721013E+04 -0.40987528E+03
  0.35000000E+00  0.21342781E+04 -0.43711423E+03
  0.36000000E+00  0.21953792E+04 -0.46033153E+03
  0.37000000E+00  0.22540677E+04 -0.48021230E+03
  0.38000000E+00  0.23096614E+04 -0.49734925E+03
  0.39000000E+00  0.23618504E+04 -0.51219414E+03
  0.40000000E+00  0.24104931E+04 -0.52516887E+03
  0.41000000E+00  0.24556198E+04 -0.53669112E+03
  0.42000000E+00  0.24975082E+04 -0.54714786E+03
  0.43000000E+00  0.25366568E+04 -0.55681226E+03
  0.44000000E+00  0.25736410E+04 -0.56581648E+03
  0.45000000E+00  0.26089671E+04 -0.57423120E+03
  0.46000000E+00  0.26430162E+04 -0.58211866E+03
  0.47000000E+00  0.26760671E+04 -0.58953788E+03
  0.48000000E+00  0.27083421E+04 -0.59653984E+03
  0.49000000E+00  0.27400339E+04 -0.60316349E+03
  0.50000000E+00  0.27713150E+04 -0.60943812E+03
  0.51000000E+00  0.28023398E+04 -0.61538575E+03
  0.52000000E+00  0.28332479E+04 -0.62102127E+03
  0.53000000E+00  0.28641675E+04 -0.62634943E+03
  0.54000000E+00  0.28952192E+04 -0.63136640E+03
  0.55000000E+00  0.29265195E+04 -0.63606458E+03
  0.56000000E+00  0.29581843E+04 -0.64043592E+03
  0.57000000E+00  0.29903332E+04 -0.64446911E+03
  0.58000000E+00  0.30230926E+04 -0.64814606E+03
  0.59000000E+00  0.30566014E+04 -0.65144268E+03
  0.60000000E+00  0.30910168E+04 -0.65433119E+03
  0.61000000E+00  0.31265216E+04 -0.65677870E+03
  0.62000000E+00  0.31633361E+04 -0.65874097E+03
  0.63000000E+00  0.32017332E+04 -0.66015619E+03
  0.64000000E+00  0.32420642E+04 -0.66093421E+03
  0.65000000E+00  0.32847618E+04 -0.66093039E+03
  0.66000000E+00  0.33300467E+04 -0.65987942E+03
  0.67000000E+00  0.33770392E+04 -0.65729112E+03
  0.68000000E+00  0.34237496E+04 -0.65287437E+03
  0.69000000E+00  0.34693235E+04 -0.64755465E+03
  0.70000000E+00  0.35149720E+04 -0.64196584E+03
  0.71000000E+00  0.35621057E+04 -0.63585024E+03
  0.72000000E+00  0.36111254E+04 -0.62876850E+03
  0.73000000E+00  0.36615010E+04 -0.62028646E+03
  0.74000000E+00  0.37122249E+04 -0.61011779E+03
  0.75000000E+00  0.37623907E+04 -0.59829759E+03
  0.76000000E+00  0.38114575E+04 -0.58497281E+03
  0.77000000E+00  0.38591197E+04 -0.57031629E+03
  0.78000000E+00  0.39051846E+04 -0.55458509E+03
  0.79000000E+00  0.39496506E+04 -0.53803215E+03
  0.80000000E+00  0.39926486E+04 -0.52074873E+03
  0.81000000E+00  0.40340020E+04 -0.50280776E+03
  0.82000000E+00  0.40745462E+04 -0.48446135E+03
  0.83000000E+00  0.41153196E+04 -0.46566811E+03
  0.84000000E+00  0.41570610E+04 -0.44632098E+03
  0.85000000E+00  0.42004624E+04 -0.42595125E+03
  0.86000000E+00  0.42434048E+04 -0.40335289E+03
  0.87000000E+00  0.42824166E+04 -0.37935590E+03
  0.88000000E+00  0.43190300E+04 -0.35482731E+03
  0.89000000E+00  0.43532828E+04 -0.32996553E+03
  0.90000000E+00  0.43855602E+04 -0.30486064E+03
  0.91000000E+00  0.44163663E+04 -0.27952324E+03
  0.92000000E+00  0.44458386E+04 -0.25397819E+03
  0.93000000E+00  0.44739932E+04 -0.22824950E+03
  0.94000000E+00  0.45008806E+04 -0.20234583E+03
  0.95000000E+00  0.45265846E+04 -0.17625524E+03
  0.96000000E+00  0.45512015E+04 -0.14995852E+03
  0.97000000E+00  0.45748452E+04 -0.12343027E+03
  0.98000000E+00  0.45976414E+04 -0.96634608E+02
  0.99000000E+00  0.46196661E+04 -0.69542206E+02
  0.10000000E+01  0.46408495E+04 -0.42089890E+02
  0.10100000E+01  0.46609651E+04 -0.14174741E+02
  0.10200000E+01  0.46797143E+04  0.14201882E+02
  0.10300000E+01  0.46966097E+04  0.42983604E+02
  0.10400000E+01  0.47109095E+04  0.72065892E+02
  0.10500000E+01  0.47228589E+04  0.10095251E+03
  0.10600000E+01  0.47339864E+04  0.12993501E+03
  0.10700000E+01  0.47378639E+04  0.15957039E+03
  0.10800000E+01  0.47386005E+04  0.18553252E+03
  0.10900000E+01  0.47433862E+04  0.20932559E+03
  0.11000000E+01  0.47526906E+04  0.23203200E+03
  0.11100000E+01  0.47686762E+04  0.25445632E+03
  0.11200000E+01  0.48005650E+04  0.27962879E+03
  0.11300000E+01  0.48262495E+04  0.32164507E+03
  0.11400000E+01  0.48317414E+04  0.35609626E+03
  0.11500000E+01  0.48344354E+04  0.39039077E+03
  0.11600000E+01  0.48480386E+04  0.42506160E+03
  0.11700000E+01  0.48497949E+04  0.45982593E+03
  0.11800000E+01  0.48459059E+04  0.49231599E+03
  0.11900000E+01  0.48434780E+04  0.52235904E+03
  0.12000000E+01  0.48426555E+04  0.55159549E+03
  0.12100000E+01  0.48413216E+04  0.58062848E+03
  0.12200000E+01  0.48388838E+04  0.60895249E+03
  0.12300000E+01  0.48365325E+04  0.63638563E+03
  0.12400000E+01  0.48347349E+04  0.66323109E+03
  0.12500000E+01  0.48335267E+04  0.68963860E+03
  0.12600000E+01  0.48326762E+04  0.71583727E+03
  0.12700000E+01  0.48316565E+04  0.74178832E+03
  0.12800000E+01  0.48308812E+04  0.76714555E+03
  0.12900000E+01  0.48316245E+04  0.79199016E+03
  0.13000000E+01  0.48349334E+04  0.81662591E+03
  0.13100000E+01  0.48413516E+04  0.84133964E+03
  0.13200000E+01  0.48558295E+04  0.86591245E+03
  0.13300000E+01  0.48650400E+04  0.90121057E+03
  0.13400000E+01  0.48698425E+04  0.93109078E+03
  0.13500000E+01  0.48733571E+04  0.96188976E+03
  0.13600000E+01  0.48739150E+04  0.99320202E+03
  0.13700000E+01  0.48707953E+04  0.10244480E+04
  0.13800000E+01  0.48658269E+04  0.10549676E+04
  0.13900000E+01  0.48598424E+04  0.10849613E+04
  0.14000000E+01  0.48530804E+04  0.11144052E+04
  0.14100000E+01  0.48462099E+04  0.11434039E+04
  0.14200000E+01  0.48379734E+04  0.11720947E+04
  0.14300000E+01  0.48276931E+04  0.11968667E+04
  0.14400000E+01  0.48148829E+04  0.12315907E+04
  0.14500000E+01  0.48001291E+04  0.12659710E+04
  0.14600000E+01  0.47846382E+04  0.12896114E+04
  0.14700000E+01  0.47691301E+04  0.13150013E+04
  0.14800000E+01  0.47536979E+04  0.13400367E+04
  0.14900000E+01  0.47383000E+04  0.13644804E+04
  0.15000000E+01  0.47230177E+04  0.13882960E+04
  0.15100000E+01  0.47079963E+04  0.14115216E+04
  0.15200000E+01  0.46933744E+04  0.14342139E+04
  0.15300000E+01  0.46792514E+04  0.14564374E+04
  0.15400000E+01  0.46656288E+04  0.14782636E+04
  0.15500000E+01  0.46523248E+04  0.14993117E+04
  0.15600000E+01  0.46392162E+04  0.15271520E+04
  0.15700000E+01  0.46263480E+04  0.15426402E+04
  0.15800000E+01  0.46137950E+04  0.15632377E+04
  0.15900000E+01  0.46015244E+04  0.15836947E+04
  0.16000000E+01  0.45894461E+04  0.16039746E+04
  0.16100000E+01  0.45775086E+04  0.16241131E+04
  0.16200000E+01  0.45655981E+04  0.16441380E+04
  0.16300000E+01  0.45536360E+04  0.16640434E+04
  0.16400000E+01  0.45415947E+04  0.16837970E+04
  0.16500000E+01  0.45295014E+04  0.17033691E+04
  0.16600000E+01  0.45173617E+04  0.17227837E+04
  0.16700000E+01  0.45050612E+04  0.17420339E+04
  0.16800000E+01  0.44926337E+04  0.17610574E+04
  0.16900000E+01  0.44803962E+04  0.17798723E+04
  0.17000000E+01  0.44683089E+04  0.17985226E+04
  0.17100000E+01  0.44566807E+04  0.18170678E+04
  0.17200000E+01  0.44453088E+04  0.18356232E+04
  0.17300000E+01  0.44341382E+04  0.18542149E+04
  0.17400000E+01  0.44231404E+04  0.18728813E+04
  0.17500000E+01  0.44122614E+04  0.18916465E+04
  0.17600000E+01  0.44014697E+04  0.19105297E+04
  0.17700000E+01  0.43906269E+04  0.19296177E+04
  0.17800000E+01  0.43792816E+04  0.19488804E+04
  0.17900000E+01  0.43674684E+04  0.19679752E+04
  0.18000000E+01  0.43563225E+04  0.19869149E+04
  0.18100000E+01  0.43457233E+04  0.20059896E+04
  0.18200000E+01  0.43360266E+04  0.20254336E+04
  0.18300000E+01  0.43257742E+04  0.20452722E+04
  0.18400000E+01  0.43193592E+04  0.20655119E+04
  0.18500000E+01  0.43139778E+04  0.20898017E+04
  0.18600000E+01  0.43003676E+04  0.21152632E+04
  0.18700000E+01  0.42856280E+04  0.21394823E+04
  0.18800000E+01  0.42687695E+04  0.21637456E+04
  0.18900000E+01  0.42483462E+04  0.21875941E+04
  0.19000000E+01  0.42255435E+04  0.22103045E+04
  0.19100000E+01  0.42016051E+04  0.22317114E+04
  0.19200000E+01  0.41779374E+04  0.22522538E+04
  0.19300000E+01  0.41545651E+04  0.22724333E+04
  0.19400000E+01  0.41308999E+04  0.22923891E+04
  0.19500000E+01  0.41065355E+04  0.23121586E+04
  0.19600000E+01  0.40812977E+04  0.23317433E+04
  0.19700000E+01  0.40552296E+04  0.23511060E+04
  0.19800000E+01  0.40286410E+04  0.23704101E+04
  0.19900000E+01  0.40010540E+04  0.23896458E+04
  0.20000000E+01  0.39719171E+04  0.24088846E+04
  0.20100000E+01  0.39410775E+04  0.24276081E+04
  0.20200000E+01  0.39088239E+04  0.24458281E+04
  0.20300000E+01  0.38751795E+04  0.24634426E+04
  0.20400000E+01  0.38403238E+04  0.24803854E+04
  0.20500000E+01  0.38043538E+04  0.24968570E+04
  0.20600000E+01  0.37661794E+04  0.25123080E+04
  0.20700000E+01  0.37276248E+04  0.25263621E+04
  0.20800000E+01  0.36887647E+04  0.25393825E+04
  0.20900000E+01  0.36500585E+04  0.25513359E+04
  0.21000000E+01  0.36123223E+04  0.25621898E+04
  0.21100000E+01  0.35761635E+04  0.25724215E+04
  0.21200000E+01  0.35417587E+04  0.25823467E+04
  0.21300000E+01  0.35090240E+04  0.25922425E+04
  0.21400000E+01  0.34780001E+04  0.26024042E+04
  0.21500000E+01  0.34491039E+04  0.26131371E+04
  0.21600000E+01  0.34223308E+04  0.26249435E+04
  0.21700000E+01  0.33958992E+04  0.26379843E+04
  0.21800000E+01  0.33694805E+04  0.26518859E+04
  0.21900000E+01  0.33434636E+04  0.26665126E+04
  0.22000000E+01  0.33182477E+04  0.26819242E+04
  0.22100000E+01  0.32947573E+04  0.26982624E+04
  0.22200000E+01  0.32749022E+04  0.27160572E+04
  0.22300000E+01  0.32629898E+04  0.27368876E+04
  0.22400000E+01  0.32640492E+04  0.27668046E+04
  0.22500000E+01  0.32435609E+04  0.28157033E+04
  0.22600000E+01  0.31721242E+04  0.28577530E+04
  0.22700000E+01  0.30934441E+04  0.28862027E+04
  0.22800000E+01  0.30164350E+04  0.29066658E+04
  0.22900000E+01  0.29444419E+04  0.29196105E+04
  0.23000000E+01  0.28825496E+04  0.29301416E+04
  0.23100000E+01  0.28209051E+04  0.29391220E+04
  0.23200000E+01  0.27568591E+04  0.29455467E+04
  0.23300000E+01  0.26944271E+04  0.29478757E+04
  0.23400000E+01  0.26366683E+04  0.29474177E+04
  0.23500000E+01  0.25830740E+04  0.29449789E+04
  0.23600000E+01  0.25334348E+04  0.29409992E+04
  0.23700000E+01  0.24877794E+04  0.29358457E+04
  0.23800000E+01  0.24458545E+04  0.29298298E+04
  0.23900000E+01  0.24073466E+04  0.29231361E+04
  0.24000000E+01  0.23718324E+04  0.29159511E+04
  0.24100000E+01  0.23389156E+04  0.29084011E+04
  0.24200000E+01  0.23082449E+04  0.29005836E+04
  0.24300000E+01  0.22795104E+04  0.28925711E+04
  0.24400000E+01  0.22524443E+04  0.28844186E+04
  0.24500000E+01  0.22268066E+04  0.28761778E+04
  0.24600000E+01  0.22022953E+04  0.28678745E+04
  0.24700000E+01  0.21787150E+04  0.28594575E+04
  0.24800000E+01  0.21560815E+04  0.28509243E+04
  0.24900000E+01  0.21343680E+04  0.28423100E+04
  0.25000000E+01  0.21134777E+04  0.28336607E+04
  0.25100000E+01  0.20932644E+04  0.28250335E+04
  0.25200000E+01  0.20734159E+04  0.28164383E+04
  0.25300000E+01  0.20538691E+04  0.28076590E+04
  0.25400000E+01  0.20351022E+04  0.27987125E+04
  0.25500000E+01  0.20171704E+04  0.27897352E+04
  0.25600000E+01  0.19998902E+04  0.27808200E+04
  0.25700000E+01  0.19830472E+04  0.27719977E+04
  0.25800000E+01  0.19665261E+04  0.27633188E+04
  0.25900000E+01  0.19501815E+04  0.27547584E+04
  0.26000000E+01  0.19339264E+04  0.27462648E+04
  0.26100000E+01  0.19175691E+04  0.27379037E+04
  0.26200000E+01  0.19008215E+04  0.27296654E+04
  0.26300000E+01  0.18836104E+04  0.27213171E+04
  0.26400000E+01  0.18661380E+04  0.27127872E+04
  0.26500000E+01  0.18485364E+04  0.27041394E+04
  0.26600000E+01  0.18306952E+04  0.26953819E+04
  0.26700000E+01  0.18124229E+04  0.26864702E+04
  0.26800000E+01  0.17936024E+04  0.26773365E+04
  0.26900000E+01  0.17742133E+04  0.26679057E+04
  0.27000000E+01  0.17543070E+04  0.26581052E+04
  0.27100000E+01  0.17339879E+04  0.26478682E+04
  0.27200000E+01  0.17134012E+04  0.26371375E+04
  0.27300000E+01  0.16927195E+04  0.26258717E+04
  0.27400000E+01  0.16721322E+04  0.26140533E+04
  0.27500000E+01  0.16518374E+04  0.26016873E+04
  0.27600000E+01  0.16320416E+04  0.25887913E+04
  0.27700000E+01  0.16129648E+04  0.25753909E+04
  0.27800000E+01  0.15948496E+04  0.25615239E+04
  0.27900000E+01  0.15779655E+04  0.25472485E+04
  0.28000000E+01  0.15626032E+04  0.25326527E+04
  0.28100000E+01  0.15490520E+04  0.25178619E+04
  0.28200000E+01  0.15375479E+04  0.25030574E+04
  0.28300000E+01  0.15281678E+04  0.24884874E+04
  0.28400000E+01  0.15206705E+04  0.24744347E+04
  0.28500000E+01  0.15143837E+04  0.24611576E+04
  0.28600000E+01  0.15082834E+04  0.24487840E+04
  0.28700000E+01  0.15012934E+04  0.24371940E+04
  0.28800000E+01  0.14926265E+04  0.24260327E+04
  0.28900000E+01  0.14819610E+04  0.24149157E+04
  0.29000000E+01  0.14694423E+04  0.24035952E+04
  0.29100000E+01  0.14556051E+04  0.23917974E+04
  0.29200000E+01  0.14410349E+04  0.23794177E+04
  0.29300000E+01  0.14256270E+04  0.23665548E+04
  0.29400000E+01  0.14084241E+04  0.23530900E+04
  0.29500000E+01  0.13888593E+04  0.23384811E+04
  0.29600000E+01  0.13678653E+04  0.23220935E+04
  0.29700000E+01  0.13472001E+04  0.23037529E+04
  0.29800000E+01  0.13279576E+04  0.22838153E+04
  0.29900000E+01  0.13101705E+04  0.22625499E+04
  0.30000000E+01  0.12934309E+04  0.22401314E+04
  0.30100000E+01  0.12774843E+04  0.22165673E+04
  0.30200000E+01  0.12623410E+04  0.21917463E+04
  0.30300000E+01  0.12478973E+04  0.21656943E+04
  0.30400000E+01  0.12340645E+04  0.21382737E+04
  0.30500000E+01  0.12211600E+04  0.21092937E+04
  0.30600000E+01  0.12090388E+04  0.20787790E+04
  0.30700000E+01  0.11989128E+04  0.20458692E+04
  0.30800000E+01  0.11947492E+04  0.20105106E+04
  0.30900000E+01  0.12008840E+04  0.19733441E+04
  0.31000000E+01  0.12306267E+04  0.19330529E+04
  0.31100000E+01  0.13092619E+04  0.18907693E+04
  0.31200000E+01  0.14163053E+04  0.19000218E+04
  0.31300000E+01  0.14774427E+04  0.19075403E+04
  0.31400000E+01  0.15196152E+04  0.19106668E+04
  0.31500000E+01  0.15554645E+04  0.19146220E+04
  0.31600000E+01  0.15879677E+04  0.19186127E+04
  0.31700000E+01  0.16169767E+04  0.19225342E+04
  0.31800000E+01  0.16430162E+04  0.19263752E+04
  0.31900000E+01  0.16669203E+04  0.19301348E+04
  0.32000000E+01  0.16892807E+04  0.19338231E+04
  0.32100000E+01  0.17104667E+04  0.19374731E+04
  0.32200000E+01  0.17307749E+04  0.19411067E+04
  0.32300000E+01  0.17504931E+04  0.19447484E+04
  0.32400000E+01  0.17699012E+04  0.19484406E+04
  0.32500000E+01  0.17892592E+04  0.19522246E+04
  0.32600000E+01  0.18088066E+04  0.19561590E+04
  0.32700000E+01  0.18287804E+04  0.19602973E+04
  0.32800000E+01  0.18494417E+04  0.19647195E+04
  0.32900000E+01  0.18710988E+04  0.19695436E+04
  0.33000000E+01  0.18941515E+04  0.19749370E+04
  0.33100000E+01  0.19190968E+04  0.19811832E+04
  0.33200000E+01  0.19463720E+04  0.19888602E+04
  0.33300000E+01  0.19729056E+04  0.19990105E+04
  0.33400000E+01  0.19988672E+04  0.20085688E+04
  0.33500000E+01  0.20312892E+04  0.20192194E+04
  0.33600000E+01  0.20713009E+04  0.20326885E+04
  0.33700000E+01  0.21216918E+04  0.20507646E+04
  0.33800000E+01  0.21878660E+04  0.20805660E+04
  0.33900000E+01  0.22394747E+04  0.21252466E+04
  0.34000000E+01  0.22419158E+04  0.21765735E+04
  0.34100000E+01  0.22345360E+04  0.22126056E+04
  0.34200000E+01  0.22273203E+04  0.22435098E+04
  0.34300000E+01  0.22202157E+04  0.22715089E+04
  0.34400000E+01  0.22128700E+04  0.22975618E+04
  0.34500000E+01  0.22051687E+04  0.23221964E+04
  0.34600000E+01  0.21969898E+04  0.23457417E+04
  0.34700000E+01  0.21882703E+04  0.23684114E+04
  0.34800000E+01  0.21789961E+04  0.23903478E+04
  0.34900000E+01  0.21691932E+04  0.24116515E+04
  0.35000000E+01  0.21589195E+04  0.24324070E+04
  0.35100000E+01  0.21482463E+04  0.24526987E+04
  0.35200000E+01  0.21372324E+04  0.24726202E+04
  0.35300000E+01  0.21258959E+04  0.24922791E+04
  0.35400000E+01  0.21141835E+04  0.25117962E+04
  0.35500000E+01  0.21019416E+04  0.25312872E+04
  0.35600000E+01  0.20888959E+04  0.25508506E+04
  0.35700000E+01  0.20746426E+04  0.25705563E+04
  0.35800000E+01  0.20586560E+04  0.25904327E+04
  0.35900000E+01  0.20403123E+04  0.26104431E+04
  0.36000000E+01  0.20189387E+04  0.26304651E+04
  0.36100000E+01  0.19939103E+04  0.26502665E+04
  0.36200000E+01  0.19647468E+04  0.26694948E+04
  0.36300000E+01  0.19312862E+04  0.26876737E+04
  0.36400000E+01  0.18938375E+04  0.27042847E+04
  0.36500000E+01  0.18532225E+04  0.27188759E+04
  0.36600000E+01  0.18106604E+04  0.27311794E+04
  0.36700000E+01  0.17675235E+04  0.27411793E+04
  0.36800000E+01  0.17250844E+04  0.27490938E+04
  0.36900000E+01  0.16843382E+04  0.27552928E+04
  0.37000000E+01  0.16458866E+04  0.27602043E+04
  0.37100000E+01  0.16098749E+04  0.27642391E+04
  0.37200000E+01  0.15759984E+04  0.27677451E+04
  0.37300000E+01  0.15435871E+04  0.27709937E+04
  0.37400000E+01  0.15117593E+04  0.27741601E+04
  0.37500000E+01  0.14796180E+04  0.27772647E+04
  0.37600000E+01  0.14464510E+04  0.27801262E+04
  0.37700000E+01  0.14118747E+04  0.27824434E+04
  0.37800000E+01  0.13758762E+04  0.27839536E+04
  0.37900000E+01  0.13387438E+04  0.27845079E+04
  0.38000000E+01  0.13009255E+04  0.27840421E+04
  0.38100000E+01  0.12629061E+04  0.27825468E+04
  0.38200000E+01  0.12251660E+04  0.27800593E+04
  0.38300000E+01  0.11881181E+04  0.27766492E+04
  0.38400000E+01  0.11519127E+04  0.27724388E+04
  0.38500000E+01  0.11167415E+04  0.27676148E+04
  0.38600000E+01  0.10812468E+04  0.27632514E+04
  0.38700000E+01  0.10442939E+04  0.27562087E+04
  0.38800000E+01  0.10127448E+04  0.27479953E+04
  0.38900000E+01  0.98464953E+03  0.27399613E+04
  0.39000000E+01  0.95450953E+03  0.27324567E+04
  0.39100000E+01  0.92465797E+03  0.27254399E+04
  0.39200000E+01  0.89570562E+03  0.27160046E+04
  0.39300000E+01  0.86881202E+03  0.27063659E+04
  0.39400000E+01  0.84264516E+03  0.26966178E+04
  0.39500000E+01  0.81741599E+03  0.26866412E+04
  0.39600000E+01  0.79290778E+03  0.26765269E+04
  0.39700000E+01  0.76894467E+03  0.26663106E+04
  0.39800000E+01  0.74551290E+03  0.26560870E+04
  0.39900000E+01  0.72197284E+03  0.26459425E+04
  0.40000000E+01  0.69859262E+03  0.26356414E+04
  0.40100000E+01  0.67486468E+03  0.26253809E+04
  0.40200000E+01  0.65084156E+03  0.26148487E+04
  0.40300000E+01  0.62667633E+03  0.26041532E+04
  0.40400000E+01  0.60207408E+03  0.25931786E+04
  0.40500000E+01  0.57737026E+03  0.25820334E+04
  0.40600000E+01  0.55131978E+03  0.25707471E+04
  0.40700000E+01  0.52217006E+03  0.25587158E+04
  0.40800000E+01  0.48710421E+03  0.25484449E+04
  0.40900000E+01  0.45463204E+03  0.25284617E+04
  0.41000000E+01  0.43086148E+03  0.25084707E+04
  0.41100000E+01  0.41358491E+03  0.24885094E+04
  0.41200000E+01  0.40010308E+03  0.24688270E+04
  0.41300000E+01  0.38875479E+03  0.24494875E+04
  0.41400000E+01  0.37874900E+03  0.24305018E+04
  0.41500000E+01  0.36977220E+03  0.24118813E+04
  0.41600000E+01  0.36172063E+03  0.23936776E+04
  0.41700000E+01  0.35444552E+03  0.23759983E+04
  0.41800000E+01  0.34822988E+03  0.23590501E+04
  0.41900000E+01  0.33987344E+03  0.23433148E+04
  0.42000000E+01  0.33028273E+03  0.23269019E+04
  0.42100000E+01  0.32097563E+03  0.23102352E+04
  0.42200000E+01  0.31207358E+03  0.22934856E+04
  0.42300000E+01  0.30355901E+03  0.22767233E+04
  0.42400000E+01  0.29538758E+03  0.22599790E+04
  0.42500000E+01  0.28752865E+03  0.22432728E+04
  0.42600000E+01  0.27995527E+03  0.22266144E+04
  0.42700000E+01  0.27263576E+03  0.22100035E+04
  0.42800000E+01  0.26553860E+03  0.21934319E+04
  0.42900000E+01  0.25864166E+03  0.21768864E+04
  0.43000000E+01  0.25193350E+03  0.21603518E+04
  0.43100000E+01  0.24541280E+03  0.21438189E+04
  0.43200000E+01  0.23907562E+03  0.21272802E+04
  0.43300000E+01  0.23291869E+03  0.21107287E+04
  0.43400000E+01  0.22693597E+03  0.20941588E+04
  0.43500000E+01  0.22111693E+03  0.20775642E+04
  0.43600000E+01  0.21544686E+03  0.20609369E+04
  0.43700000E+01  0.20990829E+03  0.20442677E+04
  0.43800000E+01  0.20448322E+03  0.20275449E+04
  0.43900000E+01  0.19915558E+03  0.20107533E+04
  0.44000000E+01  0.19391384E+03  0.19938755E+04
  0.44100000E+01  0.18875352E+03  0.19768924E+04
  0.44200000E+01  0.18368285E+03  0.19597854E+04
  0.44300000E+01  0.17873317E+03  0.19425401E+04
  0.44400000E+01  0.17395165E+03  0.19251738E+04
  0.44500000E+01  0.16922116E+03  0.19076596E+04
  0.44600000E+01  0.16454209E+03  0.18899482E+04
  0.44700000E+01  0.15996247E+03  0.18720137E+04
  0.44800000E+01  0.15550099E+03  0.18538349E+04
  0.44900000E+01  0.15117550E+03  0.18353895E+04
  0.45000000E+01  0.14700695E+03  0.18166537E+04
  0.45100000E+01  0.14302266E+03  0.17976040E+04
  0.45200000E+01  0.13926042E+03  0.17782157E+04
  0.45300000E+01  0.13577692E+03  0.17584645E+04
  0.45400000E+01  0.13266419E+03  0.17383261E+04
  0.45500000E+01  0.13007785E+03  0.17177758E+04
  0.45600000E+01  0.12828083E+03  0.16967885E+04
  0.45700000E+01  0.12770714E+03  0.16753408E+04
  0.45800000E+01  0.12905766E+03  0.16534247E+04
  0.45900000E+01  0.13343525E+03  0.16310755E+04
  0.46000000E+01  0.14238757E+03  0.16084245E+04
  0.46100000E+01  0.15751624E+03  0.15858034E+04
  0.46200000E+01  0.17979854E+03  0.15638433E+04
  0.46300000E+01  0.20954411E+03  0.15432498E+04
  0.46400000E+01  0.24654860E+03  0.15247678E+04
  0.46500000E+01  0.28969601E+03  0.15096968E+04
  0.46600000E+01  0.33703843E+03  0.14999353E+04
  0.46700000E+01  0.37780652E+03  0.14954801E+04
  0.46800000E+01  0.41606255E+03  0.14907809E+04
  0.46900000E+01  0.45413679E+03  0.14904640E+04
  0.47000000E+01  0.48053276E+03  0.14900078E+04
  0.47100000E+01  0.50775764E+03  0.14876423E+04
  0.47200000E+01  0.53748074E+03  0.14858729E+04
  0.47300000E+01  0.56679495E+03  0.14852695E+04
  0.47400000E+01  0.59428079E+03  0.14857852E+04
  0.47500000E+01  0.61923793E+03  0.14871415E+04
  0.47600000E+01  0.64151820E+03  0.14889553E+04
  0.47700000E+01  0.66145819E+03  0.14909172E+04
  0.47800000E+01  0.67968636E+03  0.14928876E+04
  0.47900000E+01  0.69687130E+03  0.14948417E+04
  0.48000000E+01  0.71349207E+03  0.14968214E+04
  0.48100000E+01  0.72974734E+03  0.14988962E+04
  0.48200000E+01  0.74562196E+03  0.15011152E+04
  0.48300000E+01  0.76099918E+03  0.15034926E+04
  0.48400000E+01  0.77574112E+03  0.15060208E+04
  0.48500000E+01  0.78974166E+03  0.15086852E+04
  0.48600000E+01  0.80294278E+03  0.15114696E+04
  0.48700000E+01  0.81533052E+03  0.15143537E+04
  0.48800000E+01  0.82692452E+03  0.15173077E+04
  0.48900000E+01  0.83776694E+03  0.15202925E+04
  0.49000000E+01  0.84791127E+03  0.15232670E+04
  0.49100000E+01  0.85741615E+03  0.15261975E+04
  0.49200000E+01  0.86635302E+03  0.15290563E+04
  0.49300000E+01  0.87481710E+03  0.15318262E+04
  0.49400000E+01  0.88291845E+03  0.15345085E+04
  0.49500000E+01  0.89075820E+03  0.15371160E+04
  0.49600000E+01  0.89841340E+03  0.15396661E+04
  0.49700000E+01  0.90593491E+03  0.15421762E+04
  0.49800000E+01  0.91335146E+03  0.15446593E+04
  0.49900000E+01  0.92067617E+03  0.15471241E+04
  0.50000000E+01  0.92791438E+03  0.15495749E+04
  0.50100000E+01  0.93507115E+03  0.15520135E+04
  0.50200000E+01  0.94215737E+03  0.15544388E+04
  0.50300000E+01  0.94919384E+03  0.15568497E+04
  0.50400000E+01  0.95621146E+03  0.15592481E+04
  0.50500000E+01  0.96324304E+03  0.15616424E+04
  0.50600000E+01  0.97031045E+03  0.15640496E+04
  0.50700000E+01  0.97742562E+03  0.15664889E+04
  0.50800000E+01  0.98460671E+03  0.15689685E+04
  0.50900000E+01  0.99188359E+03  0.15714989E+04
  0.51000000E+01  0.99929194E+03  0.15740996E+04
  0.51100000E+01  0.10068604E+04  0.15767929E+04
  0.51200000E+01  0.10145858E+04  0.15796087E+04
  0.51300000E+01  0.10224257E+04  0.15825663E+04
  0.51400000E+01  0.10303499E+04  0.15856787E+04
  0.51500000E+01  0.10383290E+04  0.15889553E+04
  0.51600000E+01  0.10463358E+04  0.15924026E+04
  0.51700000E+01  0.10543463E+04  0.15960248E+04
  0.51800000E+01  0.10623411E+04  0.15998245E+04
  0.51900000E+01  0.10703064E+04  0.16038046E+04
  0.52000000E+01  0.10782337E+04  0.16079691E+04
  0.52100000E+01  0.10861185E+04  0.16123231E+04
  0.52200000E+01  0.10939582E+04  0.16168725E+04
  0.52300000E+01  0.11017518E+04  0.16216230E+04
  0.52400000E+01  0.11095042E+04  0.16265809E+04
  0.52500000E+01  0.11172387E+04  0.16317534E+04
  0.52600000E+01  0.11249929E+04  0.16371501E+04
  0.52700000E+01  0.11327591E+04  0.16427863E+04
  0.52800000E+01  0.11404260E+04  0.16486452E+04
  0.52900000E+01  0.11478777E+04  0.16529439E+04
  0.53000000E+01  0.11551616E+04  0.16622041E+04
  0.53100000E+01  0.11624421E+04  0.16687001E+04
  0.53200000E+01  0.11698148E+04  0.16756410E+04
  0.53300000E+01  0.11772633E+04  0.16829409E+04
  0.53400000E+01  0.11847294E+04  0.16906233E+04
  0.53500000E+01  0.11921470E+04  0.16987300E+04
  0.53600000E+01  0.11994401E+04  0.17072954E+04
  0.53700000E+01  0.12065263E+04  0.17163364E+04
  0.53800000E+01  0.12133304E+04  0.17258523E+04
  0.53900000E+01  0.12197982E+04  0.17358345E+04
  0.54000000E+01  0.12259069E+04  0.17462780E+04
  0.54100000E+01  0.12316705E+04  0.17571896E+04
  0.54200000E+01  0.12371463E+04  0.17685912E+04
  0.54300000E+01  0.12424459E+04  0.17805224E+04
  0.54400000E+01  0.12477379E+04  0.17930431E+04
  0.54500000E+01  0.12531773E+04  0.18062443E+04
  0.54600000E+01  0.12586814E+04  0.18202676E+04
  0.54700000E+01  0.12636041E+04  0.18353291E+04
  0.54800000E+01  0.12666163E+04  0.18516485E+04
  0.54900000E+01  0.12661326E+04  0.18690906E+04
  0.55000000E+01  0.12611335E+04  0.18868680E+04
  0.55100000E+01  0.12517185E+04  0.19040723E+04
  0.55200000E+01  0.12389250E+04  0.19202048E+04
  0.55300000E+01  0.12240752E+04  0.19351339E+04
  0.55400000E+01  0.12082353E+04  0.19489098E+04
  0.55500000E+01  0.11920474E+04  0.19616394E+04
  0.55600000E+01  0.11758128E+04  0.19734414E+04
  0.55700000E+01  0.11596350E+04  0.19844192E+04
  0.55800000E+01  0.11435287E+04  0.19946631E+04
  0.55900000E+01  0.11274783E+04  0.20042498E+04
  0.56000000E+01  0.11114564E+04  0.20132394E+04
  0.56100000E+01  0.10954411E+04  0.20216824E+04
  0.56200000E+01  0.10794109E+04  0.20296226E+04
  0.56300000E+01  0.10633488E+04  0.20370937E+04
  0.56400000E+01  0.10472389E+04  0.20441268E+04
  0.56500000E+01  0.10310658E+04  0.20507516E+04
  0.56600000E+01  0.10148139E+04  0.20569924E+04
  0.56700000E+01  0.99846708E+03  0.20628691E+04
  0.56800000E+01  0.98200744E+03  0.20684016E+04
  0.56900000E+01  0.96541532E+03  0.20736085E+04
  0.57000000E+01  0.94866875E+03  0.20785036E+04
  0.57100000E+01  0.93174327E+03  0.20830972E+04
  0.57200000E+01  0.91461188E+03  0.20873997E+04
  0.57300000E+01  0.89724516E+03  0.20914210E+04
  0.57400000E+01  0.87961163E+03  0.20951675E+04
  0.57500000E+01  0.86167821E+03  0.20986418E+04
  0.57600000E+01  0.84341093E+03  0.21018443E+04
  0.57700000E+01  0.82477571E+03  0.21047761E+04
  0.57800000E+01  0.80573940E+03  0.21074369E+04
  0.57900000E+01  0.78627095E+03  0.21098225E+04
  0.58000000E+01  0.76634271E+03  0.21119246E+04
  0.58100000E+01  0.74593191E+03  0.21137326E+04
  0.58200000E+01  0.72502226E+03  0.21152357E+04
  0.58300000E+01  0.70360558E+03  0.21164225E+04
  0.58400000E+01  0.68168348E+03  0.21172779E+04
  0.58500000E+01  0.65926886E+03  0.21177814E+04
  0.58600000E+01  0.63638731E+03  0.21179071E+04
  0.58700000E+01  0.61307810E+03  0.21176266E+04
  0.58800000E+01  0.58939475E+03  0.21169100E+04
  0.58900000E+01  0.56540507E+03  0.21157264E+04
  0.59000000E+01  0.54119051E+03  0.21140430E+04
  0.59100000E+01  0.51684492E+03  0.21118254E+04
  0.59200000E+01  0.49247253E+03  0.21090403E+04
  0.59300000E+01  0.46818546E+03  0.21056607E+04
  0.59400000E+01  0.44410063E+03  0.21016711E+04
  0.59500000E+01  0.42033641E+03  0.20970717E+04
  0.59600000E+01  0.39700910E+03  0.20918790E+04
  0.59700000E+01  0.37422953E+03  0.20861239E+04
  0.59800000E+01  0.35209987E+03  0.20798481E+04
  0.59900000E+01  0.33071093E+03  0.20730999E+04
  0.60000000E+01  0.31014005E+03  0.20659307E+04
  0.60100000E+01  0.29044966E+03  0.20583916E+04
  0.60200000E+01  0.27168652E+03  0.20505320E+04
  0.60300000E+01  0.25388173E+03  0.20423983E+04
  0.60400000E+01  0.23705131E+03  0.20340333E+04
  0.60500000E+01  0.22119734E+03  0.20254758E+04
  0.60600000E+01  0.20630954E+03  0.20167611E+04
  0.60700000E+01  0.19236705E+03  0.20079207E+04
  0.60800000E+01  0.17934044E+03  0.19989829E+04
  0.60900000E+01  0.16719367E+03  0.19899726E+04
  0.61000000E+01  0.15588598E+03  0.19809120E+04
  0.61100000E+01  0.14537364E+03  0.19718207E+04
  0.61200000E+01  0.13561144E+03  0.19627158E+04
  0.61300000E+01  0.12655390E+03  0.19536125E+04
  0.61400000E+01  0.11815630E+03  0.19445241E+04
  0.61500000E+01  0.11037534E+03  0.19354623E+04
  0.61600000E+01  0.10316971E+03  0.19264376E+04
  0.61700000E+01  0.96500334E+02  0.19174588E+04
  0.61800000E+01  0.90330562E+02  0.19085338E+04
  0.61900000E+01  0.84626182E+02  0.18996697E+04
  0.62000000E+01  0.79355373E+02  0.18908724E+04
  0.62100000E+01  0.74488597E+02  0.18821471E+04
  0.62200000E+01  0.69998461E+02  0.18734983E+04
  0.62300000E+01  0.65859560E+02  0.18649299E+04
  0.62400000E+01  0.62048323E+02  0.18564453E+04
  0.62500000E+01  0.58542860E+02  0.18480470E+04
  0.62600000E+01  0.55322817E+02  0.18397374E+04
  0.62700000E+01  0.52369245E+02  0.18315181E+04
  0.62800000E+01  0.49664482E+02  0.18233906E+04
  0.62900000E+01  0.47192036E+02  0.18153558E+04
  0.63000000E+01  0.44936490E+02  0.18074144E+04
  0.63100000E+01  0.42883409E+02  0.17995668E+04
  0.63200000E+01  0.41019253E+02  0.17918130E+04
  0.63300000E+01  0.39331307E+02  0.17841530E+04
  0.63400000E+01  0.37807612E+02  0.17765864E+04
  0.63500000E+01  0.36436910E+02  0.17691126E+04
  0.63600000E+01  0.35208601E+02  0.17617308E+04
  0.63700000E+01  0.34112700E+02  0.17544403E+04
  0.63800000E+01  0.33139820E+02  0.17472401E+04
  0.63900000E+01  0.32281152E+02  0.17401290E+04
  0.64000000E+01  0.31528457E+02  0.17331058E+04
  0.64100000E+01  0.30874061E+02  0.17261693E+04
  0.64200000E+01  0.30310851E+02  0.17193179E+04
  0.64300000E+01  0.29832264E+02  0.17125501E+04
  0.64400000E+01  0.29432273E+02  0.17058644E+04
  0.64500000E+01  0.29105354E+02  0.16992589E+04
  0.64600000E+01  0.28846447E+02  0.16927319E+04
  0.64700000E+01  0.28650899E+02  0.16862818E+04
  0.64800000E+01  0.28514396E+02  0.16799069E+04
  0.64900000E+01  0.28432896E+02  0.16736056E+04
  0.65000000E+01  0.28402550E+02  0.16673765E+04
  0.65100000E+01  0.28419637E+02  0.16612185E+04
  0.65200000E+01  0.28480511E+02  0.16551302E+04
  0.65300000E+01  0.28581563E+02  0.16491105E+04
  0.65400000E+01  0.28719207E+02  0.16431580E+04
  0.65500000E+01  0.28889893E+02  0.16372715E+04
  0.65600000E+01  0.29090139E+02  0.16314495E+04
  0.65700000E+01  0.29316593E+02  0.16256903E+04
  0.65800000E+01  0.29566108E+02  0.16199924E+04
  0.65900000E+01  0.29835832E+02  0.16143540E+04
  0.66000000E+01  0.30123306E+02  0.16087733E+04
  0.66100000E+01  0.30426563E+02  0.16032486E+04
  0.66200000E+01  0.30744217E+02  0.15977780E+04
  0.66300000E+01  0.31075535E+02  0.15923597E+04
  0.66400000E+01  0.31420487E+02  0.15869919E+04
  0.66500000E+01  0.31779763E+02  0.15816728E+04
  0.66600000E+01  0.32154744E+02  0.15764008E+04
  0.66700000E+01  0.32547440E+02  0.15711743E+04
  0.66800000E+01  0.32960364E+02  0.15659922E+04
  0.66900000E+01  0.33396374E+02  0.15608534E+04
  0.67000000E+01  0.33858470E+02  0.15557573E+04
  0.67100000E+01  0.34349572E+02  0.15507037E+04
  0.67200000E+01  0.34872289E+02  0.15456926E+04
  0.67300000E+01  0.35428711E+02  0.15407245E+04
  0.67400000E+01  0.36020247E+02  0.15358002E+04
  0.67500000E+01  0.36647521E+02  0.15309208E+04
  0.67600000E+01  0.37310356E+02  0.15260871E+04
  0.67700000E+01  0.38007833E+02  0.15213002E+04
  0.67800000E+01  0.38738433E+02  0.15165606E+04
  0.67900000E+01  0.39500239E+02  0.15118684E+04
  0.68000000E+01  0.40291165E+02  0.15072235E+04
  0.68100000E+01  0.41109207E+02  0.15026256E+04
  0.68200000E+01  0.41952656E+02  0.14980741E+04
  0.68300000E+01  0.42820271E+02  0.14935683E+04
  0.68400000E+01  0.43711389E+02  0.14891073E+04
  0.68500000E+01  0.44625948E+02  0.14846899E+04
  0.68600000E+01  0.45564452E+02  0.14803149E+04
  0.68700000E+01  0.46527871E+02  0.14759816E+04
  0.68800000E+01  0.47517500E+02  0.14716896E+04
  0.68900000E+01  0.48534813E+02  0.14674388E+04
  0.69000000E+01  0.49581312E+02  0.14632295E+04
  0.69100000E+01  0.50658427E+02  0.14590620E+04
  0.69200000E+01  0.51767485E+02  0.14549360E+04
  0.69300000E+01  0.52909794E+02  0.14508513E+04
  0.69400000E+01  0.54086855E+02  0.14468072E+04
  0.69500000E+01  0.55300664E+02  0.14428032E+04
  0.69600000E+01  0.56553983E+02  0.14388382E+04
  0.69700000E+01  0.57850429E+02  0.14349116E+04
  0.69800000E+01  0.59194296E+02  0.14310229E+04
  0.69900000E+01  0.60590226E+02  0.14271719E+04
  0.70000000E+01  0.62043076E+02  0.14233592E+04
