  0.00000000E+00  0.36998839E+04 -0.33187696E-12
  0.10000000E-01  0.36994947E+04  0.96038030E+01
  0.20000000E-01  0.36983571E+04  0.19082666E+02
  0.30000000E-01  0.36965572E+04  0.28332328E+02
  0.40000000E-01  0.36942287E+04  0.37286039E+02
  0.50000000E-01  0.36915389E+04  0.45923658E+02
  0.60000000E-01  0.36886718E+04  0.54270697E+02
  0.70000000E-01  0.36858113E+04  0.62388395E+02
  0.80000000E-01  0.36831240E+04  0.70358848E+02
  0.90000000E-01  0.36807466E+04  0.78269829E+02
  0.10000000E+00  0.36787764E+04  0.86202494E+02
  0.11000000E+00  0.36772673E+04  0.94223124E+02
  0.12000000E+00  0.36762298E+04  0.10237865E+03
  0.13000000E+00  0.36756352E+04  0.11069510E+03
  0.14000000E+00  0.36754236E+04  0.11917809E+03
  0.15000000E+00  0.36755123E+04  0.12781482E+03
  0.16000000E+00  0.36758062E+04  0.13657702E+03
  0.17000000E+00  0.36762064E+04  0.14542468E+03
  0.18000000E+00  0.36766190E+04  0.15431019E+03
  0.19000000E+00  0.36769606E+04  0.16318263E+03
  0.20000000E+00  0.36771632E+04  0.17199186E+03
  0.21000000E+00  0.36771763E+04  0.18069205E+03
  0.22000000E+00  0.36769679E+04  0.18924441E+03
  0.23000000E+00  0.36765237E+04  0.19761890E+03
  0.24000000E+00  0.36758455E+04  0.20579498E+03
  0.25000000E+00  0.36749489E+04  0.21376144E+03
  0.26000000E+00  0.36738610E+04  0.22151553E+03
  0.27000000E+00  0.36726173E+04  0.22906154E+03
  0.28000000E+00  0.36712591E+04  0.23640921E+03
  0.29000000E+00  0.36698312E+04  0.24357201E+03
  0.30000000E+00  0.36683797E+04  0.25056555E+03
  0.31000000E+00  0.36669499E+04  0.25740615E+03
  0.32000000E+00  0.36655851E+04  0.26410970E+03
  0.33000000E+00  0.36643251E+04  0.27069080E+03
  0.34000000E+00  0.36632054E+04  0.27716216E+03
  0.35000000E+00  0.36622566E+04  0.28353425E+03
  0.36000000E+00  0.36615042E+04  0.28981529E+03
  0.37000000E+00  0.36609680E+04  0.29601133E+03
  0.38000000E+00  0.36606627E+04  0.30212658E+03
  0.39000000E+00  0.36605981E+04  0.30816386E+03
  0.40000000E+00  0.36607790E+04  0.31412508E+03
  0.41000000E+00  0.36612065E+04  0.32001183E+03
  0.42000000E+00  0.36618776E+04  0.32582589E+03
  0.43000000E+00  0.36627869E+04  0.33156968E+03
  0.44000000E+00  0.36639260E+04  0.33724668E+03
  0.45000000E+00  0.36652852E+04  0.34286167E+03
  0.46000000E+00  0.36668533E+04  0.34842087E+03
  0.47000000E+00  0.36686184E+04  0.35393198E+03
  0.48000000E+00  0.36705682E+04  0.35940407E+03
  0.49000000E+00  0.36726906E+04  0.36484742E+03
  0.50000000E+00  0.36749738E+04  0.37027322E+03
  0.51000000E+00  0.36774064E+04  0.37569329E+03
  0.52000000E+00  0.36799779E+04  0.38111971E+03
  0.53000000E+00  0.36826786E+04  0.38656443E+03
  0.54000000E+00  0.36854993E+04  0.39203899E+03
  0.55000000E+00  0.36884321E+04  0.39755409E+03
  0.56000000E+00  0.36914694E+04  0.40311937E+03
  0.57000000E+00  0.36946045E+04  0.40874308E+03
  0.58000000E+00  0.36978312E+04  0.41443197E+03
  0.59000000E+00  0.37011438E+04  0.42019107E+03
  0.60000000E+00  0.37045367E+04  0.42602371E+03
  0.61000000E+00  0.37080047E+04  0.43193149E+03
  0.62000000E+00  0.37115427E+04  0.43791438E+03
  0.63000000E+00  0.37151456E+04  0.44397089E+03
  0.64000000E+00  0.37188081E+04  0.45009826E+03
  0.65000000E+00  0.37225250E+04  0.45629274E+03
  0.66000000E+00  0.37262907E+04  0.46254985E+03
  0.67000000E+00  0.37300997E+04  0.46886470E+03
  0.68000000E+00  0.37339465E+04  0.47523228E+03
  0.69000000E+00  0.37378254E+04  0.48164772E+03
  0.70000000E+00  0.37417311E+04  0.48810652E+03
  0.71000000E+00  0.37456586E+04  0.49460476E+03
  0.72000000E+00  0.37496036E+04  0.50113919E+03
  0.73000000E+00  0.37535625E+04  0.50770736E+03
  0.74000000E+00  0.37575330E+04  0.51430760E+03
  0.75000000E+00  0.37615144E+04  0.52093900E+03
  0.76000000E+00  0.37655078E+04  0.52760131E+03
  0.77000000E+00  0.37695166E+04  0.53429478E+03
  0.78000000E+00  0.37735469E+04  0.54102004E+03
  0.79000000E+00  0.37776076E+04  0.54777784E+03
  0.80000000E+00  0.37817107E+04  0.55456890E+03
  0.81000000E+00  0.37858717E+04  0.56139369E+03
  0.82000000E+00  0.37901090E+04  0.56825227E+03
  0.83000000E+00  0.37944440E+04  0.57514423E+03
  0.84000000E+00  0.37989007E+04  0.58206866E+03
  0.85000000E+00  0.38035047E+04  0.58902421E+03
  0.86000000E+00  0.38082827E+04  0.59600939E+03
  0.87000000E+00  0.38132606E+04  0.60302285E+03
  0.88000000E+00  0.38184628E+04  0.61006387E+03
  0.89000000E+00  0.38239101E+04  0.61713300E+03
  0.90000000E+00  0.38296180E+04  0.62423266E+03
  0.91000000E+00  0.38355952E+04  0.63136789E+03
  0.92000000E+00  0.38418418E+04  0.63854706E+03
  0.93000000E+00  0.38483477E+04  0.64578249E+03
  0.94000000E+00  0.38550918E+04  0.65309097E+03
  0.95000000E+00  0.38620411E+04  0.66049393E+03
  0.96000000E+00  0.38691505E+04  0.66801744E+03
  0.97000000E+00  0.38763636E+04  0.67569158E+03
  0.98000000E+00  0.38836134E+04  0.68354928E+03
  0.99000000E+00  0.38908246E+04  0.69162445E+03
  0.10000000E+01  0.38979150E+04  0.69994928E+03
  0.10100000E+01  0.39047989E+04  0.70855079E+03
  0.10200000E+01  0.39113894E+04  0.71744697E+03
  0.10300000E+01  0.39176019E+04  0.72664280E+03
  0.10400000E+01  0.39233565E+04  0.73612713E+03
  0.10500000E+01  0.39285811E+04  0.74587111E+03
  0.10600000E+01  0.39332142E+04  0.75582899E+03
  0.10700000E+01  0.39372071E+04  0.76594154E+03
  0.10800000E+01  0.39405261E+04  0.77614158E+03
  0.10900000E+01  0.39431554E+04  0.78636058E+03
  0.11000000E+01  0.39450984E+04  0.79653445E+03
  0.11100000E+01  0.39463801E+04  0.80660716E+03
  0.11200000E+01  0.39470489E+04  0.81653121E+03
  0.11300000E+01  0.39472049E+04  0.82626731E+03
  0.11400000E+01  0.39473172E+04  0.83580694E+03
  0.11500000E+01  0.39482568E+04  0.84539911E+03
  0.11600000E+01  0.39480034E+04  0.85573910E+03
  0.11700000E+01  0.39453934E+04  0.86533472E+03
  0.11800000E+01  0.39435944E+04  0.87418655E+03
  0.11900000E+01  0.39427798E+04  0.88286830E+03
  0.12000000E+01  0.39423690E+04  0.89146953E+03
  0.12100000E+01  0.39423468E+04  0.90001760E+03
  0.12200000E+01  0.39427689E+04  0.90854313E+03
  0.12300000E+01  0.39436622E+04  0.91708186E+03
  0.12400000E+01  0.39450203E+04  0.92567186E+03
  0.12500000E+01  0.39468038E+04  0.93435336E+03
  0.12600000E+01  0.39489409E+04  0.94317144E+03
  0.12700000E+01  0.39513305E+04  0.95217842E+03
  0.12800000E+01  0.39538457E+04  0.96143294E+03
  0.12900000E+01  0.39563433E+04  0.97099488E+03
  0.13000000E+01  0.39586777E+04  0.98091748E+03
  0.13100000E+01  0.39607197E+04  0.99123891E+03
  0.13200000E+01  0.39623612E+04  0.10019757E+04
  0.13300000E+01  0.39634859E+04  0.10131220E+04
  0.13400000E+01  0.39639046E+04  0.10246573E+04
  0.13500000E+01  0.39633208E+04  0.10365495E+04
  0.13600000E+01  0.39614063E+04  0.10486970E+04
  0.13700000E+01  0.39579737E+04  0.10608318E+04
  0.13800000E+01  0.39530976E+04  0.10726382E+04
  0.13900000E+01  0.39470628E+04  0.10839751E+04
  0.14000000E+01  0.39401904E+04  0.10948373E+04
  0.14100000E+01  0.39327064E+04  0.11052485E+04
  0.14200000E+01  0.39247333E+04  0.11152356E+04
  0.14300000E+01  0.39163523E+04  0.11248314E+04
  0.14400000E+01  0.39076539E+04  0.11340753E+04
  0.14500000E+01  0.38987472E+04  0.11430108E+04
  0.14600000E+01  0.38897466E+04  0.11516814E+04
  0.14700000E+01  0.38807563E+04  0.11601275E+04
  0.14800000E+01  0.38718610E+04  0.11683852E+04
  0.14900000E+01  0.38631226E+04  0.11764850E+04
  0.15000000E+01  0.38545799E+04  0.11844523E+04
  0.15100000E+01  0.38462504E+04  0.11923077E+04
  0.15200000E+01  0.38381335E+04  0.12000674E+04
  0.15300000E+01  0.38302137E+04  0.12077446E+04
  0.15400000E+01  0.38224650E+04  0.12153492E+04
  0.15500000E+01  0.38148542E+04  0.12228890E+04
  0.15600000E+01  0.38073449E+04  0.12303699E+04
  0.15700000E+01  0.37998997E+04  0.12377960E+04
  0.15800000E+01  0.37924831E+04  0.12451701E+04
  0.15900000E+01  0.37850631E+04  0.12524937E+04
  0.16000000E+01  0.37776125E+04  0.12597672E+04
  0.16100000E+01  0.37701092E+04  0.12669905E+04
  0.16200000E+01  0.37625369E+04  0.12741633E+04
  0.16300000E+01  0.37548850E+04  0.12812852E+04
  0.16400000E+01  0.37471480E+04  0.12883556E+04
  0.16500000E+01  0.37393256E+04  0.12953739E+04
  0.16600000E+01  0.37314215E+04  0.13023391E+04
  0.16700000E+01  0.37234434E+04  0.13092507E+04
  0.16800000E+01  0.37154019E+04  0.13161084E+04
  0.16900000E+01  0.37073101E+04  0.13229132E+04
  0.17000000E+01  0.36991826E+04  0.13296677E+04
  0.17100000E+01  0.36910357E+04  0.13363756E+04
  0.17200000E+01  0.36828859E+04  0.13430421E+04
  0.17300000E+01  0.36747494E+04  0.13496732E+04
  0.17400000E+01  0.36666416E+04  0.13562757E+04
  0.17500000E+01  0.36585757E+04  0.13628570E+04
  0.17600000E+01  0.36505620E+04  0.13694250E+04
  0.17700000E+01  0.36426070E+04  0.13759884E+04
  0.17800000E+01  0.36347150E+04  0.13825569E+04
  0.17900000E+01  0.36268891E+04  0.13891418E+04
  0.18000000E+01  0.36191321E+04  0.13957570E+04
  0.18100000E+01  0.36114371E+04  0.14024205E+04
  0.18200000E+01  0.36037659E+04  0.14091571E+04
  0.18300000E+01  0.35960286E+04  0.14159978E+04
  0.18400000E+01  0.35880933E+04  0.14229614E+04
  0.18500000E+01  0.35798434E+04  0.14300116E+04
  0.18600000E+01  0.35712415E+04  0.14370612E+04
  0.18700000E+01  0.35623413E+04  0.14440468E+04
  0.18800000E+01  0.35532379E+04  0.14509448E+04
  0.18900000E+01  0.35440114E+04  0.14577483E+04
  0.19000000E+01  0.35347088E+04  0.14644574E+04
  0.19100000E+01  0.35253576E+04  0.14710751E+04
  0.19200000E+01  0.35159823E+04  0.14776062E+04
  0.19300000E+01  0.35066131E+04  0.14840559E+04
  0.19400000E+01  0.34972885E+04  0.14904293E+04
  0.19500000E+01  0.34880648E+04  0.14967308E+04
  0.19600000E+01  0.34791436E+04  0.15029749E+04
  0.19700000E+01  0.34711861E+04  0.15092912E+04
  0.19800000E+01  0.34633531E+04  0.15162868E+04
  0.19900000E+01  0.34534613E+04  0.15233532E+04
  0.20000000E+01  0.34434921E+04  0.15298030E+04
  0.20100000E+01  0.34342491E+04  0.15361149E+04
  0.20200000E+01  0.34251974E+04  0.15423704E+04
  0.20300000E+01  0.34163074E+04  0.15486018E+04
  0.20400000E+01  0.34076257E+04  0.15548355E+04
  0.20500000E+01  0.33991484E+04  0.15610903E+04
  0.20600000E+01  0.33908525E+04  0.15673804E+04
  0.20700000E+01  0.33827169E+04  0.15737200E+04
  0.20800000E+01  0.33747242E+04  0.15801242E+04
  0.20900000E+01  0.33668568E+04  0.15866107E+04
  0.21000000E+01  0.33590939E+04  0.15931988E+04
  0.21100000E+01  0.33514087E+04  0.15999099E+04
  0.21200000E+01  0.33437650E+04  0.16067655E+04
  0.21300000E+01  0.33361145E+04  0.16137867E+04
  0.21400000E+01  0.33283935E+04  0.16209922E+04
  0.21500000E+01  0.33205202E+04  0.16283968E+04
  0.21600000E+01  0.33123933E+04  0.16360106E+04
  0.21700000E+01  0.33038918E+04  0.16438384E+04
  0.21800000E+01  0.32948776E+04  0.16518798E+04
  0.21900000E+01  0.32852007E+04  0.16601276E+04
  0.22000000E+01  0.32747073E+04  0.16685650E+04
  0.22100000E+01  0.32632559E+04  0.16771583E+04
  0.22200000E+01  0.32507491E+04  0.16858480E+04
  0.22300000E+01  0.32372046E+04  0.16945422E+04
  0.22400000E+01  0.32228820E+04  0.17031191E+04
  0.22500000E+01  0.32084175E+04  0.17114492E+04
  0.22600000E+01  0.31947565E+04  0.17194503E+04
  0.22700000E+01  0.31825928E+04  0.17271964E+04
  0.22800000E+01  0.31713737E+04  0.17350709E+04
  0.22900000E+01  0.31587622E+04  0.17437290E+04
  0.23000000E+01  0.31428706E+04  0.17532253E+04
  0.23100000E+01  0.31342254E+04  0.17623945E+04
  0.23200000E+01  0.31520564E+04  0.17765265E+04
  0.23300000E+01  0.31405837E+04  0.18141690E+04
  0.23400000E+01  0.30632620E+04  0.18369424E+04
  0.23500000E+01  0.30019301E+04  0.18398635E+04
  0.23600000E+01  0.29701623E+04  0.18405374E+04
  0.23700000E+01  0.29456385E+04  0.18419088E+04
  0.23800000E+01  0.29223486E+04  0.18439716E+04
  0.23900000E+01  0.28995177E+04  0.18464727E+04
  0.24000000E+01  0.28769559E+04  0.18492219E+04
  0.24100000E+01  0.28546029E+04  0.18520962E+04
  0.24200000E+01  0.28324356E+04  0.18550155E+04
  0.24300000E+01  0.28104359E+04  0.18579259E+04
  0.24400000E+01  0.27885860E+04  0.18607903E+04
  0.24500000E+01  0.27668703E+04  0.18635825E+04
  0.24600000E+01  0.27452773E+04  0.18662841E+04
  0.24700000E+01  0.27238004E+04  0.18688819E+04
  0.24800000E+01  0.27024372E+04  0.18713667E+04
  0.24900000E+01  0.26811891E+04  0.18737319E+04
  0.25000000E+01  0.26600601E+04  0.18759731E+04
  0.25100000E+01  0.26390566E+04  0.18780874E+04
  0.25200000E+01  0.26181867E+04  0.18800732E+04
  0.25300000E+01  0.25974593E+04  0.18819297E+04
  0.25400000E+01  0.25768845E+04  0.18836569E+04
  0.25500000E+01  0.25564724E+04  0.18852555E+04
  0.25600000E+01  0.25362336E+04  0.18867266E+04
  0.25700000E+01  0.25161782E+04  0.18880718E+04
  0.25800000E+01  0.24963168E+04  0.18892931E+04
  0.25900000E+01  0.24766592E+04  0.18903926E+04
  0.26000000E+01  0.24572151E+04  0.18913730E+04
  0.26100000E+01  0.24379939E+04  0.18922370E+04
  0.26200000E+01  0.24190047E+04  0.18929877E+04
  0.26300000E+01  0.24002562E+04  0.18936283E+04
  0.26400000E+01  0.23817567E+04  0.18941622E+04
  0.26500000E+01  0.23635144E+04  0.18945928E+04
  0.26600000E+01  0.23455373E+04  0.18949238E+04
  0.26700000E+01  0.23278331E+04  0.18951587E+04
  0.26800000E+01  0.23104098E+04  0.18953013E+04
  0.26900000E+01  0.22932751E+04  0.18953551E+04
  0.27000000E+01  0.22764369E+04  0.18953238E+04
  0.27100000E+01  0.22599034E+04  0.18952107E+04
  0.27200000E+01  0.22436831E+04  0.18950190E+04
  0.27300000E+01  0.22277848E+04  0.18947519E+04
  0.27400000E+01  0.22122178E+04  0.18944122E+04
  0.27500000E+01  0.21969918E+04  0.18940025E+04
  0.27600000E+01  0.21821172E+04  0.18935250E+04
  0.27700000E+01  0.21676049E+04  0.18929818E+04
  0.27800000E+01  0.21534663E+04  0.18923748E+04
  0.27900000E+01  0.21397133E+04  0.18917057E+04
  0.28000000E+01  0.21263586E+04  0.18909760E+04
  0.28100000E+01  0.21134148E+04  0.18901873E+04
  0.28200000E+01  0.21008953E+04  0.18893414E+04
  0.28300000E+01  0.20888133E+04  0.18884401E+04
  0.28400000E+01  0.20771819E+04  0.18874856E+04
  0.28500000E+01  0.20660143E+04  0.18864807E+04
  0.28600000E+01  0.20553229E+04  0.18854286E+04
  0.28700000E+01  0.20451194E+04  0.18843335E+04
  0.28800000E+01  0.20354144E+04  0.18832003E+04
  0.28900000E+01  0.20262174E+04  0.18820347E+04
  0.29000000E+01  0.20175358E+04  0.18808437E+04
  0.29100000E+01  0.20093754E+04  0.18796352E+04
  0.29200000E+01  0.20017395E+04  0.18784184E+04
  0.29300000E+01  0.19946287E+04  0.18772036E+04
  0.29400000E+01  0.19880410E+04  0.18760023E+04
  0.29500000E+01  0.19819710E+04  0.18748273E+04
  0.29600000E+01  0.19764098E+04  0.18736926E+04
  0.29700000E+01  0.19713452E+04  0.18726133E+04
  0.29800000E+01  0.19667610E+04  0.18716055E+04
  0.29900000E+01  0.19626372E+04  0.18706865E+04
  0.30000000E+01  0.19589503E+04  0.18698740E+04
  0.30100000E+01  0.19556730E+04  0.18691863E+04
  0.30200000E+01  0.19527748E+04  0.18686417E+04
  0.30300000E+01  0.19502220E+04  0.18682581E+04
  0.30400000E+01  0.19479785E+04  0.18680528E+04
  0.30500000E+01  0.19460057E+04  0.18680420E+04
  0.30600000E+01  0.19442631E+04  0.18682400E+04
  0.30700000E+01  0.19427089E+04  0.18686588E+04
  0.30800000E+01  0.19413004E+04  0.18693073E+04
  0.30900000E+01  0.19399950E+04  0.18701908E+04
  0.31000000E+01  0.19387511E+04  0.18713105E+04
  0.31100000E+01  0.19375292E+04  0.18726637E+04
  0.31200000E+01  0.19362929E+04  0.18742433E+04
  0.31300000E+01  0.19350105E+04  0.18760391E+04
  0.31400000E+01  0.19336561E+04  0.18780377E+04
  0.31500000E+01  0.19322114E+04  0.18802237E+04
  0.31600000E+01  0.19306661E+04  0.18825807E+04
  0.31700000E+01  0.19290198E+04  0.18850925E+04
  0.31800000E+01  0.19272816E+04  0.18877439E+04
  0.31900000E+01  0.19254708E+04  0.18905222E+04
  0.32000000E+01  0.19236158E+04  0.18934172E+04
  0.32100000E+01  0.19217529E+04  0.18964226E+04
  0.32200000E+01  0.19199239E+04  0.18995362E+04
  0.32300000E+01  0.19181743E+04  0.19027609E+04
  0.32400000E+01  0.19165498E+04  0.19061051E+04
  0.32500000E+01  0.19150944E+04  0.19095840E+04
  0.32600000E+01  0.19138466E+04  0.19132206E+04
  0.32700000E+01  0.19128363E+04  0.19170467E+04
  0.32800000E+01  0.19120808E+04  0.19211032E+04
  0.32900000E+01  0.19115779E+04  0.19254398E+04
  0.33000000E+01  0.19112974E+04  0.19301121E+04
  0.33100000E+01  0.19111712E+04  0.19351774E+04
  0.33200000E+01  0.19110812E+04  0.19406884E+04
  0.33300000E+01  0.19108497E+04  0.19466869E+04
  0.33400000E+01  0.19102360E+04  0.19531993E+04
  0.33500000E+01  0.19089401E+04  0.19602345E+04
  0.33600000E+01  0.19066201E+04  0.19677833E+04
  0.33700000E+01  0.19029206E+04  0.19758139E+04
  0.33800000E+01  0.18975107E+04  0.19842591E+04
  0.33900000E+01  0.18901259E+04  0.19929996E+04
  0.34000000E+01  0.18806058E+04  0.20018570E+04
  0.34100000E+01  0.18689206E+04  0.20106107E+04
  0.34200000E+01  0.18551797E+04  0.20190335E+04
  0.34300000E+01  0.18396210E+04  0.20269296E+04
  0.34400000E+01  0.18225826E+04  0.20341632E+04
  0.34500000E+01  0.18044625E+04  0.20406737E+04
  0.34600000E+01  0.17856732E+04  0.20464736E+04
  0.34700000E+01  0.17665997E+04  0.20516298E+04
  0.34800000E+01  0.17475670E+04  0.20562369E+04
  0.34900000E+01  0.17288196E+04  0.20603922E+04
  0.35000000E+01  0.17105147E+04  0.20641802E+04
  0.35100000E+01  0.16927271E+04  0.20676663E+04
  0.35200000E+01  0.16754622E+04  0.20708972E+04
  0.35300000E+01  0.16586738E+04  0.20739044E+04
  0.35400000E+01  0.16422832E+04  0.20767093E+04
  0.35500000E+01  0.16261965E+04  0.20793261E+04
  0.35600000E+01  0.16103186E+04  0.20817650E+04
  0.35700000E+01  0.15945637E+04  0.20840335E+04
  0.35800000E+01  0.15788608E+04  0.20861374E+04
  0.35900000E+01  0.15631566E+04  0.20880805E+04
  0.36000000E+01  0.15474150E+04  0.20898656E+04
  0.36100000E+01  0.15316157E+04  0.20914940E+04
  0.36200000E+01  0.15157505E+04  0.20929660E+04
  0.36300000E+01  0.14998211E+04  0.20942812E+04
  0.36400000E+01  0.14838354E+04  0.20954386E+04
  0.36500000E+01  0.14678055E+04  0.20964375E+04
  0.36600000E+01  0.14517457E+04  0.20972769E+04
  0.36700000E+01  0.14356711E+04  0.20979563E+04
  0.36800000E+01  0.14195971E+04  0.20984756E+04
  0.36900000E+01  0.14035384E+04  0.20988351E+04
  0.37000000E+01  0.13875096E+04  0.20990353E+04
  0.37100000E+01  0.13715244E+04  0.20990770E+04
  0.37200000E+01  0.13555964E+04  0.20989607E+04
  0.37300000E+01  0.13397390E+04  0.20986861E+04
  0.37400000E+01  0.13239652E+04  0.20982521E+04
  0.37500000E+01  0.13082883E+04  0.20976558E+04
  0.37600000E+01  0.12927216E+04  0.20968922E+04
  0.37700000E+01  0.12772788E+04  0.20959525E+04
  0.37800000E+01  0.12619735E+04  0.20948234E+04
  0.37900000E+01  0.12468193E+04  0.20934848E+04
  0.38000000E+01  0.12318295E+04  0.20919067E+04
  0.38100000E+01  0.12170168E+04  0.20900440E+04
  0.38200000E+01  0.12023926E+04  0.20878287E+04
  0.38300000E+01  0.11879744E+04  0.20851555E+04
  0.38400000E+01  0.11740596E+04  0.20818834E+04
  0.38500000E+01  0.11612057E+04  0.20781605E+04
  0.38600000E+01  0.11473664E+04  0.20737332E+04
  0.38700000E+01  0.11416895E+04  0.20676297E+04
  0.38800000E+01  0.11675208E+04  0.20644200E+04
  0.38900000E+01  0.11973507E+04  0.20835041E+04
  0.39000000E+01  0.11551102E+04  0.21096082E+04
  0.39100000E+01  0.10951618E+04  0.21092241E+04
  0.39200000E+01  0.10684265E+04  0.21027498E+04
  0.39300000E+01  0.10545098E+04  0.20968098E+04
  0.39400000E+01  0.10419992E+04  0.20918266E+04
  0.39500000E+01  0.10296488E+04  0.20875304E+04
  0.39600000E+01  0.10174099E+04  0.20836877E+04
  0.39700000E+01  0.10052821E+04  0.20801464E+04
  0.39800000E+01  0.99327211E+03  0.20768116E+04
  0.39900000E+01  0.98137950E+03  0.20736267E+04
  0.40000000E+01  0.96956366E+03  0.20705616E+04
  0.40100000E+01  0.95774659E+03  0.20675881E+04
  0.40200000E+01  0.94588850E+03  0.20646374E+04
  0.40300000E+01  0.93403437E+03  0.20616523E+04
  0.40400000E+01  0.92224952E+03  0.20586241E+04
  0.40500000E+01  0.91055252E+03  0.20555447E+04
  0.40600000E+01  0.89892966E+03  0.20523973E+04
  0.40700000E+01  0.88737153E+03  0.20491636E+04
  0.40800000E+01  0.87588251E+03  0.20458268E+04
  0.40900000E+01  0.86447542E+03  0.20423732E+04
  0.41000000E+01  0.85316732E+03  0.20387933E+04
  0.41100000E+01  0.84197786E+03  0.20350813E+04
  0.41200000E+01  0.83092858E+03  0.20312352E+04
  0.41300000E+01  0.82004226E+03  0.20272565E+04
  0.41400000E+01  0.80934234E+03  0.20231493E+04
  0.41500000E+01  0.79885234E+03  0.20189201E+04
  0.41600000E+01  0.78859525E+03  0.20145768E+04
  0.41700000E+01  0.77859305E+03  0.20101283E+04
  0.41800000E+01  0.76886621E+03  0.20055841E+04
  0.41900000E+01  0.75943329E+03  0.20009538E+04
  0.42000000E+01  0.75031060E+03  0.19962466E+04
  0.42100000E+01  0.74151198E+03  0.19914718E+04
  0.42200000E+01  0.73304866E+03  0.19866379E+04
  0.42300000E+01  0.72492914E+03  0.19817528E+04
  0.42400000E+01  0.71715926E+03  0.19768242E+04
  0.42500000E+01  0.70974226E+03  0.19718587E+04
  0.42600000E+01  0.70267889E+03  0.19668628E+04
  0.42700000E+01  0.69596771E+03  0.19618422E+04
  0.42800000E+01  0.68960521E+03  0.19568024E+04
  0.42900000E+01  0.68358614E+03  0.19517481E+04
  0.43000000E+01  0.67790378E+03  0.19466839E+04
  0.43100000E+01  0.67255020E+03  0.19416140E+04
  0.43200000E+01  0.66751664E+03  0.19365421E+04
  0.43300000E+01  0.66279399E+03  0.19314720E+04
  0.43400000E+01  0.65837368E+03  0.19264068E+04
  0.43500000E+01  0.65424930E+03  0.19213500E+04
  0.43600000E+01  0.65041852E+03  0.19163050E+04
  0.43700000E+01  0.64688369E+03  0.19112756E+04
  0.43800000E+01  0.64364765E+03  0.19062673E+04
  0.43900000E+01  0.64070309E+03  0.19012889E+04
  0.44000000E+01  0.63802045E+03  0.18963543E+04
  0.44100000E+01  0.63554672E+03  0.18914799E+04
  0.44200000E+01  0.63322404E+03  0.18866676E+04
  0.44300000E+01  0.63103109E+03  0.18818890E+04
  0.44400000E+01  0.62900648E+03  0.18771326E+04
  0.44500000E+01  0.62704062E+03  0.18723798E+04
  0.44600000E+01  0.62530975E+03  0.18676107E+04
  0.44700000E+01  0.62382207E+03  0.18628695E+04
  0.44800000E+01  0.62255530E+03  0.18581654E+04
  0.44900000E+01  0.62149167E+03  0.18535030E+04
  0.45000000E+01  0.62061217E+03  0.18488849E+04
  0.45100000E+01  0.61990212E+03  0.18443129E+04
  0.45200000E+01  0.61935164E+03  0.18397886E+04
  0.45300000E+01  0.61895390E+03  0.18353131E+04
  0.45400000E+01  0.61870359E+03  0.18308877E+04
  0.45500000E+01  0.61859603E+03  0.18265135E+04
  0.45600000E+01  0.61862686E+03  0.18221914E+04
  0.45700000E+01  0.61879192E+03  0.18179225E+04
  0.45800000E+01  0.61908721E+03  0.18137079E+04
  0.45900000E+01  0.61950890E+03  0.18095483E+04
  0.46000000E+01  0.62005327E+03  0.18054449E+04
  0.46100000E+01  0.62071677E+03  0.18013983E+04
  0.46200000E+01  0.62149599E+03  0.17974094E+04
  0.46300000E+01  0.62238763E+03  0.17934788E+04
  0.46400000E+01  0.62338854E+03  0.17896073E+04
  0.46500000E+01  0.62449568E+03  0.17857953E+04
  0.46600000E+01  0.62570614E+03  0.17820431E+04
  0.46700000E+01  0.62701710E+03  0.17783512E+04
  0.46800000E+01  0.62842586E+03  0.17747196E+04
  0.46900000E+01  0.62992979E+03  0.17711487E+04
  0.47000000E+01  0.63152634E+03  0.17676384E+04
  0.47100000E+01  0.63321303E+03  0.17641889E+04
  0.47200000E+01  0.63498741E+03  0.17608003E+04
  0.47300000E+01  0.63684711E+03  0.17574726E+04
  0.47400000E+01  0.63878975E+03  0.17542060E+04
  0.47500000E+01  0.64081296E+03  0.17510005E+04
  0.47600000E+01  0.64291425E+03  0.17478564E+04
  0.47700000E+01  0.64509093E+03  0.17447738E+04
  0.47800000E+01  0.64734003E+03  0.17417530E+04
  0.47900000E+01  0.64965829E+03  0.17387943E+04
  0.48000000E+01  0.65204225E+03  0.17358976E+04
  0.48100000E+01  0.65448842E+03  0.17330631E+04
  0.48200000E+01  0.65699346E+03  0.17302902E+04
  0.48300000E+01  0.65955423E+03  0.17275786E+04
  0.48400000E+01  0.66216772E+03  0.17249282E+04
  0.48500000E+01  0.66483086E+03  0.17223388E+04
  0.48600000E+01  0.66754039E+03  0.17198105E+04
  0.48700000E+01  0.67029276E+03  0.17173431E+04
  0.48800000E+01  0.67308418E+03  0.17149361E+04
  0.48900000E+01  0.67591075E+03  0.17125894E+04
  0.49000000E+01  0.67876850E+03  0.17103023E+04
  0.49100000E+01  0.68165355E+03  0.17080744E+04
  0.49200000E+01  0.68456207E+03  0.17059051E+04
  0.49300000E+01  0.68749039E+03  0.17037939E+04
  0.49400000E+01  0.69043494E+03  0.17017404E+04
  0.49500000E+01  0.69339231E+03  0.16997440E+04
  0.49600000E+01  0.69635924E+03  0.16978047E+04
  0.49700000E+01  0.69933270E+03  0.16959221E+04
  0.49800000E+01  0.70230988E+03  0.16940963E+04
  0.49900000E+01  0.70528825E+03  0.16923275E+04
  0.50000000E+01  0.70826559E+03  0.16906160E+04
  0.50100000E+01  0.71123984E+03  0.16889621E+04
  0.50200000E+01  0.71420898E+03  0.16873665E+04
  0.50300000E+01  0.71717067E+03  0.16858300E+04
  0.50400000E+01  0.72012183E+03  0.16843536E+04
  0.50500000E+01  0.72305828E+03  0.16829388E+04
  0.50600000E+01  0.72597464E+03  0.16815871E+04
  0.50700000E+01  0.72886451E+03  0.16803002E+04
  0.50800000E+01  0.73172115E+03  0.16790791E+04
  0.50900000E+01  0.73453827E+03  0.16779236E+04
  0.51000000E+01  0.73731086E+03  0.16768321E+04
  0.51100000E+01  0.74003555E+03  0.16758023E+04
  0.51200000E+01  0.74271044E+03  0.16748332E+04
  0.51300000E+01  0.74533449E+03  0.16739253E+04
  0.51400000E+01  0.74790658E+03  0.16730799E+04
  0.51500000E+01  0.75042476E+03  0.16722985E+04
  0.51600000E+01  0.75288575E+03  0.16715822E+04
  0.51700000E+01  0.75528496E+03  0.16709322E+04
  0.51800000E+01  0.75761670E+03  0.16703490E+04
  0.51900000E+01  0.75987454E+03  0.16698330E+04
  0.52000000E+01  0.76205173E+03  0.16693845E+04
  0.52100000E+01  0.76414140E+03  0.16690037E+04
  0.52200000E+01  0.76613667E+03  0.16686905E+04
  0.52300000E+01  0.76803067E+03  0.16684447E+04
  0.52400000E+01  0.76981654E+03  0.16682663E+04
  0.52500000E+01  0.77148738E+03  0.16681548E+04
  0.52600000E+01  0.77303619E+03  0.16681099E+04
  0.52700000E+01  0.77445592E+03  0.16681310E+04
  0.52800000E+01  0.77573941E+03  0.16682175E+04
  0.52900000E+01  0.77687945E+03  0.16683686E+04
  0.53000000E+01  0.77786882E+03  0.16685834E+04
  0.53100000E+01  0.77870025E+03  0.16688608E+04
  0.53200000E+01  0.77936654E+03  0.16691996E+04
  0.53300000E+01  0.77986055E+03  0.16695984E+04
  0.53400000E+01  0.78017523E+03  0.16700555E+04
  0.53500000E+01  0.78030371E+03  0.16705693E+04
  0.53600000E+01  0.78023929E+03  0.16711374E+04
  0.53700000E+01  0.77997554E+03  0.16717577E+04
  0.53800000E+01  0.77950630E+03  0.16724274E+04
  0.53900000E+01  0.77882576E+03  0.16731436E+04
  0.54000000E+01  0.77792848E+03  0.16739030E+04
  0.54100000E+01  0.77680945E+03  0.16747020E+04
  0.54200000E+01  0.77546416E+03  0.16755366E+04
  0.54300000E+01  0.77388861E+03  0.16764023E+04
  0.54400000E+01  0.77207935E+03  0.16772945E+04
  0.54500000E+01  0.77003354E+03  0.16782079E+04
  0.54600000E+01  0.76774899E+03  0.16791372E+04
  0.54700000E+01  0.76522418E+03  0.16800764E+04
  0.54800000E+01  0.76245827E+03  0.16810195E+04
  0.54900000E+01  0.75945115E+03  0.16819601E+04
  0.55000000E+01  0.75620348E+03  0.16828916E+04
  0.55100000E+01  0.75271663E+03  0.16838074E+04
  0.55200000E+01  0.74899274E+03  0.16847007E+04
  0.55300000E+01  0.74503474E+03  0.16855649E+04
  0.55400000E+01  0.74084628E+03  0.16863933E+04
  0.55500000E+01  0.73643177E+03  0.16871797E+04
  0.55600000E+01  0.73179634E+03  0.16879180E+04
  0.55700000E+01  0.72694582E+03  0.16886026E+04
  0.55800000E+01  0.72188671E+03  0.16892283E+04
  0.55900000E+01  0.71662615E+03  0.16897903E+04
  0.56000000E+01  0.71117188E+03  0.16902847E+04
  0.56100000E+01  0.70553217E+03  0.16907078E+04
  0.56200000E+01  0.69971581E+03  0.16910569E+04
  0.56300000E+01  0.69373202E+03  0.16913296E+04
  0.56400000E+01  0.68759041E+03  0.16915242E+04
  0.56500000E+01  0.68130093E+03  0.16916397E+04
  0.56600000E+01  0.67487377E+03  0.16916754E+04
  0.56700000E+01  0.66831936E+03  0.16916313E+04
  0.56800000E+01  0.66164823E+03  0.16915077E+04
  0.56900000E+01  0.65487103E+03  0.16913053E+04
  0.57000000E+01  0.64799838E+03  0.16910251E+04
  0.57100000E+01  0.64104088E+03  0.16906684E+04
  0.57200000E+01  0.63400904E+03  0.16902366E+04
  0.57300000E+01  0.62691316E+03  0.16897315E+04
  0.57400000E+01  0.61976338E+03  0.16891547E+04
  0.57500000E+01  0.61256954E+03  0.16885080E+04
  0.57600000E+01  0.60534118E+03  0.16877932E+04
  0.57700000E+01  0.59808750E+03  0.16870123E+04
  0.57800000E+01  0.59081732E+03  0.16861669E+04
  0.57900000E+01  0.58353902E+03  0.16852589E+04
  0.58000000E+01  0.57626055E+03  0.16842899E+04
  0.58100000E+01  0.56898940E+03  0.16832616E+04
  0.58200000E+01  0.56173259E+03  0.16821755E+04
  0.58300000E+01  0.55449663E+03  0.16810331E+04
  0.58400000E+01  0.54728753E+03  0.16798359E+04
  0.58500000E+01  0.54011083E+03  0.16785851E+04
  0.58600000E+01  0.53297156E+03  0.16772821E+04
  0.58700000E+01  0.52587424E+03  0.16759279E+04
  0.58800000E+01  0.51882294E+03  0.16745238E+04
  0.58900000E+01  0.51182125E+03  0.16730707E+04
  0.59000000E+01  0.50487233E+03  0.16715697E+04
  0.59100000E+01  0.49797890E+03  0.16700218E+04
  0.59200000E+01  0.49114328E+03  0.16684279E+04
  0.59300000E+01  0.48436739E+03  0.16667888E+04
  0.59400000E+01  0.47765282E+03  0.16651055E+04
  0.59500000E+01  0.47100082E+03  0.16633787E+04
  0.59600000E+01  0.46441234E+03  0.16616093E+04
  0.59700000E+01  0.45788804E+03  0.16597981E+04
  0.59800000E+01  0.45142835E+03  0.16579459E+04
  0.59900000E+01  0.44503348E+03  0.16560535E+04
  0.60000000E+01  0.43870344E+03  0.16541217E+04
  0.60100000E+01  0.43243806E+03  0.16521513E+04
  0.60200000E+01  0.42623706E+03  0.16501430E+04
  0.60300000E+01  0.42010002E+03  0.16480977E+04
  0.60400000E+01  0.41402641E+03  0.16460161E+04
  0.60500000E+01  0.40801566E+03  0.16438990E+04
  0.60600000E+01  0.40206711E+03  0.16417474E+04
  0.60700000E+01  0.39618009E+03  0.16395619E+04
  0.60800000E+01  0.39035390E+03  0.16373433E+04
  0.60900000E+01  0.38458782E+03  0.16350926E+04
  0.61000000E+01  0.37888116E+03  0.16328105E+04
  0.61100000E+01  0.37323323E+03  0.16304979E+04
  0.61200000E+01  0.36764338E+03  0.16281555E+04
  0.61300000E+01  0.36211099E+03  0.16257843E+04
  0.61400000E+01  0.35663548E+03  0.16233851E+04
  0.61500000E+01  0.35121633E+03  0.16209586E+04
  0.61600000E+01  0.34585306E+03  0.16185058E+04
  0.61700000E+01  0.34054527E+03  0.16160274E+04
  0.61800000E+01  0.33529260E+03  0.16135244E+04
  0.61900000E+01  0.33009474E+03  0.16109975E+04
  0.62000000E+01  0.32495147E+03  0.16084475E+04
  0.62100000E+01  0.31986260E+03  0.16058752E+04
  0.62200000E+01  0.31482803E+03  0.16032816E+04
  0.62300000E+01  0.30984769E+03  0.16006673E+04
  0.62400000E+01  0.30492156E+03  0.15980332E+04
  0.62500000E+01  0.30004971E+03  0.15953800E+04
  0.62600000E+01  0.29523221E+03  0.15927086E+04
  0.62700000E+01  0.29046921E+03  0.15900196E+04
  0.62800000E+01  0.28576088E+03  0.15873139E+04
  0.62900000E+01  0.28110744E+03  0.15845922E+04
  0.63000000E+01  0.27650914E+03  0.15818552E+04
  0.63100000E+01  0.27196625E+03  0.15791037E+04
  0.63200000E+01  0.26747908E+03  0.15763383E+04
  0.63300000E+01  0.26304795E+03  0.15735597E+04
  0.63400000E+01  0.25867320E+03  0.15707687E+04
  0.63500000E+01  0.25435519E+03  0.15679659E+04
  0.63600000E+01  0.25009429E+03  0.15651520E+04
  0.63700000E+01  0.24589086E+03  0.15623275E+04
  0.63800000E+01  0.24174528E+03  0.15594932E+04
  0.63900000E+01  0.23765793E+03  0.15566497E+04
  0.64000000E+01  0.23362917E+03  0.15537976E+04
  0.64100000E+01  0.22965939E+03  0.15509374E+04
  0.64200000E+01  0.22574893E+03  0.15480698E+04
  0.64300000E+01  0.22189815E+03  0.15451954E+04
  0.64400000E+01  0.21810739E+03  0.15423146E+04
  0.64500000E+01  0.21437698E+03  0.15394281E+04
  0.64600000E+01  0.21070722E+03  0.15365364E+04
  0.64700000E+01  0.20709843E+03  0.15336400E+04
  0.64800000E+01  0.20355087E+03  0.15307394E+04
  0.64900000E+01  0.20006483E+03  0.15278352E+04
  0.65000000E+01  0.19664054E+03  0.15249279E+04
  0.65100000E+01  0.19327824E+03  0.15220178E+04
  0.65200000E+01  0.18997815E+03  0.15191056E+04
  0.65300000E+01  0.18674047E+03  0.15161916E+04
  0.65400000E+01  0.18356540E+03  0.15132764E+04
  0.65500000E+01  0.18045311E+03  0.15103604E+04
  0.65600000E+01  0.17740377E+03  0.15074439E+04
  0.65700000E+01  0.17441754E+03  0.15045276E+04
  0.65800000E+01  0.17149457E+03  0.15016117E+04
  0.65900000E+01  0.16863500E+03  0.14986967E+04
  0.66000000E+01  0.16583899E+03  0.14957830E+04
  0.66100000E+01  0.16310668E+03  0.14928711E+04
  0.66200000E+01  0.16043822E+03  0.14899613E+04
  0.66300000E+01  0.15783376E+03  0.14870539E+04
  0.66400000E+01  0.15529347E+03  0.14841495E+04
  0.66500000E+01  0.15281753E+03  0.14812484E+04
  0.66600000E+01  0.15040614E+03  0.14783509E+04
  0.66700000E+01  0.14805950E+03  0.14754575E+04
  0.66800000E+01  0.14577784E+03  0.14725685E+04
  0.66900000E+01  0.14356143E+03  0.14696842E+04
  0.67000000E+01  0.14141055E+03  0.14668052E+04
  0.67100000E+01  0.13932551E+03  0.14639317E+04
  0.67200000E+01  0.13730666E+03  0.14610641E+04
  0.67300000E+01  0.13535437E+03  0.14582028E+04
  0.67400000E+01  0.13346905E+03  0.14553482E+04
  0.67500000E+01  0.13165115E+03  0.14525006E+04
  0.67600000E+01  0.12990115E+03  0.14496605E+04
  0.67700000E+01  0.12821958E+03  0.14468283E+04
  0.67800000E+01  0.12660699E+03  0.14440043E+04
  0.67900000E+01  0.12506399E+03  0.14411890E+04
  0.68000000E+01  0.12359122E+03  0.14383828E+04
  0.68100000E+01  0.12218936E+03  0.14355862E+04
  0.68200000E+01  0.12085914E+03  0.14327997E+04
  0.68300000E+01  0.11960134E+03  0.14300237E+04
  0.68400000E+01  0.11841677E+03  0.14272588E+04
  0.68500000E+01  0.11730631E+03  0.14245056E+04
  0.68600000E+01  0.11627089E+03  0.14217646E+04
  0.68700000E+01  0.11531149E+03  0.14190364E+04
  0.68800000E+01  0.11442916E+03  0.14163219E+04
  0.68900000E+01  0.11362503E+03  0.14136215E+04
  0.69000000E+01  0.11290028E+03  0.14109363E+04
  0.69100000E+01  0.11225616E+03  0.14082670E+04
  0.69200000E+01  0.11169399E+03  0.14056146E+04
  0.69300000E+01  0.11121513E+03  0.14029799E+04
  0.69400000E+01  0.11082099E+03  0.14003642E+04
  0.69500000E+01  0.11051296E+03  0.13977686E+04
  0.69600000E+01  0.11029240E+03  0.13951943E+04
  0.69700000E+01  0.11016060E+03  0.13926426E+04
  0.69800000E+01  0.11011868E+03  0.13901151E+04
  0.69900000E+01  0.11016753E+03  0.13876134E+04
  0.70000000E+01  0.11030770E+03  0.13851390E+04
