  0.00000000E+00  0.33861933E+04 -0.20198919E-12
  0.10000000E-01  0.33865374E+04  0.37470036E+01
  0.20000000E-01  0.33875636E+04  0.75383106E+01
  0.30000000E-01  0.33892533E+04  0.11417573E+02
  0.40000000E-01  0.33915761E+04  0.15427100E+02
  0.50000000E-01  0.33944908E+04  0.19607089E+02
  0.60000000E-01  0.33979464E+04  0.23994755E+02
  0.70000000E-01  0.34018837E+04  0.28623332E+02
  0.80000000E-01  0.34062367E+04  0.33520959E+02
  0.90000000E-01  0.34109345E+04  0.38709479E+02
  0.10000000E+00  0.34159033E+04  0.44203216E+02
  0.11000000E+00  0.34210685E+04  0.50007837E+02
  0.12000000E+00  0.34263563E+04  0.56119441E+02
  0.13000000E+00  0.34316957E+04  0.62524051E+02
  0.14000000E+00  0.34370202E+04  0.69197658E+02
  0.15000000E+00  0.34422695E+04  0.76106968E+02
  0.16000000E+00  0.34473905E+04  0.83210895E+02
  0.17000000E+00  0.34523385E+04  0.90462756E+02
  0.18000000E+00  0.34570776E+04  0.97812987E+02
  0.19000000E+00  0.34615815E+04  0.10521213E+03
  0.20000000E+00  0.34658333E+04  0.11261374E+03
  0.21000000E+00  0.34698255E+04  0.11997689E+03
  0.22000000E+00  0.34735594E+04  0.12726806E+03
  0.23000000E+00  0.34770441E+04  0.13446217E+03
  0.24000000E+00  0.34802961E+04  0.14154287E+03
  0.25000000E+00  0.34833378E+04  0.14850197E+03
  0.26000000E+00  0.34861965E+04  0.15533843E+03
  0.27000000E+00  0.34889031E+04  0.16205690E+03
  0.28000000E+00  0.34914907E+04  0.16866609E+03
  0.29000000E+00  0.34939935E+04  0.17517717E+03
  0.30000000E+00  0.34964459E+04  0.18160229E+03
  0.31000000E+00  0.34988810E+04  0.18795329E+03
  0.32000000E+00  0.35013300E+04  0.19424073E+03
  0.33000000E+00  0.35038216E+04  0.20047318E+03
  0.34000000E+00  0.35063812E+04  0.20665684E+03
  0.35000000E+00  0.35090308E+04  0.21279536E+03
  0.36000000E+00  0.35117886E+04  0.21889000E+03
  0.37000000E+00  0.35146692E+04  0.22493992E+03
  0.38000000E+00  0.35176834E+04  0.23094268E+03
  0.39000000E+00  0.35208391E+04  0.23689478E+03
  0.40000000E+00  0.35241408E+04  0.24279231E+03
  0.41000000E+00  0.35275905E+04  0.24863159E+03
  0.42000000E+00  0.35311884E+04  0.25440973E+03
  0.43000000E+00  0.35349327E+04  0.26012515E+03
  0.44000000E+00  0.35388206E+04  0.26577791E+03
  0.45000000E+00  0.35428486E+04  0.27137002E+03
  0.46000000E+00  0.35470129E+04  0.27690547E+03
  0.47000000E+00  0.35513098E+04  0.28239025E+03
  0.48000000E+00  0.35557360E+04  0.28783214E+03
  0.49000000E+00  0.35602887E+04  0.29324051E+03
  0.50000000E+00  0.35649659E+04  0.29862594E+03
  0.51000000E+00  0.35697665E+04  0.30399988E+03
  0.52000000E+00  0.35746900E+04  0.30937419E+03
  0.53000000E+00  0.35797372E+04  0.31476080E+03
  0.54000000E+00  0.35849092E+04  0.32017128E+03
  0.55000000E+00  0.35902079E+04  0.32561654E+03
  0.56000000E+00  0.35956355E+04  0.33110653E+03
  0.57000000E+00  0.36011945E+04  0.33665003E+03
  0.58000000E+00  0.36068873E+04  0.34225456E+03
  0.59000000E+00  0.36127159E+04  0.34792628E+03
  0.60000000E+00  0.36186819E+04  0.35367006E+03
  0.61000000E+00  0.36247860E+04  0.35948955E+03
  0.62000000E+00  0.36310279E+04  0.36538737E+03
  0.63000000E+00  0.36374059E+04  0.37136531E+03
  0.64000000E+00  0.36439171E+04  0.37742455E+03
  0.65000000E+00  0.36505565E+04  0.38356598E+03
  0.66000000E+00  0.36573177E+04  0.38979040E+03
  0.67000000E+00  0.36641921E+04  0.39609877E+03
  0.68000000E+00  0.36711692E+04  0.40249241E+03
  0.69000000E+00  0.36782366E+04  0.40897312E+03
  0.70000000E+00  0.36853798E+04  0.41554331E+03
  0.71000000E+00  0.36925824E+04  0.42220593E+03
  0.72000000E+00  0.36998265E+04  0.42896447E+03
  0.73000000E+00  0.37070925E+04  0.43582278E+03
  0.74000000E+00  0.37143594E+04  0.44278482E+03
  0.75000000E+00  0.37216055E+04  0.44985438E+03
  0.76000000E+00  0.37288082E+04  0.45703471E+03
  0.77000000E+00  0.37359448E+04  0.46432810E+03
  0.78000000E+00  0.37429927E+04  0.47173540E+03
  0.79000000E+00  0.37499297E+04  0.47925564E+03
  0.80000000E+00  0.37567350E+04  0.48688557E+03
  0.81000000E+00  0.37633888E+04  0.49461937E+03
  0.82000000E+00  0.37698736E+04  0.50244837E+03
  0.83000000E+00  0.37761738E+04  0.51036101E+03
  0.84000000E+00  0.37822769E+04  0.51834288E+03
  0.85000000E+00  0.37881730E+04  0.52637701E+03
  0.86000000E+00  0.37938557E+04  0.53444426E+03
  0.87000000E+00  0.37993222E+04  0.54252388E+03
  0.88000000E+00  0.38045733E+04  0.55059417E+03
  0.89000000E+00  0.38096137E+04  0.55863321E+03
  0.90000000E+00  0.38144519E+04  0.56661959E+03
  0.91000000E+00  0.38191008E+04  0.57453318E+03
  0.92000000E+00  0.38235787E+04  0.58235578E+03
  0.93000000E+00  0.38279116E+04  0.59007184E+03
  0.94000000E+00  0.38321398E+04  0.59766918E+03
  0.95000000E+00  0.38363311E+04  0.60513991E+03
  0.96000000E+00  0.38406039E+04  0.61248187E+03
  0.97000000E+00  0.38451584E+04  0.61970117E+03
  0.98000000E+00  0.38503049E+04  0.62681672E+03
  0.99000000E+00  0.38564606E+04  0.63386878E+03
  0.10000000E+01  0.38640788E+04  0.64093408E+03
  0.10100000E+01  0.38734848E+04  0.64815137E+03
  0.10200000E+01  0.38846438E+04  0.65575832E+03
  0.10300000E+01  0.38969581E+04  0.66412542E+03
  0.10400000E+01  0.39092371E+04  0.67372685E+03
  0.10500000E+01  0.39199413E+04  0.68492515E+03
  0.10600000E+01  0.39276654E+04  0.69753441E+03
  0.10700000E+01  0.39316607E+04  0.71057921E+03
  0.10800000E+01  0.39321327E+04  0.72283022E+03
  0.10900000E+01  0.39301512E+04  0.73364808E+03
  0.11000000E+01  0.39272237E+04  0.74313860E+03
  0.11100000E+01  0.39247609E+04  0.75173270E+03
  0.11200000E+01  0.39236900E+04  0.75982698E+03
  0.11300000E+01  0.39244485E+04  0.76766975E+03
  0.11400000E+01  0.39283187E+04  0.77546447E+03
  0.11500000E+01  0.39377939E+04  0.78427596E+03
  0.11600000E+01  0.39443122E+04  0.79678206E+03
  0.11700000E+01  0.39426180E+04  0.80730532E+03
  0.11800000E+01  0.39440048E+04  0.81578850E+03
  0.11900000E+01  0.39485323E+04  0.82431778E+03
  0.12000000E+01  0.39535176E+04  0.83311804E+03
  0.12100000E+01  0.39585339E+04  0.84215907E+03
  0.12200000E+01  0.39635360E+04  0.85141551E+03
  0.12300000E+01  0.39684818E+04  0.86088380E+03
  0.12400000E+01  0.39733137E+04  0.87057586E+03
  0.12500000E+01  0.39779569E+04  0.88051304E+03
  0.12600000E+01  0.39823209E+04  0.89072223E+03
  0.12700000E+01  0.39863028E+04  0.90123287E+03
  0.12800000E+01  0.39897938E+04  0.91207282E+03
  0.12900000E+01  0.39926898E+04  0.92326217E+03
  0.13000000E+01  0.39949083E+04  0.93480641E+03
  0.13100000E+01  0.39964006E+04  0.94669136E+03
  0.13200000E+01  0.39971397E+04  0.95888328E+03
  0.13300000E+01  0.39970660E+04  0.97133837E+03
  0.13400000E+01  0.39960241E+04  0.98401834E+03
  0.13500000E+01  0.39937724E+04  0.99687381E+03
  0.13600000E+01  0.39901022E+04  0.10097421E+04
  0.13700000E+01  0.39849760E+04  0.10223319E+04
  0.13800000E+01  0.39785524E+04  0.10344464E+04
  0.13900000E+01  0.39710948E+04  0.10459860E+04
  0.14000000E+01  0.39628716E+04  0.10566161E+04
  0.14100000E+01  0.39579543E+04  0.10620273E+04
  0.14200000E+01  0.39449788E+04  0.10814374E+04
  0.14300000E+01  0.39355955E+04  0.10903662E+04
  0.14400000E+01  0.39260389E+04  0.10997590E+04
  0.14500000E+01  0.39163776E+04  0.11090521E+04
  0.14600000E+01  0.39066817E+04  0.11181733E+04
  0.14700000E+01  0.38970193E+04  0.11271201E+04
  0.14800000E+01  0.38874489E+04  0.11359056E+04
  0.14900000E+01  0.38780135E+04  0.11445462E+04
  0.15000000E+01  0.38687399E+04  0.11530573E+04
  0.15100000E+01  0.38596394E+04  0.11614523E+04
  0.15200000E+01  0.38507107E+04  0.11697427E+04
  0.15300000E+01  0.38419418E+04  0.11779374E+04
  0.15400000E+01  0.38333134E+04  0.11860436E+04
  0.15500000E+01  0.38248010E+04  0.11940669E+04
  0.15600000E+01  0.38163776E+04  0.12020114E+04
  0.15700000E+01  0.38080154E+04  0.12098801E+04
  0.15800000E+01  0.37996877E+04  0.12176750E+04
  0.15900000E+01  0.37913699E+04  0.12253976E+04
  0.16000000E+01  0.37830408E+04  0.12330489E+04
  0.16100000E+01  0.37746828E+04  0.12406298E+04
  0.16200000E+01  0.37662824E+04  0.12481410E+04
  0.16300000E+01  0.37578304E+04  0.12555831E+04
  0.16400000E+01  0.37493216E+04  0.12629567E+04
  0.16500000E+01  0.37407547E+04  0.12702622E+04
  0.16600000E+01  0.37321320E+04  0.12774999E+04
  0.16700000E+01  0.37234589E+04  0.12846706E+04
  0.16800000E+01  0.37147432E+04  0.12917753E+04
  0.16900000E+01  0.37059947E+04  0.12988158E+04
  0.17000000E+01  0.36972246E+04  0.13057950E+04
  0.17100000E+01  0.36884448E+04  0.13127166E+04
  0.17200000E+01  0.36796674E+04  0.13195849E+04
  0.17300000E+01  0.36709037E+04  0.13264053E+04
  0.17400000E+01  0.36621642E+04  0.13331836E+04
  0.17500000E+01  0.36534576E+04  0.13399262E+04
  0.17600000E+01  0.36447919E+04  0.13466403E+04
  0.17700000E+01  0.36361748E+04  0.13533340E+04
  0.17800000E+01  0.36276175E+04  0.13600160E+04
  0.17900000E+01  0.36191364E+04  0.13666968E+04
  0.18000000E+01  0.36107525E+04  0.13733890E+04
  0.18100000E+01  0.36024777E+04  0.13801099E+04
  0.18200000E+01  0.35942864E+04  0.13868843E+04
  0.18300000E+01  0.35860862E+04  0.13937448E+04
  0.18400000E+01  0.35778420E+04  0.14007221E+04
  0.18500000E+01  0.35697902E+04  0.14079984E+04
  0.18600000E+01  0.35602294E+04  0.14155300E+04
  0.18700000E+01  0.35502851E+04  0.14225973E+04
  0.18800000E+01  0.35403929E+04  0.14295167E+04
  0.18900000E+01  0.35303458E+04  0.14362926E+04
  0.19000000E+01  0.35202445E+04  0.14429309E+04
  0.19100000E+01  0.35101870E+04  0.14494543E+04
  0.19200000E+01  0.35001786E+04  0.14558998E+04
  0.19300000E+01  0.34902522E+04  0.14622447E+04
  0.19400000E+01  0.34804497E+04  0.14685184E+04
  0.19500000E+01  0.34707812E+04  0.14747302E+04
  0.19600000E+01  0.34613959E+04  0.14808974E+04
  0.19700000E+01  0.34525706E+04  0.14871301E+04
  0.19800000E+01  0.34435177E+04  0.14937106E+04
  0.19900000E+01  0.34336705E+04  0.15001216E+04
  0.20000000E+01  0.34241053E+04  0.15063087E+04
  0.20100000E+01  0.34149050E+04  0.15124480E+04
  0.20200000E+01  0.34058718E+04  0.15185665E+04
  0.20300000E+01  0.33970178E+04  0.15246824E+04
  0.20400000E+01  0.33883683E+04  0.15308131E+04
  0.20500000E+01  0.33799274E+04  0.15369741E+04
  0.20600000E+01  0.33716914E+04  0.15431808E+04
  0.20700000E+01  0.33636563E+04  0.15494497E+04
  0.20800000E+01  0.33558178E+04  0.15558000E+04
  0.20900000E+01  0.33481682E+04  0.15622535E+04
  0.21000000E+01  0.33406930E+04  0.15688349E+04
  0.21100000E+01  0.33333671E+04  0.15755717E+04
  0.21200000E+01  0.33261505E+04  0.15824928E+04
  0.21300000E+01  0.33189839E+04  0.15896278E+04
  0.21400000E+01  0.33117849E+04  0.15970053E+04
  0.21500000E+01  0.33044456E+04  0.16046517E+04
  0.21600000E+01  0.32968330E+04  0.16125900E+04
  0.21700000E+01  0.32887922E+04  0.16208394E+04
  0.21800000E+01  0.32801541E+04  0.16294132E+04
  0.21900000E+01  0.32707460E+04  0.16383159E+04
  0.22000000E+01  0.32604062E+04  0.16475353E+04
  0.22100000E+01  0.32490018E+04  0.16570331E+04
  0.22200000E+01  0.32364553E+04  0.16667365E+04
  0.22300000E+01  0.32227882E+04  0.16765393E+04
  0.22400000E+01  0.32081836E+04  0.16863170E+04
  0.22500000E+01  0.31930243E+04  0.16959605E+04
  0.22600000E+01  0.31777914E+04  0.17054293E+04
  0.22700000E+01  0.31627183E+04  0.17148272E+04
  0.22800000E+01  0.31473289E+04  0.17244777E+04
  0.22900000E+01  0.31303279E+04  0.17348264E+04
  0.23000000E+01  0.31102411E+04  0.17458370E+04
  0.23100000E+01  0.30864943E+04  0.17564725E+04
  0.23200000E+01  0.30599496E+04  0.17656855E+04
  0.23300000E+01  0.30322724E+04  0.17734196E+04
  0.23400000E+01  0.30049683E+04  0.17800502E+04
  0.23500000E+01  0.29788453E+04  0.17859342E+04
  0.23600000E+01  0.29538898E+04  0.17913090E+04
  0.23700000E+01  0.29297590E+04  0.17963005E+04
  0.23800000E+01  0.29061752E+04  0.18009790E+04
  0.23900000E+01  0.28829962E+04  0.18053881E+04
  0.24000000E+01  0.28601631E+04  0.18095588E+04
  0.24100000E+01  0.28376422E+04  0.18135136E+04
  0.24200000E+01  0.28153988E+04  0.18172680E+04
  0.24300000E+01  0.27933938E+04  0.18208329E+04
  0.24400000E+01  0.27715899E+04  0.18242162E+04
  0.24500000E+01  0.27499565E+04  0.18274238E+04
  0.24600000E+01  0.27284727E+04  0.18304606E+04
  0.24700000E+01  0.27071264E+04  0.18333310E+04
  0.24800000E+01  0.26859134E+04  0.18360386E+04
  0.24900000E+01  0.26648346E+04  0.18385870E+04
  0.25000000E+01  0.26438948E+04  0.18409797E+04
  0.25100000E+01  0.26231011E+04  0.18432196E+04
  0.25200000E+01  0.26024620E+04  0.18453099E+04
  0.25300000E+01  0.25819865E+04  0.18472535E+04
  0.25400000E+01  0.25616840E+04  0.18490535E+04
  0.25500000E+01  0.25415636E+04  0.18507131E+04
  0.25600000E+01  0.25216347E+04  0.18522355E+04
  0.25700000E+01  0.25019058E+04  0.18536242E+04
  0.25800000E+01  0.24823855E+04  0.18548825E+04
  0.25900000E+01  0.24630820E+04  0.18560141E+04
  0.26000000E+01  0.24440029E+04  0.18570226E+04
  0.26100000E+01  0.24251556E+04  0.18579118E+04
  0.26200000E+01  0.24065474E+04  0.18586854E+04
  0.26300000E+01  0.23881852E+04  0.18593472E+04
  0.26400000E+01  0.23700758E+04  0.18599013E+04
  0.26500000E+01  0.23522259E+04  0.18603515E+04
  0.26600000E+01  0.23346421E+04  0.18607019E+04
  0.26700000E+01  0.23173312E+04  0.18609564E+04
  0.26800000E+01  0.23003001E+04  0.18611189E+04
  0.26900000E+01  0.22835559E+04  0.18611932E+04
  0.27000000E+01  0.22671057E+04  0.18611832E+04
  0.27100000E+01  0.22509574E+04  0.18610922E+04
  0.27200000E+01  0.22351190E+04  0.18609238E+04
  0.27300000E+01  0.22195991E+04  0.18606810E+04
  0.27400000E+01  0.22044068E+04  0.18603667E+04
  0.27500000E+01  0.21895519E+04  0.18599834E+04
  0.27600000E+01  0.21750448E+04  0.18595336E+04
  0.27700000E+01  0.21608967E+04  0.18590194E+04
  0.27800000E+01  0.21471193E+04  0.18584425E+04
  0.27900000E+01  0.21337249E+04  0.18578046E+04
  0.28000000E+01  0.21207267E+04  0.18571075E+04
  0.28100000E+01  0.21081382E+04  0.18563526E+04
  0.28200000E+01  0.20959733E+04  0.18555416E+04
  0.28300000E+01  0.20842462E+04  0.18546765E+04
  0.28400000E+01  0.20729710E+04  0.18537595E+04
  0.28500000E+01  0.20621619E+04  0.18527934E+04
  0.28600000E+01  0.20518325E+04  0.18517815E+04
  0.28700000E+01  0.20419957E+04  0.18507278E+04
  0.28800000E+01  0.20326633E+04  0.18496373E+04
  0.28900000E+01  0.20238458E+04  0.18485158E+04
  0.29000000E+01  0.20155520E+04  0.18473703E+04
  0.29100000E+01  0.20077885E+04  0.18462088E+04
  0.29200000E+01  0.20005598E+04  0.18450403E+04
  0.29300000E+01  0.19938673E+04  0.18438754E+04
  0.29400000E+01  0.19877096E+04  0.18427257E+04
  0.29500000E+01  0.19820818E+04  0.18416041E+04
  0.29600000E+01  0.19769751E+04  0.18405248E+04
  0.29700000E+01  0.19723766E+04  0.18395034E+04
  0.29800000E+01  0.19682689E+04  0.18385565E+04
  0.29900000E+01  0.19646302E+04  0.18377019E+04
  0.30000000E+01  0.19614342E+04  0.18369582E+04
  0.30100000E+01  0.19586509E+04  0.18363439E+04
  0.30200000E+01  0.19562470E+04  0.18358773E+04
  0.30300000E+01  0.19541868E+04  0.18355762E+04
  0.30400000E+01  0.19524320E+04  0.18354578E+04
  0.30500000E+01  0.19509424E+04  0.18355391E+04
  0.30600000E+01  0.19496760E+04  0.18358351E+04
  0.30700000E+01  0.19485890E+04  0.18363584E+04
  0.30800000E+01  0.19476370E+04  0.18371179E+04
  0.30900000E+01  0.19467755E+04  0.18381187E+04
  0.31000000E+01  0.19459616E+04  0.18393614E+04
  0.31100000E+01  0.19451549E+04  0.18408420E+04
  0.31200000E+01  0.19443193E+04  0.18425518E+04
  0.31300000E+01  0.19434244E+04  0.18444786E+04
  0.31400000E+01  0.19424469E+04  0.18466068E+04
  0.31500000E+01  0.19413726E+04  0.18489188E+04
  0.31600000E+01  0.19401971E+04  0.18513961E+04
  0.31700000E+01  0.19389278E+04  0.18540210E+04
  0.31800000E+01  0.19375840E+04  0.18567776E+04
  0.31900000E+01  0.19361977E+04  0.18596529E+04
  0.32000000E+01  0.19348126E+04  0.18626384E+04
  0.32100000E+01  0.19334828E+04  0.18657302E+04
  0.32200000E+01  0.19322697E+04  0.18689306E+04
  0.32300000E+01  0.19312375E+04  0.18722490E+04
  0.32400000E+01  0.19304475E+04  0.18757026E+04
  0.32500000E+01  0.19299514E+04  0.18793188E+04
  0.32600000E+01  0.19297832E+04  0.18831360E+04
  0.32700000E+01  0.19299518E+04  0.18872057E+04
  0.32800000E+01  0.19304336E+04  0.18915924E+04
  0.32900000E+01  0.19311665E+04  0.18963712E+04
  0.33000000E+01  0.19320442E+04  0.19016207E+04
  0.33100000E+01  0.19329127E+04  0.19074098E+04
  0.33200000E+01  0.19335679E+04  0.19137807E+04
  0.33300000E+01  0.19337551E+04  0.19207372E+04
  0.33400000E+01  0.19331740E+04  0.19282474E+04
  0.33500000E+01  0.19314899E+04  0.19362626E+04
  0.33600000E+01  0.19283545E+04  0.19447353E+04
  0.33700000E+01  0.19234362E+04  0.19536170E+04
  0.33800000E+01  0.19164584E+04  0.19628275E+04
  0.33900000E+01  0.19072389E+04  0.19722162E+04
  0.34000000E+01  0.18957234E+04  0.19815492E+04
  0.34100000E+01  0.18820043E+04  0.19905477E+04
  0.34200000E+01  0.18663186E+04  0.19989609E+04
  0.34300000E+01  0.18490236E+04  0.20066256E+04
  0.34400000E+01  0.18305550E+04  0.20134835E+04
  0.34500000E+01  0.18113748E+04  0.20195634E+04
  0.34600000E+01  0.17919187E+04  0.20249496E+04
  0.34700000E+01  0.17725543E+04  0.20297501E+04
  0.34800000E+01  0.17535544E+04  0.20340731E+04
  0.34900000E+01  0.17350875E+04  0.20380121E+04
  0.35000000E+01  0.17172246E+04  0.20416406E+04
  0.35100000E+01  0.16999571E+04  0.20450117E+04
  0.35200000E+01  0.16832195E+04  0.20481619E+04
  0.35300000E+01  0.16669135E+04  0.20511156E+04
  0.35400000E+01  0.16509284E+04  0.20538890E+04
  0.35500000E+01  0.16351568E+04  0.20564927E+04
  0.35600000E+01  0.16195045E+04  0.20589343E+04
  0.35700000E+01  0.16038962E+04  0.20612189E+04
  0.35800000E+01  0.15882763E+04  0.20633499E+04
  0.35900000E+01  0.15726078E+04  0.20653292E+04
  0.36000000E+01  0.15568700E+04  0.20671574E+04
  0.36100000E+01  0.15410546E+04  0.20688340E+04
  0.36200000E+01  0.15251628E+04  0.20703579E+04
  0.36300000E+01  0.15092018E+04  0.20717274E+04
  0.36400000E+01  0.14931832E+04  0.20729407E+04
  0.36500000E+01  0.14771202E+04  0.20739960E+04
  0.36600000E+01  0.14610274E+04  0.20748920E+04
  0.36700000E+01  0.14449190E+04  0.20756280E+04
  0.36800000E+01  0.14288089E+04  0.20762037E+04
  0.36900000E+01  0.14127107E+04  0.20766195E+04
  0.37000000E+01  0.13966373E+04  0.20768758E+04
  0.37100000E+01  0.13806012E+04  0.20769735E+04
  0.37200000E+01  0.13646146E+04  0.20769129E+04
  0.37300000E+01  0.13486897E+04  0.20766937E+04
  0.37400000E+01  0.13328386E+04  0.20763143E+04
  0.37500000E+01  0.13170738E+04  0.20757712E+04
  0.37600000E+01  0.13014078E+04  0.20750579E+04
  0.37700000E+01  0.12858535E+04  0.20741641E+04
  0.37800000E+01  0.12704239E+04  0.20730742E+04
  0.37900000E+01  0.12551321E+04  0.20717646E+04
  0.38000000E+01  0.12399910E+04  0.20702013E+04
  0.38100000E+01  0.12250130E+04  0.20683340E+04
  0.38200000E+01  0.12102119E+04  0.20660876E+04
  0.38300000E+01  0.11956623E+04  0.20633527E+04
  0.38400000E+01  0.11818630E+04  0.20600170E+04
  0.38500000E+01  0.11687935E+04  0.20563123E+04
  0.38600000E+01  0.11542735E+04  0.20516031E+04
  0.38700000E+01  0.11441188E+04  0.20445951E+04
  0.38800000E+01  0.11512735E+04  0.20372239E+04
  0.38900000E+01  0.11724149E+04  0.20392384E+04
  0.39000000E+01  0.12198650E+04  0.20584133E+04
  0.39100000E+01  0.11655177E+04  0.21055405E+04
  0.39200000E+01  0.10800317E+04  0.21007483E+04
  0.39300000E+01  0.10601600E+04  0.20897183E+04
  0.39400000E+01  0.10474625E+04  0.20815823E+04
  0.39500000E+01  0.10349811E+04  0.20753931E+04
  0.39600000E+01  0.10226170E+04  0.20703444E+04
  0.39700000E+01  0.10103636E+04  0.20659919E+04
  0.39800000E+01  0.99822229E+03  0.20620887E+04
  0.39900000E+01  0.98618543E+03  0.20584935E+04
  0.40000000E+01  0.97420464E+03  0.20551263E+04
  0.40100000E+01  0.96221538E+03  0.20519154E+04
  0.40200000E+01  0.95021174E+03  0.20487735E+04
  0.40300000E+01  0.93824136E+03  0.20456567E+04
  0.40400000E+01  0.92633320E+03  0.20425428E+04
  0.40500000E+01  0.91448205E+03  0.20394055E+04
  0.40600000E+01  0.90267907E+03  0.20362171E+04
  0.40700000E+01  0.89092657E+03  0.20329521E+04
  0.40800000E+01  0.87923562E+03  0.20295883E+04
  0.40900000E+01  0.86762228E+03  0.20261085E+04
  0.41000000E+01  0.85610599E+03  0.20225000E+04
  0.41100000E+01  0.84470883E+03  0.20187554E+04
  0.41200000E+01  0.83345485E+03  0.20148716E+04
  0.41300000E+01  0.82236947E+03  0.20108497E+04
  0.41400000E+01  0.81147873E+03  0.20066941E+04
  0.41500000E+01  0.80080865E+03  0.20024116E+04
  0.41600000E+01  0.79038457E+03  0.19980108E+04
  0.41700000E+01  0.78023055E+03  0.19935016E+04
  0.41800000E+01  0.77036881E+03  0.19888941E+04
  0.41900000E+01  0.76081929E+03  0.19841986E+04
  0.42000000E+01  0.75159930E+03  0.19794254E+04
  0.42100000E+01  0.74272328E+03  0.19745841E+04
  0.42200000E+01  0.73420261E+03  0.19696838E+04
  0.42300000E+01  0.72604562E+03  0.19647330E+04
  0.42400000E+01  0.71825761E+03  0.19597396E+04
  0.42500000E+01  0.71084101E+03  0.19547108E+04
  0.42600000E+01  0.70379556E+03  0.19496531E+04
  0.42700000E+01  0.69711855E+03  0.19445725E+04
  0.42800000E+01  0.69080517E+03  0.19394747E+04
  0.42900000E+01  0.68484879E+03  0.19343647E+04
  0.43000000E+01  0.67924127E+03  0.19292470E+04
  0.43100000E+01  0.67397331E+03  0.19241261E+04
  0.43200000E+01  0.66903475E+03  0.19190057E+04
  0.43300000E+01  0.66441483E+03  0.19138895E+04
  0.43400000E+01  0.66010246E+03  0.19087808E+04
  0.43500000E+01  0.65608643E+03  0.19036826E+04
  0.43600000E+01  0.65235560E+03  0.18985974E+04
  0.43700000E+01  0.64889902E+03  0.18935274E+04
  0.43800000E+01  0.64570607E+03  0.18884742E+04
  0.43900000E+01  0.64276655E+03  0.18834384E+04
  0.44000000E+01  0.64007076E+03  0.18784192E+04
  0.44100000E+01  0.63761668E+03  0.18734140E+04
  0.44200000E+01  0.63552579E+03  0.18684268E+04
  0.44300000E+01  0.63412811E+03  0.18635610E+04
  0.44400000E+01  0.63252468E+03  0.18591075E+04
  0.44500000E+01  0.63024774E+03  0.18544294E+04
  0.44600000E+01  0.62855046E+03  0.18495929E+04
  0.44700000E+01  0.62730271E+03  0.18447989E+04
  0.44800000E+01  0.62626048E+03  0.18400639E+04
  0.44900000E+01  0.62539475E+03  0.18353849E+04
  0.45000000E+01  0.62469929E+03  0.18307599E+04
  0.45100000E+01  0.62416856E+03  0.18261879E+04
  0.45200000E+01  0.62379721E+03  0.18216694E+04
  0.45300000E+01  0.62358009E+03  0.18172048E+04
  0.45400000E+01  0.62351221E+03  0.18127952E+04
  0.45500000E+01  0.62358871E+03  0.18084416E+04
  0.45600000E+01  0.62380491E+03  0.18041450E+04
  0.45700000E+01  0.62415621E+03  0.17999066E+04
  0.45800000E+01  0.62463818E+03  0.17957274E+04
  0.45900000E+01  0.62524652E+03  0.17916084E+04
  0.46000000E+01  0.62597703E+03  0.17875505E+04
  0.46100000E+01  0.62682568E+03  0.17835547E+04
  0.46200000E+01  0.62778855E+03  0.17796216E+04
  0.46300000E+01  0.62886188E+03  0.17757519E+04
  0.46400000E+01  0.63004204E+03  0.17719461E+04
  0.46500000E+01  0.63132554E+03  0.17682046E+04
  0.46600000E+01  0.63270902E+03  0.17645277E+04
  0.46700000E+01  0.63418927E+03  0.17609155E+04
  0.46800000E+01  0.63576317E+03  0.17573681E+04
  0.46900000E+01  0.63742773E+03  0.17538855E+04
  0.47000000E+01  0.63918005E+03  0.17504676E+04
  0.47100000E+01  0.64101731E+03  0.17471144E+04
  0.47200000E+01  0.64293675E+03  0.17438258E+04
  0.47300000E+01  0.64493565E+03  0.17406015E+04
  0.47400000E+01  0.64701130E+03  0.17374415E+04
  0.47500000E+01  0.64916100E+03  0.17343457E+04
  0.47600000E+01  0.65138195E+03  0.17313140E+04
  0.47700000E+01  0.65367126E+03  0.17283463E+04
  0.47800000E+01  0.65602583E+03  0.17254425E+04
  0.47900000E+01  0.65844240E+03  0.17226025E+04
  0.48000000E+01  0.66091753E+03  0.17198262E+04
  0.48100000E+01  0.66344768E+03  0.17171134E+04
  0.48200000E+01  0.66602930E+03  0.17144635E+04
  0.48300000E+01  0.66865886E+03  0.17118762E+04
  0.48400000E+01  0.67133279E+03  0.17093511E+04
  0.48500000E+01  0.67404750E+03  0.17068879E+04
  0.48600000E+01  0.67679923E+03  0.17044860E+04
  0.48700000E+01  0.67958412E+03  0.17021451E+04
  0.48800000E+01  0.68239822E+03  0.16998646E+04
  0.48900000E+01  0.68523756E+03  0.16976438E+04
  0.49000000E+01  0.68809823E+03  0.16954820E+04
  0.49100000E+01  0.69097642E+03  0.16933783E+04
  0.49200000E+01  0.69386847E+03  0.16913320E+04
  0.49300000E+01  0.69677090E+03  0.16893422E+04
  0.49400000E+01  0.69968039E+03  0.16874080E+04
  0.49500000E+01  0.70259385E+03  0.16855288E+04
  0.49600000E+01  0.70550837E+03  0.16837041E+04
  0.49700000E+01  0.70842130E+03  0.16819334E+04
  0.49800000E+01  0.71133017E+03  0.16802166E+04
  0.49900000E+01  0.71423277E+03  0.16785536E+04
  0.50000000E+01  0.71712711E+03  0.16769448E+04
  0.50100000E+01  0.72001133E+03  0.16753904E+04
  0.50200000E+01  0.72288361E+03  0.16738912E+04
  0.50300000E+01  0.72574198E+03  0.16724479E+04
  0.50400000E+01  0.72858402E+03  0.16710614E+04
  0.50500000E+01  0.73140671E+03  0.16697329E+04
  0.50600000E+01  0.73420631E+03  0.16684636E+04
  0.50700000E+01  0.73697843E+03  0.16672549E+04
  0.50800000E+01  0.73971838E+03  0.16661079E+04
  0.50900000E+01  0.74242160E+03  0.16650229E+04
  0.51000000E+01  0.74508406E+03  0.16639994E+04
  0.51100000E+01  0.74770244E+03  0.16630369E+04
  0.51200000E+01  0.75027409E+03  0.16621351E+04
  0.51300000E+01  0.75279667E+03  0.16612946E+04
  0.51400000E+01  0.75526767E+03  0.16605167E+04
  0.51500000E+01  0.75768399E+03  0.16598023E+04
  0.51600000E+01  0.76004172E+03  0.16591524E+04
  0.51700000E+01  0.76233610E+03  0.16585678E+04
  0.51800000E+01  0.76456171E+03  0.16580490E+04
  0.51900000E+01  0.76671257E+03  0.16575966E+04
  0.52000000E+01  0.76878246E+03  0.16572106E+04
  0.52100000E+01  0.77076494E+03  0.16568914E+04
  0.52200000E+01  0.77265351E+03  0.16566390E+04
  0.52300000E+01  0.77444154E+03  0.16564533E+04
  0.52400000E+01  0.77612233E+03  0.16563341E+04
  0.52500000E+01  0.77768904E+03  0.16562812E+04
  0.52600000E+01  0.77913474E+03  0.16562943E+04
  0.52700000E+01  0.78045239E+03  0.16563728E+04
  0.52800000E+01  0.78163483E+03  0.16565162E+04
  0.52900000E+01  0.78267486E+03  0.16567237E+04
  0.53000000E+01  0.78356520E+03  0.16569944E+04
  0.53100000E+01  0.78429859E+03  0.16573273E+04
  0.53200000E+01  0.78486776E+03  0.16577212E+04
  0.53300000E+01  0.78526553E+03  0.16581747E+04
  0.53400000E+01  0.78548481E+03  0.16586861E+04
  0.53500000E+01  0.78551866E+03  0.16592537E+04
  0.53600000E+01  0.78536033E+03  0.16598754E+04
  0.53700000E+01  0.78500332E+03  0.16605486E+04
  0.53800000E+01  0.78444138E+03  0.16612709E+04
  0.53900000E+01  0.78366865E+03  0.16620393E+04
  0.54000000E+01  0.78267961E+03  0.16628503E+04
  0.54100000E+01  0.78146918E+03  0.16637003E+04
  0.54200000E+01  0.78003278E+03  0.16645853E+04
  0.54300000E+01  0.77836632E+03  0.16655009E+04
  0.54400000E+01  0.77646631E+03  0.16664421E+04
  0.54500000E+01  0.77432983E+03  0.16674039E+04
  0.54600000E+01  0.77195465E+03  0.16683807E+04
  0.54700000E+01  0.76933916E+03  0.16693666E+04
  0.54800000E+01  0.76648251E+03  0.16703554E+04
  0.54900000E+01  0.76338455E+03  0.16713407E+04
  0.55000000E+01  0.76004587E+03  0.16723158E+04
  0.55100000E+01  0.75646786E+03  0.16732740E+04
  0.55200000E+01  0.75265263E+03  0.16742084E+04
  0.55300000E+01  0.74860313E+03  0.16751125E+04
  0.55400000E+01  0.74432312E+03  0.16759794E+04
  0.55500000E+01  0.73981747E+03  0.16768028E+04
  0.55600000E+01  0.73509258E+03  0.16775768E+04
  0.55700000E+01  0.73015577E+03  0.16782959E+04
  0.55800000E+01  0.72501238E+03  0.16789563E+04
  0.55900000E+01  0.71966414E+03  0.16795546E+04
  0.56000000E+01  0.71411466E+03  0.16800842E+04
  0.56100000E+01  0.70837514E+03  0.16805384E+04
  0.56200000E+01  0.70246013E+03  0.16809152E+04
  0.56300000E+01  0.69638095E+03  0.16812136E+04
  0.56400000E+01  0.69014613E+03  0.16814325E+04
  0.56500000E+01  0.68376444E+03  0.16815708E+04
  0.56600000E+01  0.67724568E+03  0.16816281E+04
  0.56700000E+01  0.67060026E+03  0.16816044E+04
  0.56800000E+01  0.66383877E+03  0.16814999E+04
  0.56900000E+01  0.65697189E+03  0.16813156E+04
  0.57000000E+01  0.65001032E+03  0.16810523E+04
  0.57100000E+01  0.64296471E+03  0.16807116E+04
  0.57200000E+01  0.63584562E+03  0.16802948E+04
  0.57300000E+01  0.62866344E+03  0.16798038E+04
  0.57400000E+01  0.62142837E+03  0.16792402E+04
  0.57500000E+01  0.61415032E+03  0.16786059E+04
  0.57600000E+01  0.60683890E+03  0.16779029E+04
  0.57700000E+01  0.59950336E+03  0.16771330E+04
  0.57800000E+01  0.59215257E+03  0.16762980E+04
  0.57900000E+01  0.58479497E+03  0.16753998E+04
  0.58000000E+01  0.57743855E+03  0.16744402E+04
  0.58100000E+01  0.57009084E+03  0.16734207E+04
  0.58200000E+01  0.56275886E+03  0.16723431E+04
  0.58300000E+01  0.55544917E+03  0.16712089E+04
  0.58400000E+01  0.54816781E+03  0.16700194E+04
  0.58500000E+01  0.54092029E+03  0.16687761E+04
  0.58600000E+01  0.53371166E+03  0.16674803E+04
  0.58700000E+01  0.52654645E+03  0.16661331E+04
  0.58800000E+01  0.51942871E+03  0.16647357E+04
  0.58900000E+01  0.51236203E+03  0.16632893E+04
  0.59000000E+01  0.50534953E+03  0.16617948E+04
  0.59100000E+01  0.49839392E+03  0.16602532E+04
  0.59200000E+01  0.49149747E+03  0.16586654E+04
  0.59300000E+01  0.48466210E+03  0.16570324E+04
  0.59400000E+01  0.47788935E+03  0.16553551E+04
  0.59500000E+01  0.47118043E+03  0.16536342E+04
  0.59600000E+01  0.46453623E+03  0.16518707E+04
  0.59700000E+01  0.45795739E+03  0.16500653E+04
  0.59800000E+01  0.45144429E+03  0.16482188E+04
  0.59900000E+01  0.44499708E+03  0.16463321E+04
  0.60000000E+01  0.43861573E+03  0.16444059E+04
  0.60100000E+01  0.43230002E+03  0.16424409E+04
  0.60200000E+01  0.42604962E+03  0.16404381E+04
  0.60300000E+01  0.41986404E+03  0.16383981E+04
  0.60400000E+01  0.41374274E+03  0.16363219E+04
  0.60500000E+01  0.40768506E+03  0.16342100E+04
  0.60600000E+01  0.40169033E+03  0.16320635E+04
  0.60700000E+01  0.39575782E+03  0.16298830E+04
  0.60800000E+01  0.38988677E+03  0.16276694E+04
  0.60900000E+01  0.38407645E+03  0.16254235E+04
  0.61000000E+01  0.37832611E+03  0.16231461E+04
  0.61100000E+01  0.37263502E+03  0.16208381E+04
  0.61200000E+01  0.36700251E+03  0.16185002E+04
  0.61300000E+01  0.36142791E+03  0.16161332E+04
  0.61400000E+01  0.35591064E+03  0.16137381E+04
  0.61500000E+01  0.35045012E+03  0.16113155E+04
  0.61600000E+01  0.34504588E+03  0.16088665E+04
  0.61700000E+01  0.33969748E+03  0.16063917E+04
  0.61800000E+01  0.33440454E+03  0.16038919E+04
  0.61900000E+01  0.32916676E+03  0.16013681E+04
  0.62000000E+01  0.32398389E+03  0.15988210E+04
  0.62100000E+01  0.31885574E+03  0.15962514E+04
  0.62200000E+01  0.31378219E+03  0.15936601E+04
  0.62300000E+01  0.30876318E+03  0.15910479E+04
  0.62400000E+01  0.30379871E+03  0.15884156E+04
  0.62500000E+01  0.29888882E+03  0.15857640E+04
  0.62600000E+01  0.29403362E+03  0.15830937E+04
  0.62700000E+01  0.28923324E+03  0.15804057E+04
  0.62800000E+01  0.28448788E+03  0.15777005E+04
  0.62900000E+01  0.27979777E+03  0.15749790E+04
  0.63000000E+01  0.27516318E+03  0.15722419E+04
  0.63100000E+01  0.27058439E+03  0.15694899E+04
  0.63200000E+01  0.26606174E+03  0.15667237E+04
  0.63300000E+01  0.26159556E+03  0.15639439E+04
  0.63400000E+01  0.25718623E+03  0.15611513E+04
  0.63500000E+01  0.25283413E+03  0.15583464E+04
  0.63600000E+01  0.24853964E+03  0.15555301E+04
  0.63700000E+01  0.24430318E+03  0.15527029E+04
  0.63800000E+01  0.24012514E+03  0.15498653E+04
  0.63900000E+01  0.23600594E+03  0.15470182E+04
  0.64000000E+01  0.23194597E+03  0.15441620E+04
  0.64100000E+01  0.22794564E+03  0.15412973E+04
  0.64200000E+01  0.22400535E+03  0.15384248E+04
  0.64300000E+01  0.22012548E+03  0.15355450E+04
  0.64400000E+01  0.21630640E+03  0.15326585E+04
  0.64500000E+01  0.21254848E+03  0.15297657E+04
  0.64600000E+01  0.20885206E+03  0.15268674E+04
  0.64700000E+01  0.20521749E+03  0.15239639E+04
  0.64800000E+01  0.20164508E+03  0.15210559E+04
  0.64900000E+01  0.19813512E+03  0.15181438E+04
  0.65000000E+01  0.19468792E+03  0.15152281E+04
  0.65100000E+01  0.19130373E+03  0.15123093E+04
  0.65200000E+01  0.18798281E+03  0.15093880E+04
  0.65300000E+01  0.18472541E+03  0.15064645E+04
  0.65400000E+01  0.18153173E+03  0.15035394E+04
  0.65500000E+01  0.17840200E+03  0.15006132E+04
  0.65600000E+01  0.17533641E+03  0.14976862E+04
  0.65700000E+01  0.17233516E+03  0.14947589E+04
  0.65800000E+01  0.16939842E+03  0.14918319E+04
  0.65900000E+01  0.16652637E+03  0.14889055E+04
  0.66000000E+01  0.16371918E+03  0.14859801E+04
  0.66100000E+01  0.16097702E+03  0.14830562E+04
  0.66200000E+01  0.15830006E+03  0.14801342E+04
  0.66300000E+01  0.15568849E+03  0.14772145E+04
  0.66400000E+01  0.15314248E+03  0.14742976E+04
  0.66500000E+01  0.15066223E+03  0.14713838E+04
  0.66600000E+01  0.14824795E+03  0.14684736E+04
  0.66700000E+01  0.14589985E+03  0.14655673E+04
  0.66800000E+01  0.14361818E+03  0.14626655E+04
  0.66900000E+01  0.14140320E+03  0.14597684E+04
  0.67000000E+01  0.13925519E+03  0.14568765E+04
  0.67100000E+01  0.13717446E+03  0.14539901E+04
  0.67200000E+01  0.13516136E+03  0.14511098E+04
  0.67300000E+01  0.13321626E+03  0.14482359E+04
  0.67400000E+01  0.13133955E+03  0.14453687E+04
  0.67500000E+01  0.12953167E+03  0.14425089E+04
  0.67600000E+01  0.12779310E+03  0.14396566E+04
  0.67700000E+01  0.12612434E+03  0.14368125E+04
  0.67800000E+01  0.12452595E+03  0.14339768E+04
  0.67900000E+01  0.12299852E+03  0.14311501E+04
  0.68000000E+01  0.12154268E+03  0.14283329E+04
  0.68100000E+01  0.12015911E+03  0.14255256E+04
  0.68200000E+01  0.11884854E+03  0.14227287E+04
  0.68300000E+01  0.11761176E+03  0.14199427E+04
  0.68400000E+01  0.11644958E+03  0.14171683E+04
  0.68500000E+01  0.11536289E+03  0.14144058E+04
  0.68600000E+01  0.11435265E+03  0.14116561E+04
  0.68700000E+01  0.11341984E+03  0.14089197E+04
  0.68800000E+01  0.11256554E+03  0.14061973E+04
  0.68900000E+01  0.11179084E+03  0.14034897E+04
  0.69000000E+01  0.11109693E+03  0.14007977E+04
  0.69100000E+01  0.11048499E+03  0.13981221E+04
  0.69200000E+01  0.10995627E+03  0.13954639E+04
  0.69300000E+01  0.10951200E+03  0.13928240E+04
  0.69400000E+01  0.10915340E+03  0.13902035E+04
  0.69500000E+01  0.10888161E+03  0.13876036E+04
  0.69600000E+01  0.10869768E+03  0.13850256E+04
  0.69700000E+01  0.10860252E+03  0.13824707E+04
  0.69800000E+01  0.10859678E+03  0.13799405E+04
  0.69900000E+01  0.10868085E+03  0.13774364E+04
  0.70000000E+01  0.10885474E+03  0.13749602E+04
