  0.00000000E+00  0.88255714E-04 -0.66221080E-13
  0.10000000E-01  0.88241102E-04  0.51620169E-06
  0.20000000E-01  0.88197219E-04  0.10318919E-05
  0.30000000E-01  0.88123937E-04  0.15465513E-05
  0.40000000E-01  0.88021052E-04  0.20596436E-05
  0.50000000E-01  0.87888314E-04  0.25706033E-05
  0.60000000E-01  0.87725453E-04  0.30788193E-05
  0.70000000E-01  0.87532216E-04  0.35836133E-05
  0.80000000E-01  0.87308407E-04  0.40842157E-05
  0.90000000E-01  0.87053932E-04  0.45797381E-05
  0.10000000E+00  0.86768838E-04  0.50691471E-05
  0.11000000E+00  0.86453353E-04  0.55512451E-05
  0.12000000E+00  0.86107926E-04  0.60246613E-05
  0.13000000E+00  0.85733255E-04  0.64878622E-05
  0.14000000E+00  0.85330306E-04  0.69391827E-05
  0.15000000E+00  0.84900331E-04  0.73768818E-05
  0.16000000E+00  0.84444866E-04  0.77992180E-05
  0.17000000E+00  0.83965727E-04  0.82045392E-05
  0.18000000E+00  0.83464988E-04  0.85913741E-05
  0.19000000E+00  0.82944955E-04  0.89585144E-05
  0.20000000E+00  0.82408129E-04  0.93050776E-05
  0.21000000E+00  0.81857158E-04  0.96305423E-05
  0.22000000E+00  0.81294789E-04  0.99347571E-05
  0.23000000E+00  0.80723811E-04  0.10217925E-04
  0.24000000E+00  0.80147001E-04  0.10480569E-04
  0.25000000E+00  0.79567066E-04  0.10723494E-04
  0.26000000E+00  0.78986592E-04  0.10947739E-04
  0.27000000E+00  0.78407994E-04  0.11154533E-04
  0.28000000E+00  0.77833475E-04  0.11345259E-04
  0.29000000E+00  0.77264992E-04  0.11521416E-04
  0.30000000E+00  0.76704230E-04  0.11684584E-04
  0.31000000E+00  0.76152590E-04  0.11836382E-04
  0.32000000E+00  0.75611177E-04  0.11978434E-04
  0.33000000E+00  0.75080810E-04  0.12112317E-04
  0.34000000E+00  0.74562030E-04  0.12239517E-04
  0.35000000E+00  0.74055124E-04  0.12361376E-04
  0.36000000E+00  0.73560149E-04  0.12479048E-04
  0.37000000E+00  0.73076964E-04  0.12593463E-04
  0.38000000E+00  0.72605271E-04  0.12705293E-04
  0.39000000E+00  0.72144645E-04  0.12814950E-04
  0.40000000E+00  0.71694579E-04  0.12922586E-04
  0.41000000E+00  0.71254519E-04  0.13028117E-04
  0.42000000E+00  0.70823899E-04  0.13131262E-04
  0.43000000E+00  0.70402173E-04  0.13231591E-04
  0.44000000E+00  0.69988846E-04  0.13328577E-04
  0.45000000E+00  0.69583492E-04  0.13421656E-04
  0.46000000E+00  0.69185775E-04  0.13510278E-04
  0.47000000E+00  0.68795461E-04  0.13593957E-04
  0.48000000E+00  0.68412423E-04  0.13672306E-04
  0.49000000E+00  0.68036648E-04  0.13745068E-04
  0.50000000E+00  0.67668227E-04  0.13812135E-04
  0.51000000E+00  0.67307352E-04  0.13873553E-04
  0.52000000E+00  0.66954309E-04  0.13929527E-04
  0.53000000E+00  0.66609455E-04  0.13980408E-04
  0.54000000E+00  0.66273214E-04  0.14026683E-04
  0.55000000E+00  0.65946049E-04  0.14068953E-04
  0.56000000E+00  0.65628455E-04  0.14107905E-04
  0.57000000E+00  0.65320931E-04  0.14144292E-04
  0.58000000E+00  0.65023974E-04  0.14178896E-04
  0.59000000E+00  0.64738052E-04  0.14212506E-04
  0.60000000E+00  0.64463599E-04  0.14245884E-04
  0.61000000E+00  0.64200999E-04  0.14279740E-04
  0.62000000E+00  0.63950574E-04  0.14314718E-04
  0.63000000E+00  0.63712581E-04  0.14351374E-04
  0.64000000E+00  0.63487205E-04  0.14390170E-04
  0.65000000E+00  0.63274556E-04  0.14431476E-04
  0.66000000E+00  0.63074674E-04  0.14475568E-04
  0.67000000E+00  0.62887525E-04  0.14522645E-04
  0.68000000E+00  0.62713015E-04  0.14572837E-04
  0.69000000E+00  0.62550989E-04  0.14626223E-04
  0.70000000E+00  0.62401248E-04  0.14682848E-04
  0.71000000E+00  0.62263556E-04  0.14742734E-04
  0.72000000E+00  0.62137653E-04  0.14805895E-04
  0.73000000E+00  0.62023269E-04  0.14872344E-04
  0.74000000E+00  0.61920137E-04  0.14942104E-04
  0.75000000E+00  0.61828006E-04  0.15015203E-04
  0.76000000E+00  0.61746655E-04  0.15091678E-04
  0.77000000E+00  0.61675904E-04  0.15171571E-04
  0.78000000E+00  0.61615627E-04  0.15254928E-04
  0.79000000E+00  0.61565758E-04  0.15341792E-04
  0.80000000E+00  0.61526299E-04  0.15432201E-04
  0.81000000E+00  0.61497325E-04  0.15526194E-04
  0.82000000E+00  0.61478982E-04  0.15623809E-04
  0.83000000E+00  0.61471486E-04  0.15725092E-04
  0.84000000E+00  0.61475116E-04  0.15830116E-04
  0.85000000E+00  0.61490202E-04  0.15938993E-04
  0.86000000E+00  0.61517111E-04  0.16051894E-04
  0.87000000E+00  0.61556229E-04  0.16169077E-04
  0.88000000E+00  0.61607939E-04  0.16290899E-04
  0.89000000E+00  0.61672596E-04  0.16417843E-04
  0.90000000E+00  0.61750496E-04  0.16550525E-04
  0.91000000E+00  0.61841809E-04  0.16689699E-04
  0.92000000E+00  0.61946426E-04  0.16836247E-04
  0.93000000E+00  0.62063552E-04  0.16991151E-04
  0.94000000E+00  0.62190761E-04  0.17155435E-04
  0.95000000E+00  0.62322039E-04  0.17330057E-04
  0.96000000E+00  0.62444406E-04  0.17515700E-04
  0.97000000E+00  0.62533278E-04  0.17712400E-04
  0.98000000E+00  0.62548278E-04  0.17918854E-04
  0.99000000E+00  0.62433453E-04  0.18131157E-04
  0.10000000E+01  0.62127343E-04  0.18340565E-04
  0.10100000E+01  0.61586496E-04  0.18529743E-04
  0.10200000E+01  0.60818816E-04  0.18667370E-04
  0.10300000E+01  0.59912650E-04  0.18703157E-04
  0.10400000E+01  0.59040867E-04  0.18572028E-04
  0.10500000E+01  0.58425117E-04  0.18225330E-04
  0.10600000E+01  0.58265601E-04  0.17694217E-04
  0.10700000E+01  0.58665320E-04  0.17124458E-04
  0.10800000E+01  0.59587243E-04  0.16698161E-04
  0.10900000E+01  0.60867968E-04  0.16510490E-04
  0.11000000E+01  0.62280384E-04  0.16546341E-04
  0.11100000E+01  0.63611984E-04  0.16740541E-04
  0.11200000E+01  0.64721806E-04  0.17029371E-04
  0.11300000E+01  0.65556752E-04  0.17367908E-04
  0.11400000E+01  0.66129314E-04  0.17729078E-04
  0.11500000E+01  0.66483331E-04  0.18095585E-04
  0.11600000E+01  0.66704051E-04  0.18451994E-04
  0.11700000E+01  0.66854813E-04  0.18812383E-04
  0.11800000E+01  0.66929725E-04  0.19172525E-04
  0.11900000E+01  0.66946296E-04  0.19520722E-04
  0.12000000E+01  0.66923139E-04  0.19851750E-04
  0.12100000E+01  0.66868247E-04  0.20162810E-04
  0.12200000E+01  0.66787794E-04  0.20453198E-04
  0.12300000E+01  0.66688539E-04  0.20723994E-04
  0.12400000E+01  0.66578029E-04  0.20977407E-04
  0.12500000E+01  0.66464177E-04  0.21216077E-04
  0.12600000E+01  0.66354620E-04  0.21442609E-04
  0.12700000E+01  0.66256080E-04  0.21659346E-04
  0.12800000E+01  0.66173845E-04  0.21868302E-04
  0.12900000E+01  0.66111432E-04  0.22071162E-04
  0.13000000E+01  0.66070424E-04  0.22269306E-04
  0.13100000E+01  0.66050557E-04  0.22463857E-04
  0.13200000E+01  0.66050271E-04  0.22655705E-04
  0.13300000E+01  0.66067881E-04  0.22845481E-04
  0.13400000E+01  0.66102908E-04  0.23033497E-04
  0.13500000E+01  0.66156193E-04  0.23220071E-04
  0.13600000E+01  0.66227688E-04  0.23406833E-04
  0.13700000E+01  0.66313163E-04  0.23597153E-04
  0.13800000E+01  0.66403572E-04  0.23793162E-04
  0.13900000E+01  0.66489211E-04  0.23991537E-04
  0.14000000E+01  0.66565319E-04  0.24177329E-04
  0.14100000E+01  0.66765598E-04  0.24199768E-04
  0.14200000E+01  0.66697372E-04  0.24718407E-04
  0.14300000E+01  0.66759283E-04  0.24890317E-04
  0.14400000E+01  0.66818347E-04  0.25090468E-04
  0.14500000E+01  0.66872499E-04  0.25297938E-04
  0.14600000E+01  0.66919896E-04  0.25508739E-04
  0.14700000E+01  0.66959365E-04  0.25721389E-04
  0.14800000E+01  0.66990251E-04  0.25935112E-04
  0.14900000E+01  0.67012180E-04  0.26149415E-04
  0.15000000E+01  0.67024934E-04  0.26363954E-04
  0.15100000E+01  0.67028389E-04  0.26578475E-04
  0.15200000E+01  0.67022477E-04  0.26792787E-04
  0.15300000E+01  0.67007152E-04  0.27006744E-04
  0.15400000E+01  0.66982357E-04  0.27220235E-04
  0.15500000E+01  0.66947987E-04  0.27433171E-04
  0.15600000E+01  0.66903862E-04  0.27645476E-04
  0.15700000E+01  0.66849702E-04  0.27857086E-04
  0.15800000E+01  0.66785114E-04  0.28067934E-04
  0.15900000E+01  0.66709600E-04  0.28277949E-04
  0.16000000E+01  0.66622580E-04  0.28487054E-04
  0.16100000E+01  0.66523456E-04  0.28695155E-04
  0.16200000E+01  0.66411691E-04  0.28902141E-04
  0.16300000E+01  0.66286935E-04  0.29107880E-04
  0.16400000E+01  0.66149172E-04  0.29312206E-04
  0.16500000E+01  0.65998885E-04  0.29514920E-04
  0.16600000E+01  0.65837227E-04  0.29715774E-04
  0.16700000E+01  0.65666158E-04  0.29914469E-04
  0.16800000E+01  0.65488550E-04  0.30110645E-04
  0.16900000E+01  0.65308191E-04  0.30303888E-04
  0.17000000E+01  0.65129702E-04  0.30493739E-04
  0.17100000E+01  0.64958330E-04  0.30679726E-04
  0.17200000E+01  0.64799623E-04  0.30861419E-04
  0.17300000E+01  0.64659012E-04  0.31038509E-04
  0.17400000E+01  0.64541321E-04  0.31210933E-04
  0.17500000E+01  0.64450277E-04  0.31379032E-04
  0.17600000E+01  0.64388055E-04  0.31543746E-04
  0.17700000E+01  0.64354934E-04  0.31706807E-04
  0.17800000E+01  0.64349089E-04  0.31870884E-04
  0.17900000E+01  0.64366590E-04  0.32039578E-04
  0.18000000E+01  0.64401641E-04  0.32217188E-04
  0.18100000E+01  0.64447169E-04  0.32408203E-04
  0.18200000E+01  0.64495831E-04  0.32616704E-04
  0.18300000E+01  0.64540821E-04  0.32845935E-04
  0.18400000E+01  0.64536099E-04  0.33095249E-04
  0.18500000E+01  0.64344326E-04  0.33292630E-04
  0.18600000E+01  0.64509539E-04  0.33417476E-04
  0.18700000E+01  0.64663285E-04  0.33676550E-04
  0.18800000E+01  0.64697691E-04  0.33942367E-04
  0.18900000E+01  0.64727362E-04  0.34207829E-04
  0.19000000E+01  0.64754252E-04  0.34476436E-04
  0.19100000E+01  0.64747426E-04  0.34746772E-04
  0.19200000E+01  0.64768555E-04  0.34992567E-04
  0.19300000E+01  0.64802354E-04  0.35271713E-04
  0.19400000E+01  0.64806192E-04  0.35555759E-04
  0.19500000E+01  0.64804134E-04  0.35843930E-04
  0.19600000E+01  0.64802698E-04  0.36137719E-04
  0.19700000E+01  0.64815323E-04  0.36443227E-04
  0.19800000E+01  0.64792816E-04  0.36776390E-04
  0.19900000E+01  0.64699899E-04  0.37105874E-04
  0.20000000E+01  0.64599482E-04  0.37428408E-04
  0.20100000E+01  0.64496868E-04  0.37753994E-04
  0.20200000E+01  0.64384833E-04  0.38083651E-04
  0.20300000E+01  0.64272076E-04  0.38417744E-04
  0.20400000E+01  0.64171982E-04  0.38756655E-04
  0.20500000E+01  0.64100511E-04  0.39100947E-04
  0.20600000E+01  0.64075999E-04  0.39451615E-04
  0.20700000E+01  0.64117949E-04  0.39810400E-04
  0.20800000E+01  0.64244656E-04  0.40180165E-04
  0.20900000E+01  0.64469997E-04  0.40565392E-04
  0.21000000E+01  0.64799668E-04  0.40972790E-04
  0.21100000E+01  0.65227228E-04  0.41411988E-04
  0.21200000E+01  0.65730441E-04  0.41896188E-04
  0.21300000E+01  0.66268605E-04  0.42442582E-04
  0.21400000E+01  0.66781640E-04  0.43072228E-04
  0.21500000E+01  0.67191632E-04  0.43809022E-04
  0.21600000E+01  0.67407324E-04  0.44677369E-04
  0.21700000E+01  0.67331627E-04  0.45698040E-04
  0.21800000E+01  0.66871664E-04  0.46881663E-04
  0.21900000E+01  0.65950297E-04  0.48219550E-04
  0.22000000E+01  0.64517637E-04  0.49672816E-04
  0.22100000E+01  0.62560941E-04  0.51163712E-04
  0.22200000E+01  0.60111850E-04  0.52576557E-04
  0.22300000E+01  0.57250898E-04  0.53775905E-04
  0.22400000E+01  0.54108878E-04  0.54642226E-04
  0.22500000E+01  0.50860360E-04  0.55112313E-04
  0.22600000E+01  0.47697426E-04  0.55204436E-04
  0.22700000E+01  0.44774573E-04  0.55016823E-04
  0.22800000E+01  0.42143888E-04  0.54703655E-04
  0.22900000E+01  0.39736072E-04  0.54426753E-04
  0.23000000E+01  0.37429930E-04  0.54261597E-04
  0.23100000E+01  0.35168681E-04  0.54136994E-04
  0.23200000E+01  0.33019414E-04  0.53957277E-04
  0.23300000E+01  0.31128666E-04  0.53714874E-04
  0.23400000E+01  0.29596981E-04  0.53452206E-04
  0.23500000E+01  0.28403732E-04  0.53195334E-04
  0.23600000E+01  0.27459116E-04  0.52951461E-04
  0.23700000E+01  0.26657635E-04  0.52721684E-04
  0.23800000E+01  0.25911422E-04  0.52503349E-04
  0.23900000E+01  0.25163013E-04  0.52293041E-04
  0.24000000E+01  0.24380067E-04  0.52088389E-04
  0.24100000E+01  0.23546628E-04  0.51887693E-04
  0.24200000E+01  0.22657246E-04  0.51689510E-04
  0.24300000E+01  0.21713856E-04  0.51492677E-04
  0.24400000E+01  0.20723757E-04  0.51296337E-04
  0.24500000E+01  0.19697677E-04  0.51099917E-04
  0.24600000E+01  0.18647840E-04  0.50903064E-04
  0.24700000E+01  0.17586355E-04  0.50705578E-04
  0.24800000E+01  0.16524111E-04  0.50507356E-04
  0.24900000E+01  0.15470209E-04  0.50308347E-04
  0.25000000E+01  0.14431779E-04  0.50108519E-04
  0.25100000E+01  0.13414075E-04  0.49907829E-04
  0.25200000E+01  0.12420708E-04  0.49706208E-04
  0.25300000E+01  0.11453943E-04  0.49503556E-04
  0.25400000E+01  0.10514987E-04  0.49299752E-04
  0.25500000E+01  0.96042476E-05  0.49094659E-04
  0.25600000E+01  0.87215388E-05  0.48888134E-04
  0.25700000E+01  0.78662378E-05  0.48680022E-04
  0.25800000E+01  0.70374027E-05  0.48470159E-04
  0.25900000E+01  0.62338612E-05  0.48258366E-04
  0.26000000E+01  0.54542766E-05  0.48044454E-04
  0.26100000E+01  0.46972019E-05  0.47828226E-04
  0.26200000E+01  0.39611228E-05  0.47609474E-04
  0.26300000E+01  0.32444952E-05  0.47387989E-04
  0.26400000E+01  0.25457770E-05  0.47163556E-04
  0.26500000E+01  0.18634554E-05  0.46935954E-04
  0.26600000E+01  0.11960723E-05  0.46704962E-04
  0.26700000E+01  0.54224560E-06  0.46470354E-04
  0.26800000E+01 -0.99309477E-07  0.46231898E-04
  0.26900000E+01 -0.72976068E-06  0.45989363E-04
  0.27000000E+01 -0.13501395E-05  0.45742510E-04
  0.27100000E+01 -0.19613220E-05  0.45491104E-04
  0.27200000E+01 -0.25640098E-05  0.45234905E-04
  0.27300000E+01 -0.31587120E-05  0.44973679E-04
  0.27400000E+01 -0.37457249E-05  0.44707196E-04
  0.27500000E+01 -0.43251146E-05  0.44435234E-04
  0.27600000E+01 -0.48966986E-05  0.44157586E-04
  0.27700000E+01 -0.54600277E-05  0.43874059E-04
  0.27800000E+01 -0.60143714E-05  0.43584482E-04
  0.27900000E+01 -0.65587030E-05  0.43288710E-04
  0.28000000E+01 -0.70916902E-05  0.42986624E-04
  0.28100000E+01 -0.76116882E-05  0.42678138E-04
  0.28200000E+01 -0.81167400E-05  0.42363201E-04
  0.28300000E+01 -0.86045828E-05  0.42041798E-04
  0.28400000E+01 -0.90726632E-05  0.41713954E-04
  0.28500000E+01 -0.95181621E-05  0.41379736E-04
  0.28600000E+01 -0.99380301E-05  0.41039255E-04
  0.28700000E+01 -0.10329035E-04  0.40692674E-04
  0.28800000E+01 -0.10687819E-04  0.40340205E-04
  0.28900000E+01 -0.11010974E-04  0.39982127E-04
  0.29000000E+01 -0.11295117E-04  0.39618783E-04
  0.29100000E+01 -0.11536983E-04  0.39250600E-04
  0.29200000E+01 -0.11733527E-04  0.38878102E-04
  0.29300000E+01 -0.11882020E-04  0.38501920E-04
  0.29400000E+01 -0.11980157E-04  0.38122820E-04
  0.29500000E+01 -0.12026162E-04  0.37741718E-04
  0.29600000E+01 -0.12018883E-04  0.37359708E-04
  0.29700000E+01 -0.11957881E-04  0.36978081E-04
  0.29800000E+01 -0.11843502E-04  0.36598349E-04
  0.29900000E+01 -0.11676923E-04  0.36222258E-04
  0.30000000E+01 -0.11460171E-04  0.35851793E-04
  0.30100000E+01 -0.11196115E-04  0.35489161E-04
  0.30200000E+01 -0.10888422E-04  0.35136763E-04
  0.30300000E+01 -0.10541502E-04  0.34797150E-04
  0.30400000E+01 -0.10160426E-04  0.34472964E-04
  0.30500000E+01 -0.97508338E-05  0.34166832E-04
  0.30600000E+01 -0.93188310E-05  0.33881211E-04
  0.30700000E+01 -0.88708674E-05  0.33618203E-04
  0.30800000E+01 -0.84136096E-05  0.33379367E-04
  0.30900000E+01 -0.79538051E-05  0.33165533E-04
  0.31000000E+01 -0.74981447E-05  0.32976656E-04
  0.31100000E+01 -0.70531261E-05  0.32811734E-04
  0.31200000E+01 -0.66249127E-05  0.32668819E-04
  0.31300000E+01 -0.62191829E-05  0.32545127E-04
  0.31400000E+01 -0.58409567E-05  0.32437261E-04
  0.31500000E+01 -0.54943910E-05  0.32341505E-04
  0.31600000E+01 -0.51825426E-05  0.32254164E-04
  0.31700000E+01 -0.49071055E-05  0.32171888E-04
  0.31800000E+01 -0.46681479E-05  0.32091943E-04
  0.31900000E+01 -0.44638807E-05  0.32012387E-04
  0.32000000E+01 -0.42904904E-05  0.31932134E-04
  0.32100000E+01 -0.41420522E-05  0.31850935E-04
  0.32200000E+01 -0.40105086E-05  0.31769271E-04
  0.32300000E+01 -0.38856671E-05  0.31688237E-04
  0.32400000E+01 -0.37551560E-05  0.31609437E-04
  0.32500000E+01 -0.36043225E-05  0.31534959E-04
  0.32600000E+01 -0.34161646E-05  0.31467478E-04
  0.32700000E+01 -0.31715574E-05  0.31410519E-04
  0.32800000E+01 -0.28501928E-05  0.31368908E-04
  0.32900000E+01 -0.24327080E-05  0.31349385E-04
  0.33000000E+01 -0.19043016E-05  0.31361244E-04
  0.33100000E+01 -0.12596816E-05  0.31416730E-04
  0.33200000E+01 -0.50850754E-06  0.31530677E-04
  0.33300000E+01  0.32021698E-06  0.31718839E-04
  0.33400000E+01  0.11767350E-05  0.31994774E-04
  0.33500000E+01  0.19938276E-05  0.32366101E-04
  0.33600000E+01  0.26955290E-05  0.32830983E-04
  0.33700000E+01  0.32103859E-05  0.33374043E-04
  0.33800000E+01  0.34866470E-05  0.33960971E-04
  0.33900000E+01  0.35055550E-05  0.34536773E-04
  0.34000000E+01  0.32888089E-05  0.35037565E-04
  0.34100000E+01  0.28974928E-05  0.35416329E-04
  0.34200000E+01  0.24220366E-05  0.35664669E-04
  0.34300000E+01  0.19653613E-05  0.35812067E-04
  0.34400000E+01  0.16233578E-05  0.35905591E-04
  0.34500000E+01  0.14675562E-05  0.35987974E-04
  0.34600000E+01  0.15340351E-05  0.36086313E-04
  0.34700000E+01  0.18206465E-05  0.36211554E-04
  0.34800000E+01  0.22922292E-05  0.36363424E-04
  0.34900000E+01  0.28914664E-05  0.36536179E-04
  0.35000000E+01  0.35519974E-05  0.36722953E-04
  0.35100000E+01  0.42104783E-05  0.36918222E-04
  0.35200000E+01  0.48152507E-05  0.37118694E-04
  0.35300000E+01  0.53306476E-05  0.37323170E-04
  0.35400000E+01  0.57372437E-05  0.37531900E-04
  0.35500000E+01  0.60291922E-05  0.37745818E-04
  0.35600000E+01  0.62100979E-05  0.37965900E-04
  0.35700000E+01  0.62887203E-05  0.38192741E-04
  0.35800000E+01  0.62753942E-05  0.38426352E-04
  0.35900000E+01  0.61795848E-05  0.38666155E-04
  0.36000000E+01  0.60086109E-05  0.38911097E-04
  0.36100000E+01  0.57673316E-05  0.39159825E-04
  0.36200000E+01  0.54584937E-05  0.39410885E-04
  0.36300000E+01  0.50834445E-05  0.39662874E-04
  0.36400000E+01  0.46429723E-05  0.39914546E-04
  0.36500000E+01  0.41381153E-05  0.40164840E-04
  0.36600000E+01  0.35708405E-05  0.40412837E-04
  0.36700000E+01  0.29445477E-05  0.40657656E-04
  0.36800000E+01  0.22643825E-05  0.40898302E-04
  0.36900000E+01  0.15373610E-05  0.41133513E-04
  0.37000000E+01  0.77232001E-06  0.41361609E-04
  0.37100000E+01 -0.20289065E-07  0.41580397E-04
  0.37200000E+01 -0.82873766E-06  0.41787136E-04
  0.37300000E+01 -0.16404636E-05  0.41978571E-04
  0.37400000E+01 -0.24425913E-05  0.42151031E-04
  0.37500000E+01 -0.32224969E-05  0.42300554E-04
  0.37600000E+01 -0.39683864E-05  0.42422947E-04
  0.37700000E+01 -0.46698547E-05  0.42513640E-04
  0.37800000E+01 -0.53183924E-05  0.42567063E-04
  0.37900000E+01 -0.59078123E-05  0.42575025E-04
  0.38000000E+01 -0.64345693E-05  0.42523117E-04
  0.38100000E+01 -0.68981036E-05  0.42382928E-04
  0.38200000E+01 -0.73103334E-05  0.42094731E-04
  0.38300000E+01 -0.77777123E-05  0.41526323E-04
  0.38400000E+01 -0.80952139E-05  0.40387950E-04
  0.38500000E+01 -0.79109699E-05  0.38324385E-04
  0.38600000E+01 -0.86845107E-05  0.33534477E-04
  0.38700000E+01 -0.89015048E-05  0.21248258E-04
  0.38800000E+01 -0.29181369E-04 -0.14282955E-04
  0.38900000E+01 -0.34814742E-03 -0.13520099E-03
  0.39000000E+01  0.70080927E-03 -0.21873803E-03
  0.39100000E+01 -0.20151897E-03  0.46870909E-03
  0.39200000E+01 -0.40129399E-03  0.12612758E-03
  0.39300000E+01 -0.21014410E-04  0.42494002E-04
  0.39400000E+01 -0.10645530E-04  0.26101118E-04
  0.39500000E+01 -0.11048146E-04  0.23055143E-04
  0.39600000E+01 -0.11508184E-04  0.23123205E-04
  0.39700000E+01 -0.11995739E-04  0.23910488E-04
  0.39800000E+01 -0.12503068E-04  0.24763911E-04
  0.39900000E+01 -0.13017892E-04  0.25493124E-04
  0.40000000E+01 -0.13518005E-04  0.26046056E-04
  0.40100000E+01 -0.13979640E-04  0.26422462E-04
  0.40200000E+01 -0.14393399E-04  0.26643583E-04
  0.40300000E+01 -0.14758551E-04  0.26727886E-04
  0.40400000E+01 -0.15067741E-04  0.26696922E-04
  0.40500000E+01 -0.15309177E-04  0.26576272E-04
  0.40600000E+01 -0.15475005E-04  0.26392303E-04
  0.40700000E+01 -0.15562709E-04  0.26170121E-04
  0.40800000E+01 -0.15573653E-04  0.25932008E-04
  0.40900000E+01 -0.15512374E-04  0.25696242E-04
  0.41000000E+01 -0.15386260E-04  0.25476440E-04
  0.41100000E+01 -0.15205129E-04  0.25281461E-04
  0.41200000E+01 -0.14980649E-04  0.25115812E-04
  0.41300000E+01 -0.14725687E-04  0.24980399E-04
  0.41400000E+01 -0.14453613E-04  0.24873446E-04
  0.41500000E+01 -0.14177615E-04  0.24791418E-04
  0.41600000E+01 -0.13910064E-04  0.24729833E-04
  0.41700000E+01 -0.13661957E-04  0.24683909E-04
  0.41800000E+01 -0.13442477E-04  0.24649024E-04
  0.41900000E+01 -0.13258678E-04  0.24621007E-04
  0.42000000E+01 -0.13115306E-04  0.24596295E-04
  0.42100000E+01 -0.13014752E-04  0.24571986E-04
  0.42200000E+01 -0.12957137E-04  0.24545822E-04
  0.42300000E+01 -0.12940501E-04  0.24516133E-04
  0.42400000E+01 -0.12961081E-04  0.24481759E-04
  0.42500000E+01 -0.13013652E-04  0.24441970E-04
  0.42600000E+01 -0.13091910E-04  0.24396378E-04
  0.42700000E+01 -0.13188858E-04  0.24344866E-04
  0.42800000E+01 -0.13297191E-04  0.24287524E-04
  0.42900000E+01 -0.13409643E-04  0.24224594E-04
  0.43000000E+01 -0.13519296E-04  0.24156422E-04
  0.43100000E+01 -0.13619830E-04  0.24083427E-04
  0.43200000E+01 -0.13705713E-04  0.24006073E-04
  0.43300000E+01 -0.13772330E-04  0.23924846E-04
  0.43400000E+01 -0.13816051E-04  0.23840242E-04
  0.43500000E+01 -0.13834245E-04  0.23752756E-04
  0.43600000E+01 -0.13825255E-04  0.23662882E-04
  0.43700000E+01 -0.13788322E-04  0.23571112E-04
  0.43800000E+01 -0.13723495E-04  0.23477950E-04
  0.43900000E+01 -0.13631519E-04  0.23383938E-04
  0.44000000E+01 -0.13513716E-04  0.23289699E-04
  0.44100000E+01 -0.13372447E-04  0.23195955E-04
  0.44200000E+01 -0.13220532E-04  0.23102858E-04
  0.44300000E+01 -0.13088136E-04  0.23002340E-04
  0.44400000E+01 -0.12904329E-04  0.22870874E-04
  0.44500000E+01 -0.12633682E-04  0.22761254E-04
  0.44600000E+01 -0.12382382E-04  0.22668406E-04
  0.44700000E+01 -0.12142624E-04  0.22576099E-04
  0.44800000E+01 -0.11897072E-04  0.22483277E-04
  0.44900000E+01 -0.11645917E-04  0.22390453E-04
  0.45000000E+01 -0.11391035E-04  0.22298058E-04
  0.45100000E+01 -0.11134169E-04  0.22206373E-04
  0.45200000E+01 -0.10876885E-04  0.22115585E-04
  0.45300000E+01 -0.10620582E-04  0.22025819E-04
  0.45400000E+01 -0.10366496E-04  0.21937156E-04
  0.45500000E+01 -0.10115711E-04  0.21849646E-04
  0.45600000E+01 -0.98691748E-05  0.21763318E-04
  0.45700000E+01 -0.96277108E-05  0.21678180E-04
  0.45800000E+01 -0.93920287E-05  0.21594224E-04
  0.45900000E+01 -0.91627388E-05  0.21511431E-04
  0.46000000E+01 -0.89403626E-05  0.21429771E-04
  0.46100000E+01 -0.87253436E-05  0.21349203E-04
  0.46200000E+01 -0.85180562E-05  0.21269679E-04
  0.46300000E+01 -0.83188146E-05  0.21191145E-04
  0.46400000E+01 -0.81278795E-05  0.21113540E-04
  0.46500000E+01 -0.79454653E-05  0.21036801E-04
  0.46600000E+01 -0.77717449E-05  0.20960858E-04
  0.46700000E+01 -0.76068552E-05  0.20885640E-04
  0.46800000E+01 -0.74509010E-05  0.20811073E-04
  0.46900000E+01 -0.73039575E-05  0.20737080E-04
  0.47000000E+01 -0.71660722E-05  0.20663584E-04
  0.47100000E+01 -0.70372644E-05  0.20590505E-04
  0.47200000E+01 -0.69175219E-05  0.20517766E-04
  0.47300000E+01 -0.68067984E-05  0.20445288E-04
  0.47400000E+01 -0.67050127E-05  0.20372994E-04
  0.47500000E+01 -0.66120587E-05  0.20300813E-04
  0.47600000E+01 -0.65278291E-05  0.20228680E-04
  0.47700000E+01 -0.64522508E-05  0.20156544E-04
  0.47800000E+01 -0.63853144E-05  0.20084374E-04
  0.47900000E+01 -0.63270757E-05  0.20012152E-04
  0.48000000E+01 -0.62776112E-05  0.19939835E-04
  0.48100000E+01 -0.62369417E-05  0.19867295E-04
  0.48200000E+01 -0.62049594E-05  0.19794305E-04
  0.48300000E+01 -0.61814023E-05  0.19720660E-04
  0.48400000E+01 -0.61658928E-05  0.19646268E-04
  0.48500000E+01 -0.61580165E-05  0.19571126E-04
  0.48600000E+01 -0.61573984E-05  0.19495250E-04
  0.48700000E+01 -0.61637406E-05  0.19418645E-04
  0.48800000E+01 -0.61768161E-05  0.19341299E-04
  0.48900000E+01 -0.61964376E-05  0.19263185E-04
  0.49000000E+01 -0.62224230E-05  0.19184270E-04
  0.49100000E+01 -0.62545750E-05  0.19104515E-04
  0.49200000E+01 -0.62926732E-05  0.19023880E-04
  0.49300000E+01 -0.63364767E-05  0.18942321E-04
  0.49400000E+01 -0.63857282E-05  0.18859795E-04
  0.49500000E+01 -0.64401591E-05  0.18776256E-04
  0.49600000E+01 -0.64994923E-05  0.18691662E-04
  0.49700000E+01 -0.65634449E-05  0.18605968E-04
  0.49800000E+01 -0.66317300E-05  0.18519132E-04
  0.49900000E+01 -0.67040584E-05  0.18431110E-04
  0.50000000E+01 -0.67801393E-05  0.18341859E-04
  0.50100000E+01 -0.68596794E-05  0.18251335E-04
  0.50200000E+01 -0.69423786E-05  0.18159489E-04
  0.50300000E+01 -0.70279222E-05  0.18066271E-04
  0.50400000E+01 -0.71159711E-05  0.17971624E-04
  0.50500000E+01 -0.72061528E-05  0.17875483E-04
  0.50600000E+01 -0.72980584E-05  0.17777778E-04
  0.50700000E+01 -0.73912491E-05  0.17678439E-04
  0.50800000E+01 -0.74852736E-05  0.17577411E-04
  0.50900000E+01 -0.75796905E-05  0.17474673E-04
  0.51000000E+01 -0.76740905E-05  0.17370248E-04
  0.51100000E+01 -0.77681071E-05  0.17264172E-04
  0.51200000E+01 -0.78614133E-05  0.17156455E-04
  0.51300000E+01 -0.79537050E-05  0.17047070E-04
  0.51400000E+01 -0.80446785E-05  0.16935972E-04
  0.51500000E+01 -0.81340104E-05  0.16823115E-04
  0.51600000E+01 -0.82213467E-05  0.16708461E-04
  0.51700000E+01 -0.83063023E-05  0.16591986E-04
  0.51800000E+01 -0.83884693E-05  0.16473680E-04
  0.51900000E+01 -0.84674282E-05  0.16353542E-04
  0.52000000E+01 -0.85427590E-05  0.16231582E-04
  0.52100000E+01 -0.86140488E-05  0.16107820E-04
  0.52200000E+01 -0.86808966E-05  0.15982284E-04
  0.52300000E+01 -0.87429154E-05  0.15855012E-04
  0.52400000E+01 -0.87997334E-05  0.15726054E-04
  0.52500000E+01 -0.88509946E-05  0.15595466E-04
  0.52600000E+01 -0.88963599E-05  0.15463319E-04
  0.52700000E+01 -0.89355088E-05  0.15329692E-04
  0.52800000E+01 -0.89681412E-05  0.15194676E-04
  0.52900000E+01 -0.89939793E-05  0.15058375E-04
  0.53000000E+01 -0.90127702E-05  0.14920905E-04
  0.53100000E+01 -0.90242875E-05  0.14782393E-04
  0.53200000E+01 -0.90283338E-05  0.14642983E-04
  0.53300000E+01 -0.90247426E-05  0.14502828E-04
  0.53400000E+01 -0.90133797E-05  0.14362097E-04
  0.53500000E+01 -0.89941450E-05  0.14220970E-04
  0.53600000E+01 -0.89669734E-05  0.14079642E-04
  0.53700000E+01 -0.89318367E-05  0.13938319E-04
  0.53800000E+01 -0.88887430E-05  0.13797217E-04
  0.53900000E+01 -0.88377379E-05  0.13656564E-04
  0.54000000E+01 -0.87789044E-05  0.13516595E-04
  0.54100000E+01 -0.87123624E-05  0.13377550E-04
  0.54200000E+01 -0.86382677E-05  0.13239674E-04
  0.54300000E+01 -0.85568119E-05  0.13103211E-04
  0.54400000E+01 -0.84682198E-05  0.12968400E-04
  0.54500000E+01 -0.83727486E-05  0.12835474E-04
  0.54600000E+01 -0.82706854E-05  0.12704651E-04
  0.54700000E+01 -0.81623446E-05  0.12576130E-04
  0.54800000E+01 -0.80480658E-05  0.12450085E-04
  0.54900000E+01 -0.79282108E-05  0.12326658E-04
  0.55000000E+01 -0.78031596E-05  0.12205953E-04
  0.55100000E+01 -0.76733084E-05  0.12088033E-04
  0.55200000E+01 -0.75390631E-05  0.11972910E-04
  0.55300000E+01 -0.74008138E-05  0.11860546E-04
  0.55400000E+01 -0.72587682E-05  0.11750861E-04
  0.55500000E+01 -0.71122858E-05  0.11643773E-04
  0.55600000E+01 -0.69587640E-05  0.11539353E-04
  0.55700000E+01 -0.67949619E-05  0.11438359E-04
  0.55800000E+01 -0.66241995E-05  0.11343449E-04
  0.55900000E+01 -0.64602175E-05  0.11257800E-04
  0.56000000E+01 -0.63134568E-05  0.11175073E-04
  0.56100000E+01 -0.61769191E-05  0.11086984E-04
  0.56200000E+01 -0.60366847E-05  0.10995795E-04
  0.56300000E+01 -0.58881178E-05  0.10904559E-04
  0.56400000E+01 -0.57346412E-05  0.10814226E-04
  0.56500000E+01 -0.55799130E-05  0.10724873E-04
  0.56600000E+01 -0.54255150E-05  0.10636351E-04
  0.56700000E+01 -0.52719486E-05  0.10548484E-04
  0.56800000E+01 -0.51194277E-05  0.10461123E-04
  0.56900000E+01 -0.49680981E-05  0.10374158E-04
  0.57000000E+01 -0.48180723E-05  0.10287518E-04
  0.57100000E+01 -0.46694335E-05  0.10201169E-04
  0.57200000E+01 -0.45222360E-05  0.10115110E-04
  0.57300000E+01 -0.43765064E-05  0.10029372E-04
  0.57400000E+01 -0.42322453E-05  0.99440068E-05
  0.57500000E+01 -0.40894286E-05  0.98590910E-05
  0.57600000E+01 -0.39480095E-05  0.97747162E-05
  0.57700000E+01 -0.38079203E-05  0.96909877E-05
  0.57800000E+01 -0.36690752E-05  0.96080200E-05
  0.57900000E+01 -0.35313721E-05  0.95259338E-05
  0.58000000E+01 -0.33946954E-05  0.94448525E-05
  0.58100000E+01 -0.32589183E-05  0.93648999E-05
  0.58200000E+01 -0.31239054E-05  0.92861971E-05
  0.58300000E+01 -0.29895152E-05  0.92088613E-05
  0.58400000E+01 -0.28556027E-05  0.91330031E-05
  0.58500000E+01 -0.27220216E-05  0.90587256E-05
  0.58600000E+01 -0.25886267E-05  0.89861232E-05
  0.58700000E+01 -0.24552756E-05  0.89152803E-05
  0.58800000E+01 -0.23218314E-05  0.88462713E-05
  0.58900000E+01 -0.21881641E-05  0.87791594E-05
  0.59000000E+01 -0.20541521E-05  0.87139972E-05
  0.59100000E+01 -0.19196841E-05  0.86508260E-05
  0.59200000E+01 -0.17846599E-05  0.85896763E-05
  0.59300000E+01 -0.16489917E-05  0.85305678E-05
  0.59400000E+01 -0.15126049E-05  0.84735099E-05
  0.59500000E+01 -0.13754386E-05  0.84185023E-05
  0.59600000E+01 -0.12374463E-05  0.83655350E-05
  0.59700000E+01 -0.10985957E-05  0.83145895E-05
  0.59800000E+01 -0.95886931E-06  0.82656390E-05
  0.59900000E+01 -0.81826395E-06  0.82186491E-05
  0.60000000E+01 -0.67679068E-06  0.81735786E-05
  0.60100000E+01 -0.53447431E-06  0.81303802E-05
  0.60200000E+01 -0.39135293E-06  0.80890010E-05
  0.60300000E+01 -0.24747715E-06  0.80493830E-05
  0.60400000E+01 -0.10290952E-06  0.80114644E-05
  0.60500000E+01  0.42276359E-07  0.79751793E-05
  0.60600000E+01  0.18799687E-06  0.79404591E-05
  0.60700000E+01  0.33415919E-06  0.79072327E-05
  0.60800000E+01  0.48066220E-06  0.78754268E-05
  0.60900000E+01  0.62739783E-06  0.78449670E-05
  0.61000000E+01  0.77425167E-06  0.78157777E-05
  0.61100000E+01  0.92110438E-06  0.77877827E-05
  0.61200000E+01  0.10678325E-05  0.77609058E-05
  0.61300000E+01  0.12143096E-05  0.77350708E-05
  0.61400000E+01  0.13604070E-05  0.77102023E-05
  0.61500000E+01  0.15059953E-05  0.76862254E-05
  0.61600000E+01  0.16509445E-05  0.76630665E-05
  0.61700000E+01  0.17951258E-05  0.76406532E-05
  0.61800000E+01  0.19384115E-05  0.76189146E-05
  0.61900000E+01  0.20806765E-05  0.75977816E-05
  0.62000000E+01  0.22217986E-05  0.75771868E-05
  0.62100000E+01  0.23616595E-05  0.75570650E-05
  0.62200000E+01  0.25001451E-05  0.75373528E-05
  0.62300000E+01  0.26371463E-05  0.75179893E-05
  0.62400000E+01  0.27725593E-05  0.74989157E-05
  0.62500000E+01  0.29062861E-05  0.74800757E-05
  0.62600000E+01  0.30382351E-05  0.74614151E-05
  0.62700000E+01  0.31683212E-05  0.74428825E-05
  0.62800000E+01  0.32964661E-05  0.74244286E-05
  0.62900000E+01  0.34225984E-05  0.74060069E-05
  0.63000000E+01  0.35466543E-05  0.73875730E-05
  0.63100000E+01  0.36685772E-05  0.73690854E-05
  0.63200000E+01  0.37883179E-05  0.73505046E-05
  0.63300000E+01  0.39058347E-05  0.73317939E-05
  0.63400000E+01  0.40210936E-05  0.73129188E-05
  0.63500000E+01  0.41340680E-05  0.72938473E-05
  0.63600000E+01  0.42447386E-05  0.72745495E-05
  0.63700000E+01  0.43530938E-05  0.72549982E-05
  0.63800000E+01  0.44591289E-05  0.72351681E-05
  0.63900000E+01  0.45628465E-05  0.72150361E-05
  0.64000000E+01  0.46642561E-05  0.71945814E-05
  0.64100000E+01  0.47633740E-05  0.71737852E-05
  0.64200000E+01  0.48602232E-05  0.71526304E-05
  0.64300000E+01  0.49548330E-05  0.71311022E-05
  0.64400000E+01  0.50472390E-05  0.71091874E-05
  0.64500000E+01  0.51374832E-05  0.70868746E-05
  0.64600000E+01  0.52256131E-05  0.70641539E-05
  0.64700000E+01  0.53116823E-05  0.70410172E-05
  0.64800000E+01  0.53957498E-05  0.70174575E-05
  0.64900000E+01  0.54778804E-05  0.69934695E-05
  0.65000000E+01  0.55581442E-05  0.69690489E-05
  0.65100000E+01  0.56366165E-05  0.69441926E-05
  0.65200000E+01  0.57133783E-05  0.69188987E-05
  0.65300000E+01  0.57885156E-05  0.68931660E-05
  0.65400000E+01  0.58621200E-05  0.68669943E-05
  0.65500000E+01  0.59342885E-05  0.68403842E-05
  0.65600000E+01  0.60051235E-05  0.68133367E-05
  0.65700000E+01  0.60747335E-05  0.67858538E-05
  0.65800000E+01  0.61432324E-05  0.67579377E-05
  0.65900000E+01  0.62107407E-05  0.67295912E-05
  0.66000000E+01  0.62773849E-05  0.67008176E-05
  0.66100000E+01  0.63432986E-05  0.66716205E-05
  0.66200000E+01  0.64086222E-05  0.66420039E-05
  0.66300000E+01  0.64735036E-05  0.66119723E-05
  0.66400000E+01  0.65380984E-05  0.65815306E-05
  0.66500000E+01  0.66025707E-05  0.65506842E-05
  0.66600000E+01  0.66670930E-05  0.65194391E-05
  0.66700000E+01  0.67318475E-05  0.64878020E-05
  0.66800000E+01  0.67970260E-05  0.64557804E-05
  0.66900000E+01  0.68628306E-05  0.64233828E-05
  0.67000000E+01  0.69294750E-05  0.63906192E-05
  0.67100000E+01  0.69971845E-05  0.63575007E-05
  0.67200000E+01  0.70661974E-05  0.63240405E-05
  0.67300000E+01  0.71367658E-05  0.62902537E-05
  0.67400000E+01  0.72091568E-05  0.62561580E-05
  0.67500000E+01  0.72836539E-05  0.62217739E-05
  0.67600000E+01  0.73605582E-05  0.61871253E-05
  0.67700000E+01  0.74401905E-05  0.61522400E-05
  0.67800000E+01  0.75228930E-05  0.61171501E-05
  0.67900000E+01  0.76090316E-05  0.60818928E-05
  0.68000000E+01  0.76989981E-05  0.60465112E-05
  0.68100000E+01  0.77932131E-05  0.60110545E-05
  0.68200000E+01  0.78921286E-05  0.59755793E-05
  0.68300000E+01  0.79962310E-05  0.59401504E-05
  0.68400000E+01  0.81060442E-05  0.59048415E-05
  0.68500000E+01  0.82221323E-05  0.58697365E-05
  0.68600000E+01  0.83451027E-05  0.58349303E-05
  0.68700000E+01  0.84756081E-05  0.58005305E-05
  0.68800000E+01  0.86143488E-05  0.57666582E-05
  0.68900000E+01  0.87620732E-05  0.57334500E-05
  0.69000000E+01  0.89195780E-05  0.57010591E-05
  0.69100000E+01  0.90877066E-05  0.56696577E-05
  0.69200000E+01  0.92673458E-05  0.56394383E-05
  0.69300000E+01  0.94594209E-05  0.56106166E-05
  0.69400000E+01  0.96648881E-05  0.55834334E-05
  0.69500000E+01  0.98847245E-05  0.55581575E-05
  0.69600000E+01  0.10119916E-04  0.55350890E-05
  0.69700000E+01  0.10371441E-04  0.55145622E-05
  0.69800000E+01  0.10640254E-04  0.54969495E-05
  0.69900000E+01  0.10927265E-04  0.54826657E-05
  0.70000000E+01  0.11233318E-04  0.54721723E-05
