  0.00000000E+00  0.14678534E-03  0.37002636E-14
  0.10000000E-01  0.14678349E-03  0.74967996E-06
  0.20000000E-01  0.14677645E-03  0.15051925E-05
  0.30000000E-01  0.14675997E-03  0.22714774E-05
  0.40000000E-01  0.14672739E-03  0.30518467E-05
  0.50000000E-01  0.14667027E-03  0.38475689E-05
  0.60000000E-01  0.14657919E-03  0.46578664E-05
  0.70000000E-01  0.14644448E-03  0.54802809E-05
  0.80000000E-01  0.14625708E-03  0.63112390E-05
  0.90000000E-01  0.14600911E-03  0.71466271E-05
  0.10000000E+00  0.14569441E-03  0.79822443E-05
  0.11000000E+00  0.14530879E-03  0.88140913E-05
  0.12000000E+00  0.14485017E-03  0.96385115E-05
  0.13000000E+00  0.14431845E-03  0.10452229E-04
  0.14000000E+00  0.14371530E-03  0.11252325E-04
  0.15000000E+00  0.14304388E-03  0.12036193E-04
  0.16000000E+00  0.14230848E-03  0.12801486E-04
  0.17000000E+00  0.14151418E-03  0.13546073E-04
  0.18000000E+00  0.14066654E-03  0.14268008E-04
  0.19000000E+00  0.13977132E-03  0.14965516E-04
  0.20000000E+00  0.13883434E-03  0.15636988E-04
  0.21000000E+00  0.13786126E-03  0.16280985E-04
  0.22000000E+00  0.13685756E-03  0.16896252E-04
  0.23000000E+00  0.13582846E-03  0.17481735E-04
  0.24000000E+00  0.13477892E-03  0.18036599E-04
  0.25000000E+00  0.13371361E-03  0.18560258E-04
  0.26000000E+00  0.13263692E-03  0.19052392E-04
  0.27000000E+00  0.13155300E-03  0.19512982E-04
  0.28000000E+00  0.13046571E-03  0.19942332E-04
  0.29000000E+00  0.12937864E-03  0.20341095E-04
  0.30000000E+00  0.12829513E-03  0.20710288E-04
  0.31000000E+00  0.12721821E-03  0.21051294E-04
  0.32000000E+00  0.12615059E-03  0.21365853E-04
  0.33000000E+00  0.12509470E-03  0.21656025E-04
  0.34000000E+00  0.12405263E-03  0.21924134E-04
  0.35000000E+00  0.12302613E-03  0.22172685E-04
  0.36000000E+00  0.12201662E-03  0.22404270E-04
  0.37000000E+00  0.12102522E-03  0.22621448E-04
  0.38000000E+00  0.12005268E-03  0.22826634E-04
  0.39000000E+00  0.11909949E-03  0.23021989E-04
  0.40000000E+00  0.11816583E-03  0.23209333E-04
  0.41000000E+00  0.11725165E-03  0.23390079E-04
  0.42000000E+00  0.11635667E-03  0.23565211E-04
  0.43000000E+00  0.11548042E-03  0.23735284E-04
  0.44000000E+00  0.11462226E-03  0.23900468E-04
  0.45000000E+00  0.11378149E-03  0.24060605E-04
  0.46000000E+00  0.11295727E-03  0.24215295E-04
  0.47000000E+00  0.11214879E-03  0.24363982E-04
  0.48000000E+00  0.11135518E-03  0.24506040E-04
  0.49000000E+00  0.11057564E-03  0.24640856E-04
  0.50000000E+00  0.10980942E-03  0.24767895E-04
  0.51000000E+00  0.10905584E-03  0.24886760E-04
  0.52000000E+00  0.10831435E-03  0.24997221E-04
  0.53000000E+00  0.10758451E-03  0.25099246E-04
  0.54000000E+00  0.10686599E-03  0.25193007E-04
  0.55000000E+00  0.10615861E-03  0.25278874E-04
  0.56000000E+00  0.10546233E-03  0.25357408E-04
  0.57000000E+00  0.10477723E-03  0.25429330E-04
  0.58000000E+00  0.10410351E-03  0.25495498E-04
  0.59000000E+00  0.10344147E-03  0.25556865E-04
  0.60000000E+00  0.10279151E-03  0.25614447E-04
  0.61000000E+00  0.10215411E-03  0.25669275E-04
  0.62000000E+00  0.10152979E-03  0.25722358E-04
  0.63000000E+00  0.10091913E-03  0.25774647E-04
  0.64000000E+00  0.10032269E-03  0.25827002E-04
  0.65000000E+00  0.99741058E-04  0.25880167E-04
  0.66000000E+00  0.99174787E-04  0.25934759E-04
  0.67000000E+00  0.98624388E-04  0.25991251E-04
  0.68000000E+00  0.98090315E-04  0.26049987E-04
  0.69000000E+00  0.97572947E-04  0.26111178E-04
  0.70000000E+00  0.97072577E-04  0.26174929E-04
  0.71000000E+00  0.96589400E-04  0.26241250E-04
  0.72000000E+00  0.96123499E-04  0.26310083E-04
  0.73000000E+00  0.95674843E-04  0.26381321E-04
  0.74000000E+00  0.95243272E-04  0.26454828E-04
  0.75000000E+00  0.94828501E-04  0.26530455E-04
  0.76000000E+00  0.94430108E-04  0.26608060E-04
  0.77000000E+00  0.94047540E-04  0.26687509E-04
  0.78000000E+00  0.93680115E-04  0.26768689E-04
  0.79000000E+00  0.93327023E-04  0.26851511E-04
  0.80000000E+00  0.92987340E-04  0.26935901E-04
  0.81000000E+00  0.92660042E-04  0.27021807E-04
  0.82000000E+00  0.92344027E-04  0.27109181E-04
  0.83000000E+00  0.92038143E-04  0.27197976E-04
  0.84000000E+00  0.91741223E-04  0.27288128E-04
  0.85000000E+00  0.91452132E-04  0.27379542E-04
  0.86000000E+00  0.91169817E-04  0.27472072E-04
  0.87000000E+00  0.90893371E-04  0.27565502E-04
  0.88000000E+00  0.90622099E-04  0.27659529E-04
  0.89000000E+00  0.90355591E-04  0.27753742E-04
  0.90000000E+00  0.90093803E-04  0.27847609E-04
  0.91000000E+00  0.89837147E-04  0.27940473E-04
  0.92000000E+00  0.89586609E-04  0.28031543E-04
  0.93000000E+00  0.89343950E-04  0.28119914E-04
  0.94000000E+00  0.89112089E-04  0.28204595E-04
  0.95000000E+00  0.88895833E-04  0.28284563E-04
  0.96000000E+00  0.88703089E-04  0.28358873E-04
  0.97000000E+00  0.88546484E-04  0.28426835E-04
  0.98000000E+00  0.88444757E-04  0.28488339E-04
  0.99000000E+00  0.88422441E-04  0.28544409E-04
  0.10000000E+01  0.88505838E-04  0.28598145E-04
  0.10100000E+01  0.88713965E-04  0.28656247E-04
  0.10200000E+01  0.89045857E-04  0.28731159E-04
  0.10300000E+01  0.89469483E-04  0.28843044E-04
  0.10400000E+01  0.89920014E-04  0.29018323E-04
  0.10500000E+01  0.90312962E-04  0.29278134E-04
  0.10600000E+01  0.90570276E-04  0.29614760E-04
  0.10700000E+01  0.90648673E-04  0.29978455E-04
  0.10800000E+01  0.90555951E-04  0.30305902E-04
  0.10900000E+01  0.90346490E-04  0.30565216E-04
  0.11000000E+01  0.90098581E-04  0.30764168E-04
  0.11100000E+01  0.89885920E-04  0.30928442E-04
  0.11200000E+01  0.89767182E-04  0.31086971E-04
  0.11300000E+01  0.90055533E-04  0.31288975E-04
  0.11400000E+01  0.92054141E-04  0.31736560E-04
  0.11500000E+01  0.91679396E-04  0.33185422E-04
  0.11600000E+01  0.86414400E-04  0.32819073E-04
  0.11700000E+01  0.88424653E-04  0.31202719E-04
  0.11800000E+01  0.90417327E-04  0.31537618E-04
  0.11900000E+01  0.90672632E-04  0.31954014E-04
  0.12000000E+01  0.90843683E-04  0.32287486E-04
  0.12100000E+01  0.91009082E-04  0.32571737E-04
  0.12200000E+01  0.91157302E-04  0.32829625E-04
  0.12300000E+01  0.91287034E-04  0.33072238E-04
  0.12400000E+01  0.91398789E-04  0.33304821E-04
  0.12500000E+01  0.91494699E-04  0.33529930E-04
  0.12600000E+01  0.91578235E-04  0.33749159E-04
  0.12700000E+01  0.91653674E-04  0.33964070E-04
  0.12800000E+01  0.91725390E-04  0.34176475E-04
  0.12900000E+01  0.91796949E-04  0.34388254E-04
  0.13000000E+01  0.91869997E-04  0.34601022E-04
  0.13100000E+01  0.91943311E-04  0.34815805E-04
  0.13200000E+01  0.92013243E-04  0.35032687E-04
  0.13300000E+01  0.92077196E-04  0.35250262E-04
  0.13400000E+01  0.92139450E-04  0.35464869E-04
  0.13500000E+01  0.92213998E-04  0.35671064E-04
  0.13600000E+01  0.92318200E-04  0.35867446E-04
  0.13700000E+01  0.92459476E-04  0.36064291E-04
  0.13800000E+01  0.92627488E-04  0.36274676E-04
  0.13900000E+01  0.92801029E-04  0.36500055E-04
  0.14000000E+01  0.92963122E-04  0.36736685E-04
  0.14100000E+01  0.93057077E-04  0.37037800E-04
  0.14200000E+01  0.93245781E-04  0.37140596E-04
  0.14300000E+01  0.93378576E-04  0.37380326E-04
  0.14400000E+01  0.93512058E-04  0.37608683E-04
  0.14500000E+01  0.93647578E-04  0.37834291E-04
  0.14600000E+01  0.93785331E-04  0.38058944E-04
  0.14700000E+01  0.93925330E-04  0.38283398E-04
  0.14800000E+01  0.94067651E-04  0.38508109E-04
  0.14900000E+01  0.94212413E-04  0.38733413E-04
  0.15000000E+01  0.94359729E-04  0.38959580E-04
  0.15100000E+01  0.94509687E-04  0.39186840E-04
  0.15200000E+01  0.94662342E-04  0.39415394E-04
  0.15300000E+01  0.94817709E-04  0.39645424E-04
  0.15400000E+01  0.94975758E-04  0.39877093E-04
  0.15500000E+01  0.95136408E-04  0.40110547E-04
  0.15600000E+01  0.95299520E-04  0.40345916E-04
  0.15700000E+01  0.95464897E-04  0.40583309E-04
  0.15800000E+01  0.95632288E-04  0.40822813E-04
  0.15900000E+01  0.95801409E-04  0.41064484E-04
  0.16000000E+01  0.95971972E-04  0.41308352E-04
  0.16100000E+01  0.96143746E-04  0.41554421E-04
  0.16200000E+01  0.96316633E-04  0.41802677E-04
  0.16300000E+01  0.96490771E-04  0.42053100E-04
  0.16400000E+01  0.96666648E-04  0.42305672E-04
  0.16500000E+01  0.96845227E-04  0.42560380E-04
  0.16600000E+01  0.97028053E-04  0.42817224E-04
  0.16700000E+01  0.97217328E-04  0.43076208E-04
  0.16800000E+01  0.97415932E-04  0.43337344E-04
  0.16900000E+01  0.97627360E-04  0.43600652E-04
  0.17000000E+01  0.97855580E-04  0.43866185E-04
  0.17100000E+01  0.98104790E-04  0.44134061E-04
  0.17200000E+01  0.98379097E-04  0.44404523E-04
  0.17300000E+01  0.98682141E-04  0.44678027E-04
  0.17400000E+01  0.99016697E-04  0.44955349E-04
  0.17500000E+01  0.99384327E-04  0.45237721E-04
  0.17600000E+01  0.99785183E-04  0.45526975E-04
  0.17700000E+01  0.10021810E-03  0.45825656E-04
  0.17800000E+01  0.10068106E-03  0.46137048E-04
  0.17900000E+01  0.10117185E-03  0.46465048E-04
  0.18000000E+01  0.10168823E-03  0.46813870E-04
  0.18100000E+01  0.10222642E-03  0.47187737E-04
  0.18200000E+01  0.10277714E-03  0.47590740E-04
  0.18300000E+01  0.10332170E-03  0.48026613E-04
  0.18400000E+01  0.10385548E-03  0.48498010E-04
  0.18500000E+01  0.10442687E-03  0.49035858E-04
  0.18600000E+01  0.10473436E-03  0.49631106E-04
  0.18700000E+01  0.10498765E-03  0.50155477E-04
  0.18800000E+01  0.10526563E-03  0.50673434E-04
  0.18900000E+01  0.10552483E-03  0.51190963E-04
  0.19000000E+01  0.10577581E-03  0.51710098E-04
  0.19100000E+01  0.10604185E-03  0.52236191E-04
  0.19200000E+01  0.10629522E-03  0.52787253E-04
  0.19300000E+01  0.10654588E-03  0.53336060E-04
  0.19400000E+01  0.10681514E-03  0.53899074E-04
  0.19500000E+01  0.10708871E-03  0.54477255E-04
  0.19600000E+01  0.10739180E-03  0.55072410E-04
  0.19700000E+01  0.10773100E-03  0.55704022E-04
  0.19800000E+01  0.10796405E-03  0.56392478E-04
  0.19900000E+01  0.10806635E-03  0.57067242E-04
  0.20000000E+01  0.10815222E-03  0.57730113E-04
  0.20100000E+01  0.10823924E-03  0.58398818E-04
  0.20200000E+01  0.10829449E-03  0.59073907E-04
  0.20300000E+01  0.10833830E-03  0.59756567E-04
  0.20400000E+01  0.10839678E-03  0.60448463E-04
  0.20500000E+01  0.10849913E-03  0.61151445E-04
  0.20600000E+01  0.10867995E-03  0.61867931E-04
  0.20700000E+01  0.10897840E-03  0.62601535E-04
  0.20800000E+01  0.10943461E-03  0.63357918E-04
  0.20900000E+01  0.11008395E-03  0.64145929E-04
  0.21000000E+01  0.11094965E-03  0.64979123E-04
  0.21100000E+01  0.11203439E-03  0.65877592E-04
  0.21200000E+01  0.11331163E-03  0.66869898E-04
  0.21300000E+01  0.11471819E-03  0.67994545E-04
  0.21400000E+01  0.11614983E-03  0.69300185E-04
  0.21500000E+01  0.11746148E-03  0.70843585E-04
  0.21600000E+01  0.11847359E-03  0.72684591E-04
  0.21700000E+01  0.11898533E-03  0.74877615E-04
  0.21800000E+01  0.11879537E-03  0.77459481E-04
  0.21900000E+01  0.11773340E-03  0.80433794E-04
  0.22000000E+01  0.11571503E-03  0.83753983E-04
  0.22100000E+01  0.11284328E-03  0.87312272E-04
  0.22200000E+01  0.10954146E-03  0.90948033E-04
  0.22300000E+01  0.10651597E-03  0.94487682E-04
  0.22400000E+01  0.10408763E-03  0.97809086E-04
  0.22500000E+01  0.10075567E-03  0.10088376E-03
  0.22600000E+01  0.92458018E-04  0.10368436E-03
  0.22700000E+01  0.75256404E-04  0.10572108E-03
  0.22800000E+01  0.51150438E-04  0.10499622E-03
  0.22900000E+01  0.30412497E-04  0.98041576E-04
  0.23000000E+01  0.24480778E-04  0.86022868E-04
  0.23100000E+01  0.35299572E-04  0.77885604E-04
  0.23200000E+01  0.52895131E-04  0.77052434E-04
  0.23300000E+01  0.63649183E-04  0.79952849E-04
  0.23400000E+01  0.62717608E-04  0.82708519E-04
  0.23500000E+01  0.55692675E-04  0.84268956E-04
  0.23600000E+01  0.48759400E-04  0.85166794E-04
  0.23700000E+01  0.43928517E-04  0.85691091E-04
  0.23800000E+01  0.40984044E-04  0.85980949E-04
  0.23900000E+01  0.39070960E-04  0.86116423E-04
  0.24000000E+01  0.37509619E-04  0.86147281E-04
  0.24100000E+01  0.35964432E-04  0.86104464E-04
  0.24200000E+01  0.34314393E-04  0.86007058E-04
  0.24300000E+01  0.32530685E-04  0.85867201E-04
  0.24400000E+01  0.30619657E-04  0.85693059E-04
  0.24500000E+01  0.28602205E-04  0.85490465E-04
  0.24600000E+01  0.26505470E-04  0.85263815E-04
  0.24700000E+01  0.24358122E-04  0.85016551E-04
  0.24800000E+01  0.22187308E-04  0.84751442E-04
  0.24900000E+01  0.20016862E-04  0.84470744E-04
  0.25000000E+01  0.17866482E-04  0.84176301E-04
  0.25100000E+01  0.15751590E-04  0.83869610E-04
  0.25200000E+01  0.13683616E-04  0.83551864E-04
  0.25300000E+01  0.11670496E-04  0.83223987E-04
  0.25400000E+01  0.97172597E-05  0.82886672E-04
  0.25500000E+01  0.78266108E-05  0.82540426E-04
  0.25600000E+01  0.59994411E-05  0.82185612E-04
  0.25700000E+01  0.42352710E-05  0.81822478E-04
  0.25800000E+01  0.25326043E-05  0.81451179E-04
  0.25900000E+01  0.88921033E-06  0.81071798E-04
  0.26000000E+01 -0.69765756E-06  0.80684364E-04
  0.26100000E+01 -0.22310893E-05  0.80288858E-04
  0.26200000E+01 -0.37143842E-05  0.79885236E-04
  0.26300000E+01 -0.51509421E-05  0.79473431E-04
  0.26400000E+01 -0.65441753E-05  0.79053364E-04
  0.26500000E+01 -0.78974352E-05  0.78624948E-04
  0.26600000E+01 -0.92139493E-05  0.78188098E-04
  0.26700000E+01 -0.10496768E-04  0.77742724E-04
  0.26800000E+01 -0.11748717E-04  0.77288742E-04
  0.26900000E+01 -0.12972354E-04  0.76826070E-04
  0.27000000E+01 -0.14169930E-04  0.76354628E-04
  0.27100000E+01 -0.15343350E-04  0.75874340E-04
  0.27200000E+01 -0.16494139E-04  0.75385133E-04
  0.27300000E+01 -0.17623408E-04  0.74886939E-04
  0.27400000E+01 -0.18731816E-04  0.74379688E-04
  0.27500000E+01 -0.19819542E-04  0.73863317E-04
  0.27600000E+01 -0.20886251E-04  0.73337765E-04
  0.27700000E+01 -0.21931064E-04  0.72802974E-04
  0.27800000E+01 -0.22952541E-04  0.72258895E-04
  0.27900000E+01 -0.23948655E-04  0.71705487E-04
  0.28000000E+01 -0.24916787E-04  0.71142721E-04
  0.28100000E+01 -0.25853721E-04  0.70570586E-04
  0.28200000E+01 -0.26755662E-04  0.69989093E-04
  0.28300000E+01 -0.27618253E-04  0.69398281E-04
  0.28400000E+01 -0.28436622E-04  0.68798227E-04
  0.28500000E+01 -0.29205436E-04  0.68189057E-04
  0.28600000E+01 -0.29918980E-04  0.67570951E-04
  0.28700000E+01 -0.30571251E-04  0.66944163E-04
  0.28800000E+01 -0.31156071E-04  0.66309035E-04
  0.28900000E+01 -0.31667220E-04  0.65666015E-04
  0.29000000E+01 -0.32098586E-04  0.65015679E-04
  0.29100000E+01 -0.32444330E-04  0.64358760E-04
  0.29200000E+01 -0.32699071E-04  0.63696172E-04
  0.29300000E+01 -0.32858070E-04  0.63029051E-04
  0.29400000E+01 -0.32917412E-04  0.62358788E-04
  0.29500000E+01 -0.32874167E-04  0.61687070E-04
  0.29600000E+01 -0.32726511E-04  0.61015909E-04
  0.29700000E+01 -0.32473819E-04  0.60347666E-04
  0.29800000E+01 -0.32116703E-04  0.59685051E-04
  0.29900000E+01 -0.31657056E-04  0.59031143E-04
  0.30000000E+01 -0.31098073E-04  0.58389439E-04
  0.30100000E+01 -0.30444282E-04  0.57763940E-04
  0.30200000E+01 -0.29701560E-04  0.57159145E-04
  0.30300000E+01 -0.28877091E-04  0.56579903E-04
  0.30400000E+01 -0.27979259E-04  0.56031162E-04
  0.30500000E+01 -0.27017472E-04  0.55517722E-04
  0.30600000E+01 -0.26001915E-04  0.55044003E-04
  0.30700000E+01 -0.24943294E-04  0.54613791E-04
  0.30800000E+01 -0.23852584E-04  0.54229937E-04
  0.30900000E+01 -0.22740799E-04  0.53894077E-04
  0.31000000E+01 -0.21618800E-04  0.53606391E-04
  0.31100000E+01 -0.20497137E-04  0.53365490E-04
  0.31200000E+01 -0.19385907E-04  0.53168444E-04
  0.31300000E+01 -0.18294649E-04  0.53010987E-04
  0.31400000E+01 -0.17232243E-04  0.52887886E-04
  0.31500000E+01 -0.16206813E-04  0.52793450E-04
  0.31600000E+01 -0.15225613E-04  0.52722094E-04
  0.31700000E+01 -0.14294876E-04  0.52668899E-04
  0.31800000E+01 -0.13419597E-04  0.52630090E-04
  0.31900000E+01 -0.12603278E-04  0.52603371E-04
  0.32000000E+01 -0.11847631E-04  0.52588086E-04
  0.32100000E+01 -0.11152323E-04  0.52585223E-04
  0.32200000E+01 -0.10514830E-04  0.52597269E-04
  0.32300000E+01 -0.99305180E-05  0.52627958E-04
  0.32400000E+01 -0.93930036E-05  0.52681890E-04
  0.32500000E+01 -0.88948548E-05  0.52764004E-04
  0.32600000E+01 -0.84285421E-05  0.52878766E-04
  0.32700000E+01 -0.79874895E-05  0.53028972E-04
  0.32800000E+01 -0.75669650E-05  0.53214095E-04
  0.32900000E+01 -0.71645258E-05  0.53428465E-04
  0.33000000E+01 -0.67797886E-05  0.53660180E-04
  0.33100000E+01 -0.64134505E-05  0.53892191E-04
  0.33200000E+01 -0.60657170E-05  0.54106850E-04
  0.33300000E+01 -0.57345234E-05  0.54293189E-04
  0.33400000E+01 -0.54140961E-05  0.54453018E-04
  0.33500000E+01 -0.50943950E-05  0.54600513E-04
  0.33600000E+01 -0.47617935E-05  0.54753831E-04
  0.33700000E+01 -0.44010081E-05  0.54924657E-04
  0.33800000E+01 -0.39979028E-05  0.55114569E-04
  0.33900000E+01 -0.35424919E-05  0.55320756E-04
  0.34000000E+01 -0.30313723E-05  0.55544228E-04
  0.34100000E+01 -0.24689760E-05  0.55791843E-04
  0.34200000E+01 -0.18673960E-05  0.56071345E-04
  0.34300000E+01 -0.12449635E-05  0.56386114E-04
  0.34400000E+01 -0.62409293E-06  0.56734972E-04
  0.34500000E+01 -0.29032306E-07  0.57115481E-04
  0.34600000E+01  0.51595165E-06  0.57526094E-04
  0.34700000E+01  0.98770513E-06  0.57965402E-04
  0.34800000E+01  0.13646991E-05  0.58430160E-04
  0.34900000E+01  0.16272046E-05  0.58914249E-04
  0.35000000E+01  0.17574692E-05  0.59409234E-04
  0.35100000E+01  0.17401267E-05  0.59905935E-04
  0.35200000E+01  0.15628830E-05  0.60396099E-04
  0.35300000E+01  0.12173333E-05  0.60873517E-04
  0.35400000E+01  0.69966261E-06  0.61334342E-04
  0.35500000E+01  0.10993696E-07  0.61776720E-04
  0.35600000E+01 -0.84276173E-06  0.62200031E-04
  0.35700000E+01 -0.18515462E-05  0.62604072E-04
  0.35800000E+01 -0.30021706E-05  0.62988423E-04
  0.35900000E+01 -0.42794962E-05  0.63352091E-04
  0.36000000E+01 -0.56675757E-05  0.63693428E-04
  0.36100000E+01 -0.71505812E-05  0.64010262E-04
  0.36200000E+01 -0.87134259E-05  0.64300140E-04
  0.36300000E+01 -0.10342058E-04  0.64560594E-04
  0.36400000E+01 -0.12023474E-04  0.64789378E-04
  0.36500000E+01 -0.13745520E-04  0.64984636E-04
  0.36600000E+01 -0.15496595E-04  0.65144988E-04
  0.36700000E+01 -0.17265317E-04  0.65269550E-04
  0.36800000E+01 -0.19040238E-04  0.65357917E-04
  0.36900000E+01 -0.20809636E-04  0.65410132E-04
  0.37000000E+01 -0.22561411E-04  0.65426674E-04
  0.37100000E+01 -0.24283087E-04  0.65408506E-04
  0.37200000E+01 -0.25961895E-04  0.65357196E-04
  0.37300000E+01 -0.27584955E-04  0.65275136E-04
  0.37400000E+01 -0.29139523E-04  0.65165871E-04
  0.37500000E+01 -0.30613357E-04  0.65034557E-04
  0.37600000E+01 -0.31995192E-04  0.64888582E-04
  0.37700000E+01 -0.33275395E-04  0.64738388E-04
  0.37800000E+01 -0.34446790E-04  0.64598601E-04
  0.37900000E+01 -0.35505628E-04  0.64489661E-04
  0.38000000E+01 -0.36452560E-04  0.64440313E-04
  0.38100000E+01 -0.37293385E-04  0.64491672E-04
  0.38200000E+01 -0.38039438E-04  0.64704138E-04
  0.38300000E+01 -0.38739488E-04  0.65168733E-04
  0.38400000E+01 -0.39540593E-04  0.66029896E-04
  0.38500000E+01 -0.38668248E-04  0.68049759E-04
  0.38600000E+01 -0.33023718E-04  0.72510534E-04
  0.38700000E+01  0.11334825E-04  0.82757262E-04
  0.38800000E+01  0.11699097E-04  0.11360342E-03
  0.38900000E+01 -0.20173114E-03  0.12537013E-03
  0.39000000E+01 -0.22078019E-03  0.14032651E-04
  0.39100000E+01 -0.77128842E-04 -0.13438313E-05
  0.39200000E+01 -0.43243802E-04  0.10271820E-04
  0.39300000E+01 -0.43428013E-04  0.19035896E-04
  0.39400000E+01 -0.43813301E-04  0.24450697E-04
  0.39500000E+01 -0.43938941E-04  0.27814636E-04
  0.39600000E+01 -0.43950543E-04  0.29955205E-04
  0.39700000E+01 -0.43832001E-04  0.31332025E-04
  0.39800000E+01 -0.43598150E-04  0.32207138E-04
  0.39900000E+01 -0.43357927E-04  0.32740193E-04
  0.40000000E+01 -0.43177010E-04  0.33003953E-04
  0.40100000E+01 -0.42887677E-04  0.32975032E-04
  0.40200000E+01 -0.42313717E-04  0.32746998E-04
  0.40300000E+01 -0.41526151E-04  0.32454070E-04
  0.40400000E+01 -0.40657170E-04  0.32105230E-04
  0.40500000E+01 -0.39724207E-04  0.31701527E-04
  0.40600000E+01 -0.38694951E-04  0.31262986E-04
  0.40700000E+01 -0.37557078E-04  0.30813866E-04
  0.40800000E+01 -0.36317590E-04  0.30376180E-04
  0.40900000E+01 -0.34990110E-04  0.29967670E-04
  0.41000000E+01 -0.33590941E-04  0.29601147E-04
  0.41100000E+01 -0.32138473E-04  0.29284475E-04
  0.41200000E+01 -0.30652641E-04  0.29021006E-04
  0.41300000E+01 -0.29154231E-04  0.28810330E-04
  0.41400000E+01 -0.27664125E-04  0.28649174E-04
  0.41500000E+01 -0.26202566E-04  0.28532336E-04
  0.41600000E+01 -0.24788464E-04  0.28453513E-04
  0.41700000E+01 -0.23438795E-04  0.28405998E-04
  0.41800000E+01 -0.22168090E-04  0.28383188E-04
  0.41900000E+01 -0.20988072E-04  0.28378937E-04
  0.42000000E+01 -0.19907418E-04  0.28387764E-04
  0.42100000E+01 -0.18931676E-04  0.28404944E-04
  0.42200000E+01 -0.18063311E-04  0.28426529E-04
  0.42300000E+01 -0.17301877E-04  0.28449308E-04
  0.42400000E+01 -0.16644296E-04  0.28470742E-04
  0.42500000E+01 -0.16085212E-04  0.28488878E-04
  0.42600000E+01 -0.15617400E-04  0.28502267E-04
  0.42700000E+01 -0.15232213E-04  0.28509878E-04
  0.42800000E+01 -0.14920024E-04  0.28511026E-04
  0.42900000E+01 -0.14670664E-04  0.28505300E-04
  0.43000000E+01 -0.14473818E-04  0.28492510E-04
  0.43100000E+01 -0.14319378E-04  0.28472635E-04
  0.43200000E+01 -0.14197726E-04  0.28445789E-04
  0.43300000E+01 -0.14099938E-04  0.28412186E-04
  0.43400000E+01 -0.14017864E-04  0.28372125E-04
  0.43500000E+01 -0.13944048E-04  0.28325978E-04
  0.43600000E+01 -0.13871544E-04  0.28274205E-04
  0.43700000E+01 -0.13793860E-04  0.28217412E-04
  0.43800000E+01 -0.13705500E-04  0.28156472E-04
  0.43900000E+01 -0.13603339E-04  0.28092764E-04
  0.44000000E+01 -0.13488201E-04  0.28028405E-04
  0.44100000E+01 -0.13366788E-04  0.27965551E-04
  0.44200000E+01 -0.13279337E-04  0.27901185E-04
  0.44300000E+01 -0.13265015E-04  0.27803030E-04
  0.44400000E+01 -0.12949534E-04  0.27690269E-04
  0.44500000E+01 -0.12858601E-04  0.27670739E-04
  0.44600000E+01 -0.12724286E-04  0.27575780E-04
  0.44700000E+01 -0.12563676E-04  0.27483269E-04
  0.44800000E+01 -0.12395013E-04  0.27391524E-04
  0.44900000E+01 -0.12216078E-04  0.27299235E-04
  0.45000000E+01 -0.12029633E-04  0.27206237E-04
  0.45100000E+01 -0.11837944E-04  0.27112634E-04
  0.45200000E+01 -0.11642578E-04  0.27018575E-04
  0.45300000E+01 -0.11444619E-04  0.26924209E-04
  0.45400000E+01 -0.11244870E-04  0.26829675E-04
  0.45500000E+01 -0.11043970E-04  0.26735093E-04
  0.45600000E+01 -0.10842439E-04  0.26640576E-04
  0.45700000E+01 -0.10640704E-04  0.26546223E-04
  0.45800000E+01 -0.10439107E-04  0.26452125E-04
  0.45900000E+01 -0.10237923E-04  0.26358365E-04
  0.46000000E+01 -0.10037363E-04  0.26265021E-04
  0.46100000E+01 -0.98375919E-05  0.26172164E-04
  0.46200000E+01 -0.96387351E-05  0.26079860E-04
  0.46300000E+01 -0.94408879E-05  0.25988172E-04
  0.46400000E+01 -0.92441244E-05  0.25897157E-04
  0.46500000E+01 -0.90485040E-05  0.25806868E-04
  0.46600000E+01 -0.88540773E-05  0.25717355E-04
  0.46700000E+01 -0.86608897E-05  0.25628665E-04
  0.46800000E+01 -0.84689844E-05  0.25540844E-04
  0.46900000E+01 -0.82784039E-05  0.25453933E-04
  0.47000000E+01 -0.80891919E-05  0.25367975E-04
  0.47100000E+01 -0.79013987E-05  0.25283011E-04
  0.47200000E+01 -0.77150973E-05  0.25199078E-04
  0.47300000E+01 -0.75304128E-05  0.25116217E-04
  0.47400000E+01 -0.73475584E-05  0.25034460E-04
  0.47500000E+01 -0.71668479E-05  0.24953838E-04
  0.47600000E+01 -0.69886419E-05  0.24874364E-04
  0.47700000E+01 -0.68132087E-05  0.24796015E-04
  0.47800000E+01 -0.66405528E-05  0.24718703E-04
  0.47900000E+01 -0.64703397E-05  0.24642263E-04
  0.48000000E+01 -0.63020334E-05  0.24566579E-04
  0.48100000E+01 -0.61352301E-05  0.24491859E-04
  0.48200000E+01 -0.59699948E-05  0.24418690E-04
  0.48300000E+01 -0.58069680E-05  0.24347544E-04
  0.48400000E+01 -0.56471576E-05  0.24278433E-04
  0.48500000E+01 -0.54915620E-05  0.24211122E-04
  0.48600000E+01 -0.53408712E-05  0.24145393E-04
  0.48700000E+01 -0.51953981E-05  0.24081113E-04
  0.48800000E+01 -0.50552062E-05  0.24018203E-04
  0.48900000E+01 -0.49202942E-05  0.23956612E-04
  0.49000000E+01 -0.47907183E-05  0.23896295E-04
  0.49100000E+01 -0.46666228E-05  0.23837205E-04
  0.49200000E+01 -0.45482130E-05  0.23779292E-04
  0.49300000E+01 -0.44357161E-05  0.23722505E-04
  0.49400000E+01 -0.43293543E-05  0.23666788E-04
  0.49500000E+01 -0.42293344E-05  0.23612086E-04
  0.49600000E+01 -0.41358461E-05  0.23558346E-04
  0.49700000E+01 -0.40490647E-05  0.23505512E-04
  0.49800000E+01 -0.39691537E-05  0.23453531E-04
  0.49900000E+01 -0.38962665E-05  0.23402346E-04
  0.50000000E+01 -0.38305453E-05  0.23351898E-04
  0.50100000E+01 -0.37721177E-05  0.23302119E-04
  0.50200000E+01 -0.37210884E-05  0.23252936E-04
  0.50300000E+01 -0.36775294E-05  0.23204265E-04
  0.50400000E+01 -0.36414684E-05  0.23156011E-04
  0.50500000E+01 -0.36128835E-05  0.23108069E-04
  0.50600000E+01 -0.35917058E-05  0.23060328E-04
  0.50700000E+01 -0.35778350E-05  0.23012686E-04
  0.50800000E+01 -0.35711635E-05  0.22965071E-04
  0.50900000E+01 -0.35716053E-05  0.22917466E-04
  0.51000000E+01 -0.35791170E-05  0.22869900E-04
  0.51100000E+01 -0.35937073E-05  0.22822405E-04
  0.51200000E+01 -0.36154276E-05  0.22774974E-04
  0.51300000E+01 -0.36443521E-05  0.22727553E-04
  0.51400000E+01 -0.36805502E-05  0.22680063E-04
  0.51500000E+01 -0.37240634E-05  0.22632415E-04
  0.51600000E+01 -0.37748922E-05  0.22584523E-04
  0.51700000E+01 -0.38329927E-05  0.22536303E-04
  0.51800000E+01 -0.38982834E-05  0.22487674E-04
  0.51900000E+01 -0.39706549E-05  0.22438550E-04
  0.52000000E+01 -0.40499789E-05  0.22388845E-04
  0.52100000E+01 -0.41361156E-05  0.22338464E-04
  0.52200000E+01 -0.42289149E-05  0.22287306E-04
  0.52300000E+01 -0.43282158E-05  0.22235264E-04
  0.52400000E+01 -0.44338438E-05  0.22182222E-04
  0.52500000E+01 -0.45456068E-05  0.22128053E-04
  0.52600000E+01 -0.46632918E-05  0.22072625E-04
  0.52700000E+01 -0.47866619E-05  0.22015795E-04
  0.52800000E+01 -0.49154537E-05  0.21957412E-04
  0.52900000E+01 -0.50493754E-05  0.21897312E-04
  0.53000000E+01 -0.51881054E-05  0.21835325E-04
  0.53100000E+01 -0.53312917E-05  0.21771270E-04
  0.53200000E+01 -0.54785511E-05  0.21704952E-04
  0.53300000E+01 -0.56294689E-05  0.21636171E-04
  0.53400000E+01 -0.57835998E-05  0.21564714E-04
  0.53500000E+01 -0.59404678E-05  0.21490359E-04
  0.53600000E+01 -0.60995681E-05  0.21412874E-04
  0.53700000E+01 -0.62603685E-05  0.21332019E-04
  0.53800000E+01 -0.64223108E-05  0.21247549E-04
  0.53900000E+01 -0.65848138E-05  0.21159213E-04
  0.54000000E+01 -0.67472756E-05  0.21066761E-04
  0.54100000E+01 -0.69090765E-05  0.20969942E-04
  0.54200000E+01 -0.70695827E-05  0.20868513E-04
  0.54300000E+01 -0.72281498E-05  0.20762241E-04
  0.54400000E+01 -0.73841257E-05  0.20650910E-04
  0.54500000E+01 -0.75368559E-05  0.20534323E-04
  0.54600000E+01 -0.76856865E-05  0.20412314E-04
  0.54700000E+01 -0.78299692E-05  0.20284747E-04
  0.54800000E+01 -0.79690655E-05  0.20151528E-04
  0.54900000E+01 -0.81023536E-05  0.20012603E-04
  0.55000000E+01 -0.82292380E-05  0.19867968E-04
  0.55100000E+01 -0.83491684E-05  0.19717668E-04
  0.55200000E+01 -0.84616713E-05  0.19561798E-04
  0.55300000E+01 -0.85663928E-05  0.19400500E-04
  0.55400000E+01 -0.86631221E-05  0.19233955E-04
  0.55500000E+01 -0.87517175E-05  0.19062371E-04
  0.55600000E+01 -0.88318790E-05  0.18885968E-04
  0.55700000E+01 -0.89029968E-05  0.18704969E-04
  0.55800000E+01 -0.89644701E-05  0.18519655E-04
  0.55900000E+01 -0.90159398E-05  0.18330253E-04
  0.56000000E+01 -0.90564272E-05  0.18136347E-04
  0.56100000E+01 -0.90837790E-05  0.17938062E-04
  0.56200000E+01 -0.90961908E-05  0.17737203E-04
  0.56300000E+01 -0.90937930E-05  0.17535507E-04
  0.56400000E+01 -0.90781984E-05  0.17333657E-04
  0.56500000E+01 -0.90511645E-05  0.17131692E-04
  0.56600000E+01 -0.90138224E-05  0.16929573E-04
  0.56700000E+01 -0.89665648E-05  0.16727380E-04
  0.56800000E+01 -0.89092730E-05  0.16525309E-04
  0.56900000E+01 -0.88416339E-05  0.16323620E-04
  0.57000000E+01 -0.87633792E-05  0.16122606E-04
  0.57100000E+01 -0.86743880E-05  0.15922562E-04
  0.57200000E+01 -0.85746862E-05  0.15723785E-04
  0.57300000E+01 -0.84644049E-05  0.15526560E-04
  0.57400000E+01 -0.83437386E-05  0.15331164E-04
  0.57500000E+01 -0.82129180E-05  0.15137864E-04
  0.57600000E+01 -0.80721948E-05  0.14946917E-04
  0.57700000E+01 -0.79218352E-05  0.14758566E-04
  0.57800000E+01 -0.77621150E-05  0.14573047E-04
  0.57900000E+01 -0.75933176E-05  0.14390584E-04
  0.58000000E+01 -0.74157317E-05  0.14211388E-04
  0.58100000E+01 -0.72296497E-05  0.14035660E-04
  0.58200000E+01 -0.70353660E-05  0.13863588E-04
  0.58300000E+01 -0.68331759E-05  0.13695347E-04
  0.58400000E+01 -0.66233747E-05  0.13531100E-04
  0.58500000E+01 -0.64062568E-05  0.13370993E-04
  0.58600000E+01 -0.61821150E-05  0.13215160E-04
  0.58700000E+01 -0.59512402E-05  0.13063717E-04
  0.58800000E+01 -0.57139217E-05  0.12916767E-04
  0.58900000E+01 -0.54704463E-05  0.12774395E-04
  0.59000000E+01 -0.52210990E-05  0.12636672E-04
  0.59100000E+01 -0.49661633E-05  0.12503650E-04
  0.59200000E+01 -0.47059212E-05  0.12375369E-04
  0.59300000E+01 -0.44406537E-05  0.12251849E-04
  0.59400000E+01 -0.41706415E-05  0.12133099E-04
  0.59500000E+01 -0.38961650E-05  0.12019110E-04
  0.59600000E+01 -0.36175054E-05  0.11909861E-04
  0.59700000E+01 -0.33349443E-05  0.11805316E-04
  0.59800000E+01 -0.30487650E-05  0.11705426E-04
  0.59900000E+01 -0.27592523E-05  0.11610132E-04
  0.60000000E+01 -0.24666930E-05  0.11519361E-04
  0.60100000E+01 -0.21713761E-05  0.11433034E-04
  0.60200000E+01 -0.18735929E-05  0.11351059E-04
  0.60300000E+01 -0.15736369E-05  0.11273336E-04
  0.60400000E+01 -0.12718045E-05  0.11199761E-04
  0.60500000E+01 -0.96839371E-06  0.11130218E-04
  0.60600000E+01 -0.66370482E-06  0.11064592E-04
  0.60700000E+01 -0.35803985E-06  0.11002757E-04
  0.60800000E+01 -0.51702022E-07  0.10944588E-04
  0.60900000E+01  0.25500458E-06  0.10889953E-04
  0.61000000E+01  0.56177560E-06  0.10838722E-04
  0.61100000E+01  0.86830699E-06  0.10790759E-04
  0.61200000E+01  0.11742958E-05  0.10745930E-04
  0.61300000E+01  0.14794405E-05  0.10704101E-04
  0.61400000E+01  0.17834424E-05  0.10665136E-04
  0.61500000E+01  0.20860056E-05  0.10628902E-04
  0.61600000E+01  0.23868385E-05  0.10595265E-04
  0.61700000E+01  0.26856542E-05  0.10564095E-04
  0.61800000E+01  0.29821713E-05  0.10535263E-04
  0.61900000E+01  0.32761151E-05  0.10508643E-04
  0.62000000E+01  0.35672177E-05  0.10484110E-04
  0.62100000E+01  0.38552194E-05  0.10461544E-04
  0.62200000E+01  0.41398688E-05  0.10440827E-04
  0.62300000E+01  0.44209243E-05  0.10421844E-04
  0.62400000E+01  0.46981538E-05  0.10404484E-04
  0.62500000E+01  0.49713361E-05  0.10388639E-04
  0.62600000E+01  0.52402610E-05  0.10374205E-04
  0.62700000E+01  0.55047301E-05  0.10361082E-04
  0.62800000E+01  0.57645568E-05  0.10349173E-04
  0.62900000E+01  0.60195673E-05  0.10338384E-04
  0.63000000E+01  0.62696004E-05  0.10328626E-04
  0.63100000E+01  0.65145082E-05  0.10319812E-04
  0.63200000E+01  0.67541560E-05  0.10311860E-04
  0.63300000E+01  0.69884228E-05  0.10304691E-04
  0.63400000E+01  0.72172010E-05  0.10298228E-04
  0.63500000E+01  0.74403969E-05  0.10292399E-04
  0.63600000E+01  0.76579304E-05  0.10287134E-04
  0.63700000E+01  0.78697353E-05  0.10282366E-04
  0.63800000E+01  0.80757587E-05  0.10278033E-04
  0.63900000E+01  0.82759614E-05  0.10274074E-04
  0.64000000E+01  0.84703174E-05  0.10270429E-04
  0.64100000E+01  0.86588140E-05  0.10267044E-04
  0.64200000E+01  0.88414513E-05  0.10263866E-04
  0.64300000E+01  0.90182419E-05  0.10260843E-04
  0.64400000E+01  0.91892110E-05  0.10257927E-04
  0.64500000E+01  0.93543956E-05  0.10255070E-04
  0.64600000E+01  0.95138449E-05  0.10252229E-04
  0.64700000E+01  0.96676190E-05  0.10249360E-04
  0.64800000E+01  0.98157894E-05  0.10246420E-04
  0.64900000E+01  0.99584386E-05  0.10243371E-04
  0.65000000E+01  0.10095659E-04  0.10240172E-04
  0.65100000E+01  0.10227554E-04  0.10236787E-04
  0.65200000E+01  0.10354237E-04  0.10233178E-04
  0.65300000E+01  0.10475829E-04  0.10229311E-04
  0.65400000E+01  0.10592464E-04  0.10225149E-04
  0.65500000E+01  0.10704282E-04  0.10220659E-04
  0.65600000E+01  0.10811435E-04  0.10215809E-04
  0.65700000E+01  0.10914082E-04  0.10210564E-04
  0.65800000E+01  0.11012390E-04  0.10204894E-04
  0.65900000E+01  0.11106539E-04  0.10198768E-04
  0.66000000E+01  0.11196714E-04  0.10192154E-04
  0.66100000E+01  0.11283111E-04  0.10185023E-04
  0.66200000E+01  0.11365934E-04  0.10177346E-04
  0.66300000E+01  0.11445397E-04  0.10169095E-04
  0.66400000E+01  0.11521723E-04  0.10160244E-04
  0.66500000E+01  0.11595145E-04  0.10150767E-04
  0.66600000E+01  0.11665907E-04  0.10140639E-04
  0.66700000E+01  0.11734261E-04  0.10129839E-04
  0.66800000E+01  0.11800471E-04  0.10118345E-04
  0.66900000E+01  0.11864814E-04  0.10106142E-04
  0.67000000E+01  0.11927575E-04  0.10093213E-04
  0.67100000E+01  0.11989057E-04  0.10079546E-04
  0.67200000E+01  0.12049571E-04  0.10065133E-04
  0.67300000E+01  0.12109446E-04  0.10049970E-04
  0.67400000E+01  0.12169024E-04  0.10034056E-04
  0.67500000E+01  0.12228667E-04  0.10017398E-04
  0.67600000E+01  0.12288753E-04  0.10000006E-04
  0.67700000E+01  0.12349680E-04  0.99818973E-05
  0.67800000E+01  0.12411870E-04  0.99630959E-05
  0.67900000E+01  0.12475768E-04  0.99436335E-05
  0.68000000E+01  0.12541847E-04  0.99235497E-05
  0.68100000E+01  0.12610611E-04  0.99028934E-05
  0.68200000E+01  0.12682596E-04  0.98817229E-05
  0.68300000E+01  0.12758377E-04  0.98601071E-05
  0.68400000E+01  0.12838569E-04  0.98381261E-05
  0.68500000E+01  0.12923832E-04  0.98158722E-05
  0.68600000E+01  0.13014876E-04  0.97934509E-05
  0.68700000E+01  0.13112461E-04  0.97709817E-05
  0.68800000E+01  0.13217405E-04  0.97485990E-05
  0.68900000E+01  0.13330585E-04  0.97264538E-05
  0.69000000E+01  0.13452935E-04  0.97047143E-05
  0.69100000E+01  0.13585449E-04  0.96835675E-05
  0.69200000E+01  0.13729179E-04  0.96632207E-05
  0.69300000E+01  0.13885228E-04  0.96439029E-05
  0.69400000E+01  0.14054744E-04  0.96258667E-05
  0.69500000E+01  0.14238906E-04  0.96093904E-05
  0.69600000E+01  0.14438911E-04  0.95947801E-05
  0.69700000E+01  0.14655953E-04  0.95823723E-05
  0.69800000E+01  0.14891197E-04  0.95725370E-05
  0.69900000E+01  0.15145756E-04  0.95656810E-05
  0.70000000E+01  0.15420654E-04  0.95622523E-05
