  0.00000000E+00  0.33861945E+04  0.17413886E-12
  0.10000000E-01  0.33865387E+04  0.37470080E+01
  0.20000000E-01  0.33875648E+04  0.75383194E+01
  0.30000000E-01  0.33892545E+04  0.11417586E+02
  0.40000000E-01  0.33915773E+04  0.15427117E+02
  0.50000000E-01  0.33944920E+04  0.19607111E+02
  0.60000000E-01  0.33979477E+04  0.23994781E+02
  0.70000000E-01  0.34018850E+04  0.28623363E+02
  0.80000000E-01  0.34062379E+04  0.33520994E+02
  0.90000000E-01  0.34109357E+04  0.38709518E+02
  0.10000000E+00  0.34159045E+04  0.44203260E+02
  0.11000000E+00  0.34210698E+04  0.50007885E+02
  0.12000000E+00  0.34263575E+04  0.56119495E+02
  0.13000000E+00  0.34316969E+04  0.62524109E+02
  0.14000000E+00  0.34370215E+04  0.69197721E+02
  0.15000000E+00  0.34422708E+04  0.76107036E+02
  0.16000000E+00  0.34473918E+04  0.83210969E+02
  0.17000000E+00  0.34523398E+04  0.90462835E+02
  0.18000000E+00  0.34570789E+04  0.97813072E+02
  0.19000000E+00  0.34615828E+04  0.10521222E+03
  0.20000000E+00  0.34658346E+04  0.11261383E+03
  0.21000000E+00  0.34698269E+04  0.11997699E+03
  0.22000000E+00  0.34735607E+04  0.12726817E+03
  0.23000000E+00  0.34770454E+04  0.13446230E+03
  0.24000000E+00  0.34802974E+04  0.14154300E+03
  0.25000000E+00  0.34833392E+04  0.14850211E+03
  0.26000000E+00  0.34861979E+04  0.15533859E+03
  0.27000000E+00  0.34889044E+04  0.16205706E+03
  0.28000000E+00  0.34914920E+04  0.16866627E+03
  0.29000000E+00  0.34939949E+04  0.17517736E+03
  0.30000000E+00  0.34964473E+04  0.18160250E+03
  0.31000000E+00  0.34988824E+04  0.18795351E+03
  0.32000000E+00  0.35013314E+04  0.19424097E+03
  0.33000000E+00  0.35038230E+04  0.20047344E+03
  0.34000000E+00  0.35063826E+04  0.20665711E+03
  0.35000000E+00  0.35090322E+04  0.21279565E+03
  0.36000000E+00  0.35117899E+04  0.21889031E+03
  0.37000000E+00  0.35146705E+04  0.22494025E+03
  0.38000000E+00  0.35176848E+04  0.23094303E+03
  0.39000000E+00  0.35208404E+04  0.23689514E+03
  0.40000000E+00  0.35241420E+04  0.24279269E+03
  0.41000000E+00  0.35275918E+04  0.24863198E+03
  0.42000000E+00  0.35311896E+04  0.25441014E+03
  0.43000000E+00  0.35349339E+04  0.26012557E+03
  0.44000000E+00  0.35388217E+04  0.26577835E+03
  0.45000000E+00  0.35428497E+04  0.27137047E+03
  0.46000000E+00  0.35470140E+04  0.27690594E+03
  0.47000000E+00  0.35513109E+04  0.28239072E+03
  0.48000000E+00  0.35557371E+04  0.28783262E+03
  0.49000000E+00  0.35602898E+04  0.29324100E+03
  0.50000000E+00  0.35649669E+04  0.29862644E+03
  0.51000000E+00  0.35697675E+04  0.30400038E+03
  0.52000000E+00  0.35746910E+04  0.30937470E+03
  0.53000000E+00  0.35797382E+04  0.31476132E+03
  0.54000000E+00  0.35849101E+04  0.32017181E+03
  0.55000000E+00  0.35902088E+04  0.32561707E+03
  0.56000000E+00  0.35956364E+04  0.33110706E+03
  0.57000000E+00  0.36011954E+04  0.33665057E+03
  0.58000000E+00  0.36068881E+04  0.34225510E+03
  0.59000000E+00  0.36127167E+04  0.34792683E+03
  0.60000000E+00  0.36186826E+04  0.35367061E+03
  0.61000000E+00  0.36247867E+04  0.35949010E+03
  0.62000000E+00  0.36310285E+04  0.36538792E+03
  0.63000000E+00  0.36374066E+04  0.37136586E+03
  0.64000000E+00  0.36439177E+04  0.37742510E+03
  0.65000000E+00  0.36505571E+04  0.38356654E+03
  0.66000000E+00  0.36573183E+04  0.38979096E+03
  0.67000000E+00  0.36641927E+04  0.39609933E+03
  0.68000000E+00  0.36711698E+04  0.40249296E+03
  0.69000000E+00  0.36782371E+04  0.40897368E+03
  0.70000000E+00  0.36853803E+04  0.41554386E+03
  0.71000000E+00  0.36925829E+04  0.42220648E+03
  0.72000000E+00  0.36998269E+04  0.42896502E+03
  0.73000000E+00  0.37070929E+04  0.43582333E+03
  0.74000000E+00  0.37143598E+04  0.44278537E+03
  0.75000000E+00  0.37216058E+04  0.44985493E+03
  0.76000000E+00  0.37288085E+04  0.45703526E+03
  0.77000000E+00  0.37359451E+04  0.46432864E+03
  0.78000000E+00  0.37429929E+04  0.47173594E+03
  0.79000000E+00  0.37499300E+04  0.47925618E+03
  0.80000000E+00  0.37567352E+04  0.48688612E+03
  0.81000000E+00  0.37633890E+04  0.49461991E+03
  0.82000000E+00  0.37698737E+04  0.50244891E+03
  0.83000000E+00  0.37761740E+04  0.51036154E+03
  0.84000000E+00  0.37822770E+04  0.51834341E+03
  0.85000000E+00  0.37881730E+04  0.52637754E+03
  0.86000000E+00  0.37938558E+04  0.53444479E+03
  0.87000000E+00  0.37993223E+04  0.54252440E+03
  0.88000000E+00  0.38045734E+04  0.55059469E+03
  0.89000000E+00  0.38096137E+04  0.55863372E+03
  0.90000000E+00  0.38144518E+04  0.56662009E+03
  0.91000000E+00  0.38191008E+04  0.57453367E+03
  0.92000000E+00  0.38235786E+04  0.58235626E+03
  0.93000000E+00  0.38279115E+04  0.59007232E+03
  0.94000000E+00  0.38321397E+04  0.59766965E+03
  0.95000000E+00  0.38363309E+04  0.60514037E+03
  0.96000000E+00  0.38406037E+04  0.61248232E+03
  0.97000000E+00  0.38451583E+04  0.61970160E+03
  0.98000000E+00  0.38503047E+04  0.62681715E+03
  0.99000000E+00  0.38564604E+04  0.63386919E+03
  0.10000000E+01  0.38640786E+04  0.64093448E+03
  0.10100000E+01  0.38734846E+04  0.64815176E+03
  0.10200000E+01  0.38846436E+04  0.65575870E+03
  0.10300000E+01  0.38969580E+04  0.66412580E+03
  0.10400000E+01  0.39092370E+04  0.67372721E+03
  0.10500000E+01  0.39199412E+04  0.68492551E+03
  0.10600000E+01  0.39276652E+04  0.69753478E+03
  0.10700000E+01  0.39316605E+04  0.71057958E+03
  0.10800000E+01  0.39321325E+04  0.72283059E+03
  0.10900000E+01  0.39301510E+04  0.73364844E+03
  0.11000000E+01  0.39272235E+04  0.74313895E+03
  0.11100000E+01  0.39247607E+04  0.75173305E+03
  0.11200000E+01  0.39236898E+04  0.75982732E+03
  0.11300000E+01  0.39244483E+04  0.76767008E+03
  0.11400000E+01  0.39283186E+04  0.77546479E+03
  0.11500000E+01  0.39377937E+04  0.78427627E+03
  0.11600000E+01  0.39443121E+04  0.79678237E+03
  0.11700000E+01  0.39426179E+04  0.80730562E+03
  0.11800000E+01  0.39440047E+04  0.81578879E+03
  0.11900000E+01  0.39485323E+04  0.82431806E+03
  0.12000000E+01  0.39535176E+04  0.83311831E+03
  0.12100000E+01  0.39585340E+04  0.84215935E+03
  0.12200000E+01  0.39635361E+04  0.85141578E+03
  0.12300000E+01  0.39684819E+04  0.86088406E+03
  0.12400000E+01  0.39733138E+04  0.87057612E+03
  0.12500000E+01  0.39779570E+04  0.88051330E+03
  0.12600000E+01  0.39823210E+04  0.89072249E+03
  0.12700000E+01  0.39863030E+04  0.90123314E+03
  0.12800000E+01  0.39897939E+04  0.91207310E+03
  0.12900000E+01  0.39926900E+04  0.92326244E+03
  0.13000000E+01  0.39949085E+04  0.93480670E+03
  0.13100000E+01  0.39964008E+04  0.94669165E+03
  0.13200000E+01  0.39971399E+04  0.95888357E+03
  0.13300000E+01  0.39970662E+04  0.97133866E+03
  0.13400000E+01  0.39960243E+04  0.98401863E+03
  0.13500000E+01  0.39937726E+04  0.99687410E+03
  0.13600000E+01  0.39901024E+04  0.10097424E+04
  0.13700000E+01  0.39849763E+04  0.10223322E+04
  0.13800000E+01  0.39785526E+04  0.10344467E+04
  0.13900000E+01  0.39710950E+04  0.10459863E+04
  0.14000000E+01  0.39628718E+04  0.10566164E+04
  0.14100000E+01  0.39579545E+04  0.10620275E+04
  0.14200000E+01  0.39449790E+04  0.10814377E+04
  0.14300000E+01  0.39355957E+04  0.10903665E+04
  0.14400000E+01  0.39260391E+04  0.10997593E+04
  0.14500000E+01  0.39163778E+04  0.11090524E+04
  0.14600000E+01  0.39066819E+04  0.11181736E+04
  0.14700000E+01  0.38970196E+04  0.11271204E+04
  0.14800000E+01  0.38874491E+04  0.11359059E+04
  0.14900000E+01  0.38780138E+04  0.11445465E+04
  0.15000000E+01  0.38687401E+04  0.11530575E+04
  0.15100000E+01  0.38596397E+04  0.11614526E+04
  0.15200000E+01  0.38507109E+04  0.11697429E+04
  0.15300000E+01  0.38419420E+04  0.11779376E+04
  0.15400000E+01  0.38333136E+04  0.11860438E+04
  0.15500000E+01  0.38248012E+04  0.11940671E+04
  0.15600000E+01  0.38163778E+04  0.12020116E+04
  0.15700000E+01  0.38080156E+04  0.12098803E+04
  0.15800000E+01  0.37996879E+04  0.12176752E+04
  0.15900000E+01  0.37913702E+04  0.12253978E+04
  0.16000000E+01  0.37830411E+04  0.12330492E+04
  0.16100000E+01  0.37746831E+04  0.12406300E+04
  0.16200000E+01  0.37662827E+04  0.12481412E+04
  0.16300000E+01  0.37578307E+04  0.12555833E+04
  0.16400000E+01  0.37493219E+04  0.12629569E+04
  0.16500000E+01  0.37407550E+04  0.12702624E+04
  0.16600000E+01  0.37321323E+04  0.12775002E+04
  0.16700000E+01  0.37234592E+04  0.12846708E+04
  0.16800000E+01  0.37147435E+04  0.12917755E+04
  0.16900000E+01  0.37059950E+04  0.12988160E+04
  0.17000000E+01  0.36972250E+04  0.13057952E+04
  0.17100000E+01  0.36884452E+04  0.13127168E+04
  0.17200000E+01  0.36796678E+04  0.13195851E+04
  0.17300000E+01  0.36709041E+04  0.13264055E+04
  0.17400000E+01  0.36621646E+04  0.13331838E+04
  0.17500000E+01  0.36534581E+04  0.13399264E+04
  0.17600000E+01  0.36447923E+04  0.13466405E+04
  0.17700000E+01  0.36361753E+04  0.13533342E+04
  0.17800000E+01  0.36276179E+04  0.13600162E+04
  0.17900000E+01  0.36191369E+04  0.13666970E+04
  0.18000000E+01  0.36107530E+04  0.13733892E+04
  0.18100000E+01  0.36024782E+04  0.13801101E+04
  0.18200000E+01  0.35942869E+04  0.13868845E+04
  0.18300000E+01  0.35860868E+04  0.13937450E+04
  0.18400000E+01  0.35778426E+04  0.14007223E+04
  0.18500000E+01  0.35697907E+04  0.14079986E+04
  0.18600000E+01  0.35602299E+04  0.14155302E+04
  0.18700000E+01  0.35502857E+04  0.14225975E+04
  0.18800000E+01  0.35403935E+04  0.14295169E+04
  0.18900000E+01  0.35303464E+04  0.14362929E+04
  0.19000000E+01  0.35202451E+04  0.14429312E+04
  0.19100000E+01  0.35101876E+04  0.14494545E+04
  0.19200000E+01  0.35001791E+04  0.14559000E+04
  0.19300000E+01  0.34902527E+04  0.14622449E+04
  0.19400000E+01  0.34804502E+04  0.14685186E+04
  0.19500000E+01  0.34707818E+04  0.14747304E+04
  0.19600000E+01  0.34613965E+04  0.14808977E+04
  0.19700000E+01  0.34525712E+04  0.14871303E+04
  0.19800000E+01  0.34435184E+04  0.14937109E+04
  0.19900000E+01  0.34336711E+04  0.15001219E+04
  0.20000000E+01  0.34241059E+04  0.15063089E+04
  0.20100000E+01  0.34149057E+04  0.15124483E+04
  0.20200000E+01  0.34058725E+04  0.15185668E+04
  0.20300000E+01  0.33970185E+04  0.15246827E+04
  0.20400000E+01  0.33883690E+04  0.15308134E+04
  0.20500000E+01  0.33799281E+04  0.15369744E+04
  0.20600000E+01  0.33716921E+04  0.15431810E+04
  0.20700000E+01  0.33636570E+04  0.15494500E+04
  0.20800000E+01  0.33558186E+04  0.15558003E+04
  0.20900000E+01  0.33481689E+04  0.15622538E+04
  0.21000000E+01  0.33406937E+04  0.15688352E+04
  0.21100000E+01  0.33333678E+04  0.15755720E+04
  0.21200000E+01  0.33261512E+04  0.15824931E+04
  0.21300000E+01  0.33189846E+04  0.15896281E+04
  0.21400000E+01  0.33117856E+04  0.15970056E+04
  0.21500000E+01  0.33044463E+04  0.16046520E+04
  0.21600000E+01  0.32968337E+04  0.16125904E+04
  0.21700000E+01  0.32887929E+04  0.16208397E+04
  0.21800000E+01  0.32801548E+04  0.16294136E+04
  0.21900000E+01  0.32707467E+04  0.16383163E+04
  0.22000000E+01  0.32604068E+04  0.16475357E+04
  0.22100000E+01  0.32490024E+04  0.16570334E+04
  0.22200000E+01  0.32364559E+04  0.16667369E+04
  0.22300000E+01  0.32227889E+04  0.16765397E+04
  0.22400000E+01  0.32081843E+04  0.16863173E+04
  0.22500000E+01  0.31930250E+04  0.16959608E+04
  0.22600000E+01  0.31777921E+04  0.17054296E+04
  0.22700000E+01  0.31627191E+04  0.17148275E+04
  0.22800000E+01  0.31473298E+04  0.17244781E+04
  0.22900000E+01  0.31303287E+04  0.17348269E+04
  0.23000000E+01  0.31102417E+04  0.17458375E+04
  0.23100000E+01  0.30864948E+04  0.17564730E+04
  0.23200000E+01  0.30599501E+04  0.17656859E+04
  0.23300000E+01  0.30322729E+04  0.17734200E+04
  0.23400000E+01  0.30049688E+04  0.17800506E+04
  0.23500000E+01  0.29788458E+04  0.17859346E+04
  0.23600000E+01  0.29538903E+04  0.17913094E+04
  0.23700000E+01  0.29297595E+04  0.17963009E+04
  0.23800000E+01  0.29061757E+04  0.18009794E+04
  0.23900000E+01  0.28829967E+04  0.18053884E+04
  0.24000000E+01  0.28601636E+04  0.18095592E+04
  0.24100000E+01  0.28376427E+04  0.18135139E+04
  0.24200000E+01  0.28153993E+04  0.18172684E+04
  0.24300000E+01  0.27933943E+04  0.18208333E+04
  0.24400000E+01  0.27715904E+04  0.18242166E+04
  0.24500000E+01  0.27499570E+04  0.18274242E+04
  0.24600000E+01  0.27284732E+04  0.18304610E+04
  0.24700000E+01  0.27071270E+04  0.18333313E+04
  0.24800000E+01  0.26859139E+04  0.18360390E+04
  0.24900000E+01  0.26648351E+04  0.18385874E+04
  0.25000000E+01  0.26438953E+04  0.18409801E+04
  0.25100000E+01  0.26231016E+04  0.18432200E+04
  0.25200000E+01  0.26024625E+04  0.18453103E+04
  0.25300000E+01  0.25819870E+04  0.18472539E+04
  0.25400000E+01  0.25616845E+04  0.18490539E+04
  0.25500000E+01  0.25415641E+04  0.18507135E+04
  0.25600000E+01  0.25216351E+04  0.18522359E+04
  0.25700000E+01  0.25019063E+04  0.18536246E+04
  0.25800000E+01  0.24823860E+04  0.18548829E+04
  0.25900000E+01  0.24630824E+04  0.18560145E+04
  0.26000000E+01  0.24440033E+04  0.18570231E+04
  0.26100000E+01  0.24251561E+04  0.18579122E+04
  0.26200000E+01  0.24065479E+04  0.18586858E+04
  0.26300000E+01  0.23881857E+04  0.18593476E+04
  0.26400000E+01  0.23700762E+04  0.18599017E+04
  0.26500000E+01  0.23522263E+04  0.18603519E+04
  0.26600000E+01  0.23346425E+04  0.18607023E+04
  0.26700000E+01  0.23173316E+04  0.18609568E+04
  0.26800000E+01  0.23003005E+04  0.18611193E+04
  0.26900000E+01  0.22835562E+04  0.18611937E+04
  0.27000000E+01  0.22671061E+04  0.18611836E+04
  0.27100000E+01  0.22509578E+04  0.18610927E+04
  0.27200000E+01  0.22351193E+04  0.18609242E+04
  0.27300000E+01  0.22195994E+04  0.18606814E+04
  0.27400000E+01  0.22044071E+04  0.18603671E+04
  0.27500000E+01  0.21895522E+04  0.18599839E+04
  0.27600000E+01  0.21750451E+04  0.18595341E+04
  0.27700000E+01  0.21608970E+04  0.18590198E+04
  0.27800000E+01  0.21471195E+04  0.18584429E+04
  0.27900000E+01  0.21337252E+04  0.18578051E+04
  0.28000000E+01  0.21207270E+04  0.18571079E+04
  0.28100000E+01  0.21081385E+04  0.18563530E+04
  0.28200000E+01  0.20959736E+04  0.18555421E+04
  0.28300000E+01  0.20842464E+04  0.18546770E+04
  0.28400000E+01  0.20729713E+04  0.18537600E+04
  0.28500000E+01  0.20621622E+04  0.18527938E+04
  0.28600000E+01  0.20518328E+04  0.18517819E+04
  0.28700000E+01  0.20419959E+04  0.18507282E+04
  0.28800000E+01  0.20326635E+04  0.18496377E+04
  0.28900000E+01  0.20238460E+04  0.18485163E+04
  0.29000000E+01  0.20155522E+04  0.18473708E+04
  0.29100000E+01  0.20077887E+04  0.18462092E+04
  0.29200000E+01  0.20005599E+04  0.18450408E+04
  0.29300000E+01  0.19938675E+04  0.18438759E+04
  0.29400000E+01  0.19877097E+04  0.18427261E+04
  0.29500000E+01  0.19820819E+04  0.18416045E+04
  0.29600000E+01  0.19769752E+04  0.18405253E+04
  0.29700000E+01  0.19723767E+04  0.18395038E+04
  0.29800000E+01  0.19682690E+04  0.18385569E+04
  0.29900000E+01  0.19646303E+04  0.18377024E+04
  0.30000000E+01  0.19614343E+04  0.18369586E+04
  0.30100000E+01  0.19586510E+04  0.18363443E+04
  0.30200000E+01  0.19562471E+04  0.18358778E+04
  0.30300000E+01  0.19541869E+04  0.18355766E+04
  0.30400000E+01  0.19524321E+04  0.18354583E+04
  0.30500000E+01  0.19509425E+04  0.18355396E+04
  0.30600000E+01  0.19496761E+04  0.18358356E+04
  0.30700000E+01  0.19485891E+04  0.18363588E+04
  0.30800000E+01  0.19476370E+04  0.18371183E+04
  0.30900000E+01  0.19467756E+04  0.18381192E+04
  0.31000000E+01  0.19459617E+04  0.18393619E+04
  0.31100000E+01  0.19451550E+04  0.18408424E+04
  0.31200000E+01  0.19443194E+04  0.18425523E+04
  0.31300000E+01  0.19434244E+04  0.18444791E+04
  0.31400000E+01  0.19424470E+04  0.18466073E+04
  0.31500000E+01  0.19413727E+04  0.18489192E+04
  0.31600000E+01  0.19401972E+04  0.18513965E+04
  0.31700000E+01  0.19389279E+04  0.18540215E+04
  0.31800000E+01  0.19375841E+04  0.18567780E+04
  0.31900000E+01  0.19361977E+04  0.18596534E+04
  0.32000000E+01  0.19348126E+04  0.18626388E+04
  0.32100000E+01  0.19334829E+04  0.18657306E+04
  0.32200000E+01  0.19322698E+04  0.18689311E+04
  0.32300000E+01  0.19312375E+04  0.18722494E+04
  0.32400000E+01  0.19304476E+04  0.18757031E+04
  0.32500000E+01  0.19299514E+04  0.18793193E+04
  0.32600000E+01  0.19297832E+04  0.18831365E+04
  0.32700000E+01  0.19299518E+04  0.18872062E+04
  0.32800000E+01  0.19304337E+04  0.18915928E+04
  0.32900000E+01  0.19311665E+04  0.18963717E+04
  0.33000000E+01  0.19320442E+04  0.19016212E+04
  0.33100000E+01  0.19329127E+04  0.19074103E+04
  0.33200000E+01  0.19335679E+04  0.19137812E+04
  0.33300000E+01  0.19337551E+04  0.19207377E+04
  0.33400000E+01  0.19331739E+04  0.19282479E+04
  0.33500000E+01  0.19314898E+04  0.19362631E+04
  0.33600000E+01  0.19283544E+04  0.19447358E+04
  0.33700000E+01  0.19234361E+04  0.19536175E+04
  0.33800000E+01  0.19164582E+04  0.19628280E+04
  0.33900000E+01  0.19072387E+04  0.19722167E+04
  0.34000000E+01  0.18957231E+04  0.19815497E+04
  0.34100000E+01  0.18820040E+04  0.19905482E+04
  0.34200000E+01  0.18663182E+04  0.19989614E+04
  0.34300000E+01  0.18490232E+04  0.20066261E+04
  0.34400000E+01  0.18305546E+04  0.20134839E+04
  0.34500000E+01  0.18113744E+04  0.20195638E+04
  0.34600000E+01  0.17919182E+04  0.20249500E+04
  0.34700000E+01  0.17725539E+04  0.20297505E+04
  0.34800000E+01  0.17535540E+04  0.20340735E+04
  0.34900000E+01  0.17350871E+04  0.20380125E+04
  0.35000000E+01  0.17172242E+04  0.20416410E+04
  0.35100000E+01  0.16999567E+04  0.20450120E+04
  0.35200000E+01  0.16832191E+04  0.20481622E+04
  0.35300000E+01  0.16669132E+04  0.20511160E+04
  0.35400000E+01  0.16509281E+04  0.20538893E+04
  0.35500000E+01  0.16351564E+04  0.20564930E+04
  0.35600000E+01  0.16195042E+04  0.20589346E+04
  0.35700000E+01  0.16038959E+04  0.20612193E+04
  0.35800000E+01  0.15882759E+04  0.20633502E+04
  0.35900000E+01  0.15726075E+04  0.20653295E+04
  0.36000000E+01  0.15568697E+04  0.20671577E+04
  0.36100000E+01  0.15410543E+04  0.20688344E+04
  0.36200000E+01  0.15251624E+04  0.20703583E+04
  0.36300000E+01  0.15092015E+04  0.20717277E+04
  0.36400000E+01  0.14931828E+04  0.20729410E+04
  0.36500000E+01  0.14771199E+04  0.20739963E+04
  0.36600000E+01  0.14610271E+04  0.20748923E+04
  0.36700000E+01  0.14449186E+04  0.20756283E+04
  0.36800000E+01  0.14288086E+04  0.20762040E+04
  0.36900000E+01  0.14127104E+04  0.20766198E+04
  0.37000000E+01  0.13966370E+04  0.20768761E+04
  0.37100000E+01  0.13806009E+04  0.20769738E+04
  0.37200000E+01  0.13646143E+04  0.20769132E+04
  0.37300000E+01  0.13486893E+04  0.20766940E+04
  0.37400000E+01  0.13328383E+04  0.20763146E+04
  0.37500000E+01  0.13170735E+04  0.20757715E+04
  0.37600000E+01  0.13014075E+04  0.20750582E+04
  0.37700000E+01  0.12858532E+04  0.20741644E+04
  0.37800000E+01  0.12704236E+04  0.20730744E+04
  0.37900000E+01  0.12551318E+04  0.20717649E+04
  0.38000000E+01  0.12399907E+04  0.20702016E+04
  0.38100000E+01  0.12250128E+04  0.20683343E+04
  0.38200000E+01  0.12102116E+04  0.20660879E+04
  0.38300000E+01  0.11956620E+04  0.20633530E+04
  0.38400000E+01  0.11818627E+04  0.20600173E+04
  0.38500000E+01  0.11687933E+04  0.20563126E+04
  0.38600000E+01  0.11542733E+04  0.20516035E+04
  0.38700000E+01  0.11441189E+04  0.20445955E+04
  0.38800000E+01  0.11512735E+04  0.20372246E+04
  0.38900000E+01  0.11724133E+04  0.20392391E+04
  0.39000000E+01  0.12198637E+04  0.20584132E+04
  0.39100000E+01  0.11655175E+04  0.21055404E+04
  0.39200000E+01  0.10800315E+04  0.21007483E+04
  0.39300000E+01  0.10601598E+04  0.20897183E+04
  0.39400000E+01  0.10474622E+04  0.20815824E+04
  0.39500000E+01  0.10349808E+04  0.20753932E+04
  0.39600000E+01  0.10226168E+04  0.20703445E+04
  0.39700000E+01  0.10103633E+04  0.20659921E+04
  0.39800000E+01  0.99822201E+03  0.20620889E+04
  0.39900000E+01  0.98618514E+03  0.20584936E+04
  0.40000000E+01  0.97420434E+03  0.20551265E+04
  0.40100000E+01  0.96221508E+03  0.20519156E+04
  0.40200000E+01  0.95021144E+03  0.20487737E+04
  0.40300000E+01  0.93824106E+03  0.20456569E+04
  0.40400000E+01  0.92633291E+03  0.20425429E+04
  0.40500000E+01  0.91448176E+03  0.20394056E+04
  0.40600000E+01  0.90267878E+03  0.20362173E+04
  0.40700000E+01  0.89092629E+03  0.20329522E+04
  0.40800000E+01  0.87923534E+03  0.20295885E+04
  0.40900000E+01  0.86762200E+03  0.20261086E+04
  0.41000000E+01  0.85610572E+03  0.20225002E+04
  0.41100000E+01  0.84470856E+03  0.20187555E+04
  0.41200000E+01  0.83345459E+03  0.20148717E+04
  0.41300000E+01  0.82236922E+03  0.20108498E+04
  0.41400000E+01  0.81147848E+03  0.20066942E+04
  0.41500000E+01  0.80080840E+03  0.20024117E+04
  0.41600000E+01  0.79038433E+03  0.19980110E+04
  0.41700000E+01  0.78023032E+03  0.19935017E+04
  0.41800000E+01  0.77036858E+03  0.19888942E+04
  0.41900000E+01  0.76081906E+03  0.19841988E+04
  0.42000000E+01  0.75159908E+03  0.19794256E+04
  0.42100000E+01  0.74272306E+03  0.19745842E+04
  0.42200000E+01  0.73420239E+03  0.19696839E+04
  0.42300000E+01  0.72604540E+03  0.19647332E+04
  0.42400000E+01  0.71825740E+03  0.19597397E+04
  0.42500000E+01  0.71084080E+03  0.19547109E+04
  0.42600000E+01  0.70379535E+03  0.19496532E+04
  0.42700000E+01  0.69711834E+03  0.19445727E+04
  0.42800000E+01  0.69080497E+03  0.19394749E+04
  0.42900000E+01  0.68484858E+03  0.19343648E+04
  0.43000000E+01  0.67924106E+03  0.19292472E+04
  0.43100000E+01  0.67397310E+03  0.19241262E+04
  0.43200000E+01  0.66903454E+03  0.19190058E+04
  0.43300000E+01  0.66441462E+03  0.19138896E+04
  0.43400000E+01  0.66010226E+03  0.19087809E+04
  0.43500000E+01  0.65608623E+03  0.19036827E+04
  0.43600000E+01  0.65235539E+03  0.18985975E+04
  0.43700000E+01  0.64889881E+03  0.18935275E+04
  0.43800000E+01  0.64570587E+03  0.18884743E+04
  0.43900000E+01  0.64276634E+03  0.18834386E+04
  0.44000000E+01  0.64007057E+03  0.18784193E+04
  0.44100000E+01  0.63761649E+03  0.18734141E+04
  0.44200000E+01  0.63552559E+03  0.18684269E+04
  0.44300000E+01  0.63412788E+03  0.18635612E+04
  0.44400000E+01  0.63252447E+03  0.18591076E+04
  0.44500000E+01  0.63024758E+03  0.18544295E+04
  0.44600000E+01  0.62855028E+03  0.18495930E+04
  0.44700000E+01  0.62730252E+03  0.18447990E+04
  0.44800000E+01  0.62626029E+03  0.18400640E+04
  0.44900000E+01  0.62539457E+03  0.18353850E+04
  0.45000000E+01  0.62469911E+03  0.18307600E+04
  0.45100000E+01  0.62416837E+03  0.18261881E+04
  0.45200000E+01  0.62379703E+03  0.18216695E+04
  0.45300000E+01  0.62357991E+03  0.18172050E+04
  0.45400000E+01  0.62351203E+03  0.18127953E+04
  0.45500000E+01  0.62358854E+03  0.18084417E+04
  0.45600000E+01  0.62380474E+03  0.18041451E+04
  0.45700000E+01  0.62415604E+03  0.17999067E+04
  0.45800000E+01  0.62463802E+03  0.17957275E+04
  0.45900000E+01  0.62524635E+03  0.17916085E+04
  0.46000000E+01  0.62597687E+03  0.17875507E+04
  0.46100000E+01  0.62682551E+03  0.17835548E+04
  0.46200000E+01  0.62778839E+03  0.17796217E+04
  0.46300000E+01  0.62886172E+03  0.17757520E+04
  0.46400000E+01  0.63004189E+03  0.17719462E+04
  0.46500000E+01  0.63132539E+03  0.17682047E+04
  0.46600000E+01  0.63270887E+03  0.17645278E+04
  0.46700000E+01  0.63418912E+03  0.17609156E+04
  0.46800000E+01  0.63576302E+03  0.17573682E+04
  0.46900000E+01  0.63742758E+03  0.17538856E+04
  0.47000000E+01  0.63917991E+03  0.17504677E+04
  0.47100000E+01  0.64101717E+03  0.17471145E+04
  0.47200000E+01  0.64293661E+03  0.17438259E+04
  0.47300000E+01  0.64493551E+03  0.17406016E+04
  0.47400000E+01  0.64701117E+03  0.17374416E+04
  0.47500000E+01  0.64916086E+03  0.17343458E+04
  0.47600000E+01  0.65138182E+03  0.17313141E+04
  0.47700000E+01  0.65367113E+03  0.17283464E+04
  0.47800000E+01  0.65602570E+03  0.17254426E+04
  0.47900000E+01  0.65844228E+03  0.17226026E+04
  0.48000000E+01  0.66091740E+03  0.17198263E+04
  0.48100000E+01  0.66344756E+03  0.17171135E+04
  0.48200000E+01  0.66602918E+03  0.17144636E+04
  0.48300000E+01  0.66865874E+03  0.17118763E+04
  0.48400000E+01  0.67133268E+03  0.17093512E+04
  0.48500000E+01  0.67404738E+03  0.17068879E+04
  0.48600000E+01  0.67679911E+03  0.17044861E+04
  0.48700000E+01  0.67958401E+03  0.17021452E+04
  0.48800000E+01  0.68239811E+03  0.16998647E+04
  0.48900000E+01  0.68523745E+03  0.16976439E+04
  0.49000000E+01  0.68809812E+03  0.16954821E+04
  0.49100000E+01  0.69097632E+03  0.16933784E+04
  0.49200000E+01  0.69386837E+03  0.16913321E+04
  0.49300000E+01  0.69677080E+03  0.16893422E+04
  0.49400000E+01  0.69968029E+03  0.16874081E+04
  0.49500000E+01  0.70259375E+03  0.16855289E+04
  0.49600000E+01  0.70550828E+03  0.16837042E+04
  0.49700000E+01  0.70842121E+03  0.16819335E+04
  0.49800000E+01  0.71133008E+03  0.16802166E+04
  0.49900000E+01  0.71423268E+03  0.16785537E+04
  0.50000000E+01  0.71712702E+03  0.16769448E+04
  0.50100000E+01  0.72001125E+03  0.16753905E+04
  0.50200000E+01  0.72288354E+03  0.16738913E+04
  0.50300000E+01  0.72574190E+03  0.16724480E+04
  0.50400000E+01  0.72858395E+03  0.16710615E+04
  0.50500000E+01  0.73140664E+03  0.16697329E+04
  0.50600000E+01  0.73420624E+03  0.16684637E+04
  0.50700000E+01  0.73697836E+03  0.16672550E+04
  0.50800000E+01  0.73971832E+03  0.16661080E+04
  0.50900000E+01  0.74242154E+03  0.16650229E+04
  0.51000000E+01  0.74508400E+03  0.16639995E+04
  0.51100000E+01  0.74770238E+03  0.16630369E+04
  0.51200000E+01  0.75027404E+03  0.16621351E+04
  0.51300000E+01  0.75279663E+03  0.16612947E+04
  0.51400000E+01  0.75526763E+03  0.16605167E+04
  0.51500000E+01  0.75768395E+03  0.16598023E+04
  0.51600000E+01  0.76004168E+03  0.16591524E+04
  0.51700000E+01  0.76233607E+03  0.16585678E+04
  0.51800000E+01  0.76456167E+03  0.16580491E+04
  0.51900000E+01  0.76671254E+03  0.16575966E+04
  0.52000000E+01  0.76878243E+03  0.16572107E+04
  0.52100000E+01  0.77076492E+03  0.16568915E+04
  0.52200000E+01  0.77265349E+03  0.16566391E+04
  0.52300000E+01  0.77444153E+03  0.16564533E+04
  0.52400000E+01  0.77612231E+03  0.16563342E+04
  0.52500000E+01  0.77768903E+03  0.16562813E+04
  0.52600000E+01  0.77913474E+03  0.16562944E+04
  0.52700000E+01  0.78045239E+03  0.16563729E+04
  0.52800000E+01  0.78163484E+03  0.16565163E+04
  0.52900000E+01  0.78267486E+03  0.16567238E+04
  0.53000000E+01  0.78356521E+03  0.16569945E+04
  0.53100000E+01  0.78429860E+03  0.16573274E+04
  0.53200000E+01  0.78486777E+03  0.16577213E+04
  0.53300000E+01  0.78526555E+03  0.16581748E+04
  0.53400000E+01  0.78548483E+03  0.16586862E+04
  0.53500000E+01  0.78551869E+03  0.16592538E+04
  0.53600000E+01  0.78536036E+03  0.16598754E+04
  0.53700000E+01  0.78500335E+03  0.16605487E+04
  0.53800000E+01  0.78444142E+03  0.16612710E+04
  0.53900000E+01  0.78366869E+03  0.16620393E+04
  0.54000000E+01  0.78267965E+03  0.16628503E+04
  0.54100000E+01  0.78146923E+03  0.16637004E+04
  0.54200000E+01  0.78003283E+03  0.16645854E+04
  0.54300000E+01  0.77836637E+03  0.16655009E+04
  0.54400000E+01  0.77646636E+03  0.16664422E+04
  0.54500000E+01  0.77432989E+03  0.16674040E+04
  0.54600000E+01  0.77195471E+03  0.16683808E+04
  0.54700000E+01  0.76933923E+03  0.16693667E+04
  0.54800000E+01  0.76648258E+03  0.16703555E+04
  0.54900000E+01  0.76338462E+03  0.16713407E+04
  0.55000000E+01  0.76004594E+03  0.16723158E+04
  0.55100000E+01  0.75646793E+03  0.16732740E+04
  0.55200000E+01  0.75265271E+03  0.16742085E+04
  0.55300000E+01  0.74860321E+03  0.16751125E+04
  0.55400000E+01  0.74432320E+03  0.16759794E+04
  0.55500000E+01  0.73981755E+03  0.16768029E+04
  0.55600000E+01  0.73509266E+03  0.16775768E+04
  0.55700000E+01  0.73015586E+03  0.16782960E+04
  0.55800000E+01  0.72501247E+03  0.16789564E+04
  0.55900000E+01  0.71966423E+03  0.16795546E+04
  0.56000000E+01  0.71411475E+03  0.16800843E+04
  0.56100000E+01  0.70837524E+03  0.16805384E+04
  0.56200000E+01  0.70246023E+03  0.16809153E+04
  0.56300000E+01  0.69638105E+03  0.16812137E+04
  0.56400000E+01  0.69014624E+03  0.16814326E+04
  0.56500000E+01  0.68376454E+03  0.16815709E+04
  0.56600000E+01  0.67724579E+03  0.16816282E+04
  0.56700000E+01  0.67060037E+03  0.16816045E+04
  0.56800000E+01  0.66383888E+03  0.16815000E+04
  0.56900000E+01  0.65697200E+03  0.16813157E+04
  0.57000000E+01  0.65001043E+03  0.16810524E+04
  0.57100000E+01  0.64296482E+03  0.16807117E+04
  0.57200000E+01  0.63584573E+03  0.16802949E+04
  0.57300000E+01  0.62866355E+03  0.16798039E+04
  0.57400000E+01  0.62142848E+03  0.16792403E+04
  0.57500000E+01  0.61415043E+03  0.16786060E+04
  0.57600000E+01  0.60683901E+03  0.16779030E+04
  0.57700000E+01  0.59950347E+03  0.16771331E+04
  0.57800000E+01  0.59215268E+03  0.16762981E+04
  0.57900000E+01  0.58479508E+03  0.16753999E+04
  0.58000000E+01  0.57743866E+03  0.16744403E+04
  0.58100000E+01  0.57009094E+03  0.16734209E+04
  0.58200000E+01  0.56275897E+03  0.16723432E+04
  0.58300000E+01  0.55544928E+03  0.16712090E+04
  0.58400000E+01  0.54816791E+03  0.16700195E+04
  0.58500000E+01  0.54092040E+03  0.16687762E+04
  0.58600000E+01  0.53371176E+03  0.16674804E+04
  0.58700000E+01  0.52654655E+03  0.16661332E+04
  0.58800000E+01  0.51942881E+03  0.16647359E+04
  0.58900000E+01  0.51236213E+03  0.16632894E+04
  0.59000000E+01  0.50534963E+03  0.16617949E+04
  0.59100000E+01  0.49839401E+03  0.16602533E+04
  0.59200000E+01  0.49149757E+03  0.16586655E+04
  0.59300000E+01  0.48466220E+03  0.16570326E+04
  0.59400000E+01  0.47788944E+03  0.16553552E+04
  0.59500000E+01  0.47118052E+03  0.16536344E+04
  0.59600000E+01  0.46453632E+03  0.16518708E+04
  0.59700000E+01  0.45795748E+03  0.16500654E+04
  0.59800000E+01  0.45144438E+03  0.16482190E+04
  0.59900000E+01  0.44499717E+03  0.16463322E+04
  0.60000000E+01  0.43861581E+03  0.16444060E+04
  0.60100000E+01  0.43230010E+03  0.16424411E+04
  0.60200000E+01  0.42604969E+03  0.16404382E+04
  0.60300000E+01  0.41986411E+03  0.16383983E+04
  0.60400000E+01  0.41374281E+03  0.16363220E+04
  0.60500000E+01  0.40768513E+03  0.16342102E+04
  0.60600000E+01  0.40169040E+03  0.16320636E+04
  0.60700000E+01  0.39575788E+03  0.16298832E+04
  0.60800000E+01  0.38988683E+03  0.16276696E+04
  0.60900000E+01  0.38407651E+03  0.16254237E+04
  0.61000000E+01  0.37832616E+03  0.16231463E+04
  0.61100000E+01  0.37263507E+03  0.16208382E+04
  0.61200000E+01  0.36700256E+03  0.16185003E+04
  0.61300000E+01  0.36142796E+03  0.16161333E+04
  0.61400000E+01  0.35591068E+03  0.16137382E+04
  0.61500000E+01  0.35045017E+03  0.16113157E+04
  0.61600000E+01  0.34504592E+03  0.16088666E+04
  0.61700000E+01  0.33969752E+03  0.16063918E+04
  0.61800000E+01  0.33440458E+03  0.16038921E+04
  0.61900000E+01  0.32916679E+03  0.16013683E+04
  0.62000000E+01  0.32398391E+03  0.15988211E+04
  0.62100000E+01  0.31885576E+03  0.15962515E+04
  0.62200000E+01  0.31378221E+03  0.15936602E+04
  0.62300000E+01  0.30876320E+03  0.15910481E+04
  0.62400000E+01  0.30379873E+03  0.15884157E+04
  0.62500000E+01  0.29888884E+03  0.15857641E+04
  0.62600000E+01  0.29403363E+03  0.15830939E+04
  0.62700000E+01  0.28923325E+03  0.15804058E+04
  0.62800000E+01  0.28448789E+03  0.15777007E+04
  0.62900000E+01  0.27979778E+03  0.15749792E+04
  0.63000000E+01  0.27516318E+03  0.15722421E+04
  0.63100000E+01  0.27058439E+03  0.15694900E+04
  0.63200000E+01  0.26606173E+03  0.15667238E+04
  0.63300000E+01  0.26159556E+03  0.15639440E+04
  0.63400000E+01  0.25718623E+03  0.15611514E+04
  0.63500000E+01  0.25283412E+03  0.15583466E+04
  0.63600000E+01  0.24853963E+03  0.15555302E+04
  0.63700000E+01  0.24430317E+03  0.15527030E+04
  0.63800000E+01  0.24012513E+03  0.15498655E+04
  0.63900000E+01  0.23600592E+03  0.15470183E+04
  0.64000000E+01  0.23194595E+03  0.15441621E+04
  0.64100000E+01  0.22794562E+03  0.15412975E+04
  0.64200000E+01  0.22400533E+03  0.15384249E+04
  0.64300000E+01  0.22012545E+03  0.15355451E+04
  0.64400000E+01  0.21630637E+03  0.15326586E+04
  0.64500000E+01  0.21254845E+03  0.15297659E+04
  0.64600000E+01  0.20885204E+03  0.15268675E+04
  0.64700000E+01  0.20521746E+03  0.15239641E+04
  0.64800000E+01  0.20164505E+03  0.15210560E+04
  0.64900000E+01  0.19813509E+03  0.15181439E+04
  0.65000000E+01  0.19468789E+03  0.15152282E+04
  0.65100000E+01  0.19130370E+03  0.15123094E+04
  0.65200000E+01  0.18798278E+03  0.15093881E+04
  0.65300000E+01  0.18472537E+03  0.15064646E+04
  0.65400000E+01  0.18153169E+03  0.15035395E+04
  0.65500000E+01  0.17840196E+03  0.15006133E+04
  0.65600000E+01  0.17533637E+03  0.14976863E+04
  0.65700000E+01  0.17233512E+03  0.14947591E+04
  0.65800000E+01  0.16939838E+03  0.14918320E+04
  0.65900000E+01  0.16652632E+03  0.14889056E+04
  0.66000000E+01  0.16371913E+03  0.14859802E+04
  0.66100000E+01  0.16097698E+03  0.14830563E+04
  0.66200000E+01  0.15830002E+03  0.14801343E+04
  0.66300000E+01  0.15568845E+03  0.14772146E+04
  0.66400000E+01  0.15314244E+03  0.14742977E+04
  0.66500000E+01  0.15066219E+03  0.14713839E+04
  0.66600000E+01  0.14824791E+03  0.14684737E+04
  0.66700000E+01  0.14589981E+03  0.14655675E+04
  0.66800000E+01  0.14361814E+03  0.14626656E+04
  0.66900000E+01  0.14140315E+03  0.14597685E+04
  0.67000000E+01  0.13925515E+03  0.14568766E+04
  0.67100000E+01  0.13717442E+03  0.14539902E+04
  0.67200000E+01  0.13516132E+03  0.14511099E+04
  0.67300000E+01  0.13321622E+03  0.14482360E+04
  0.67400000E+01  0.13133951E+03  0.14453689E+04
  0.67500000E+01  0.12953163E+03  0.14425090E+04
  0.67600000E+01  0.12779306E+03  0.14396567E+04
  0.67700000E+01  0.12612430E+03  0.14368126E+04
  0.67800000E+01  0.12452592E+03  0.14339769E+04
  0.67900000E+01  0.12299848E+03  0.14311503E+04
  0.68000000E+01  0.12154265E+03  0.14283330E+04
  0.68100000E+01  0.12015908E+03  0.14255257E+04
  0.68200000E+01  0.11884851E+03  0.14227288E+04
  0.68300000E+01  0.11761173E+03  0.14199428E+04
  0.68400000E+01  0.11644955E+03  0.14171684E+04
  0.68500000E+01  0.11536287E+03  0.14144059E+04
  0.68600000E+01  0.11435262E+03  0.14116562E+04
  0.68700000E+01  0.11341982E+03  0.14089198E+04
  0.68800000E+01  0.11256551E+03  0.14061975E+04
  0.68900000E+01  0.11179082E+03  0.14034899E+04
  0.69000000E+01  0.11109691E+03  0.14007978E+04
  0.69100000E+01  0.11048498E+03  0.13981222E+04
  0.69200000E+01  0.10995626E+03  0.13954640E+04
  0.69300000E+01  0.10951199E+03  0.13928241E+04
  0.69400000E+01  0.10915339E+03  0.13902036E+04
  0.69500000E+01  0.10888160E+03  0.13876038E+04
  0.69600000E+01  0.10869768E+03  0.13850257E+04
  0.69700000E+01  0.10860252E+03  0.13824708E+04
  0.69800000E+01  0.10859678E+03  0.13799406E+04
  0.69900000E+01  0.10868085E+03  0.13774366E+04
  0.70000000E+01  0.10885474E+03  0.13749603E+04
