  0.00000000E+00 -0.31635203E-03 -0.10393963E-12
  0.10000000E-01 -0.31665213E-03 -0.15874951E-06
  0.20000000E-01 -0.31753180E-03 -0.41139234E-06
  0.30000000E-01 -0.31893102E-03 -0.83953401E-06
  0.40000000E-01 -0.32075595E-03 -0.15023854E-05
  0.50000000E-01 -0.32288736E-03 -0.24310523E-05
  0.60000000E-01 -0.32519092E-03 -0.36285271E-05
  0.70000000E-01 -0.32752818E-03 -0.50747594E-05
  0.80000000E-01 -0.32976692E-03 -0.67344990E-05
  0.90000000E-01 -0.33178997E-03 -0.85652713E-05
  0.10000000E+00 -0.33350164E-03 -0.10523695E-04
  0.11000000E+00 -0.33483149E-03 -0.12569537E-04
  0.12000000E+00 -0.33573536E-03 -0.14667738E-04
  0.13000000E+00 -0.33619406E-03 -0.16789003E-04
  0.14000000E+00 -0.33621024E-03 -0.18909530E-04
  0.15000000E+00 -0.33580408E-03 -0.21010348E-04
  0.16000000E+00 -0.33500851E-03 -0.23076526E-04
  0.17000000E+00 -0.33386447E-03 -0.25096414E-04
  0.18000000E+00 -0.33241670E-03 -0.27060983E-04
  0.19000000E+00 -0.33071034E-03 -0.28963285E-04
  0.20000000E+00 -0.32878843E-03 -0.30798028E-04
  0.21000000E+00 -0.32669024E-03 -0.32561242E-04
  0.22000000E+00 -0.32445046E-03 -0.34250041E-04
  0.23000000E+00 -0.32209892E-03 -0.35862444E-04
  0.24000000E+00 -0.31966082E-03 -0.37397257E-04
  0.25000000E+00 -0.31715713E-03 -0.38854000E-04
  0.26000000E+00 -0.31460524E-03 -0.40232866E-04
  0.27000000E+00 -0.31201954E-03 -0.41534713E-04
  0.28000000E+00 -0.30941194E-03 -0.42761063E-04
  0.29000000E+00 -0.30679243E-03 -0.43914111E-04
  0.30000000E+00 -0.30416940E-03 -0.44996726E-04
  0.31000000E+00 -0.30154997E-03 -0.46012431E-04
  0.32000000E+00 -0.29894019E-03 -0.46965360E-04
  0.33000000E+00 -0.29634520E-03 -0.47860173E-04
  0.34000000E+00 -0.29376933E-03 -0.48701937E-04
  0.35000000E+00 -0.29121616E-03 -0.49495960E-04
  0.36000000E+00 -0.28868864E-03 -0.50247597E-04
  0.37000000E+00 -0.28618903E-03 -0.50962039E-04
  0.38000000E+00 -0.28371907E-03 -0.51644099E-04
  0.39000000E+00 -0.28127993E-03 -0.52298013E-04
  0.40000000E+00 -0.27887231E-03 -0.52927288E-04
  0.41000000E+00 -0.27649648E-03 -0.53534604E-04
  0.42000000E+00 -0.27415236E-03 -0.54121774E-04
  0.43000000E+00 -0.27183960E-03 -0.54689782E-04
  0.44000000E+00 -0.26955759E-03 -0.55238863E-04
  0.45000000E+00 -0.26730559E-03 -0.55768649E-04
  0.46000000E+00 -0.26508280E-03 -0.56278325E-04
  0.47000000E+00 -0.26288837E-03 -0.56766813E-04
  0.48000000E+00 -0.26072154E-03 -0.57232939E-04
  0.49000000E+00 -0.25858164E-03 -0.57675592E-04
  0.50000000E+00 -0.25646816E-03 -0.58093848E-04
  0.51000000E+00 -0.25438078E-03 -0.58487076E-04
  0.52000000E+00 -0.25231941E-03 -0.58855005E-04
  0.53000000E+00 -0.25028422E-03 -0.59197758E-04
  0.54000000E+00 -0.24827561E-03 -0.59515873E-04
  0.55000000E+00 -0.24629425E-03 -0.59810284E-04
  0.56000000E+00 -0.24434106E-03 -0.60082297E-04
  0.57000000E+00 -0.24241715E-03 -0.60333543E-04
  0.58000000E+00 -0.24052385E-03 -0.60565917E-04
  0.59000000E+00 -0.23866265E-03 -0.60781514E-04
  0.60000000E+00 -0.23683513E-03 -0.60982556E-04
  0.61000000E+00 -0.23504298E-03 -0.61171315E-04
  0.62000000E+00 -0.23328790E-03 -0.61350045E-04
  0.63000000E+00 -0.23157156E-03 -0.61520911E-04
  0.64000000E+00 -0.22989557E-03 -0.61685936E-04
  0.65000000E+00 -0.22826144E-03 -0.61846956E-04
  0.66000000E+00 -0.22667050E-03 -0.62005592E-04
  0.67000000E+00 -0.22512389E-03 -0.62163236E-04
  0.68000000E+00 -0.22362254E-03 -0.62321051E-04
  0.69000000E+00 -0.22216708E-03 -0.62479988E-04
  0.70000000E+00 -0.22075787E-03 -0.62640802E-04
  0.71000000E+00 -0.21939496E-03 -0.62804089E-04
  0.72000000E+00 -0.21807806E-03 -0.62970311E-04
  0.73000000E+00 -0.21680653E-03 -0.63139824E-04
  0.74000000E+00 -0.21557940E-03 -0.63312910E-04
  0.75000000E+00 -0.21439533E-03 -0.63489788E-04
  0.76000000E+00 -0.21325260E-03 -0.63670630E-04
  0.77000000E+00 -0.21214918E-03 -0.63855560E-04
  0.78000000E+00 -0.21108267E-03 -0.64044655E-04
  0.79000000E+00 -0.21005036E-03 -0.64237934E-04
  0.80000000E+00 -0.20904925E-03 -0.64435338E-04
  0.81000000E+00 -0.20807610E-03 -0.64636724E-04
  0.82000000E+00 -0.20712748E-03 -0.64841838E-04
  0.83000000E+00 -0.20619983E-03 -0.65050304E-04
  0.84000000E+00 -0.20528962E-03 -0.65261611E-04
  0.85000000E+00 -0.20439338E-03 -0.65475100E-04
  0.86000000E+00 -0.20350793E-03 -0.65689959E-04
  0.87000000E+00 -0.20263047E-03 -0.65905221E-04
  0.88000000E+00 -0.20175884E-03 -0.66119758E-04
  0.89000000E+00 -0.20089166E-03 -0.66332278E-04
  0.90000000E+00 -0.20002855E-03 -0.66541324E-04
  0.91000000E+00 -0.19917039E-03 -0.66745269E-04
  0.92000000E+00 -0.19831955E-03 -0.66942310E-04
  0.93000000E+00 -0.19748024E-03 -0.67130477E-04
  0.94000000E+00 -0.19665911E-03 -0.67307656E-04
  0.95000000E+00 -0.19586628E-03 -0.67471655E-04
  0.96000000E+00 -0.19511704E-03 -0.67620344E-04
  0.97000000E+00 -0.19443407E-03 -0.67751922E-04
  0.98000000E+00 -0.19384929E-03 -0.67865415E-04
  0.99000000E+00 -0.19340321E-03 -0.67961541E-04
  0.10000000E+01 -0.19313890E-03 -0.68044178E-04
  0.10100000E+01 -0.19308866E-03 -0.68122697E-04
  0.10200000E+01 -0.19325553E-03 -0.68215229E-04
  0.10300000E+01 -0.19359712E-03 -0.68351674E-04
  0.10400000E+01 -0.19402304E-03 -0.68571725E-04
  0.10500000E+01 -0.19441377E-03 -0.68908255E-04
  0.10600000E+01 -0.19465833E-03 -0.69353256E-04
  0.10700000E+01 -0.19469509E-03 -0.69838706E-04
  0.10800000E+01 -0.19453517E-03 -0.70277570E-04
  0.10900000E+01 -0.19425570E-03 -0.70628896E-04
  0.11000000E+01 -0.19396669E-03 -0.70910379E-04
  0.11100000E+01 -0.19376960E-03 -0.71168887E-04
  0.11200000E+01 -0.19374806E-03 -0.71464309E-04
  0.11300000E+01 -0.19447358E-03 -0.71907347E-04
  0.11400000E+01 -0.19784936E-03 -0.72862797E-04
  0.11500000E+01 -0.19557993E-03 -0.75057166E-04
  0.11600000E+01 -0.18888130E-03 -0.73061032E-04
  0.11700000E+01 -0.19497368E-03 -0.71665232E-04
  0.11800000E+01 -0.19640120E-03 -0.72803850E-04
  0.11900000E+01 -0.19608578E-03 -0.73673532E-04
  0.12000000E+01 -0.19630650E-03 -0.74330572E-04
  0.12100000E+01 -0.19653389E-03 -0.74885800E-04
  0.12200000E+01 -0.19670949E-03 -0.75383128E-04
  0.12300000E+01 -0.19684108E-03 -0.75841430E-04
  0.12400000E+01 -0.19694011E-03 -0.76272044E-04
  0.12500000E+01 -0.19701848E-03 -0.76684268E-04
  0.12600000E+01 -0.19708707E-03 -0.77086255E-04
  0.12700000E+01 -0.19715477E-03 -0.77484480E-04
  0.12800000E+01 -0.19722814E-03 -0.77883320E-04
  0.12900000E+01 -0.19731172E-03 -0.78285235E-04
  0.13000000E+01 -0.19740872E-03 -0.78691294E-04
  0.13100000E+01 -0.19752198E-03 -0.79101714E-04
  0.13200000E+01 -0.19765420E-03 -0.79516302E-04
  0.13300000E+01 -0.19780658E-03 -0.79934945E-04
  0.13400000E+01 -0.19797598E-03 -0.80358229E-04
  0.13500000E+01 -0.19815295E-03 -0.80787697E-04
  0.13600000E+01 -0.19832463E-03 -0.81223492E-04
  0.13700000E+01 -0.19848273E-03 -0.81658459E-04
  0.13800000E+01 -0.19863001E-03 -0.82080551E-04
  0.13900000E+01 -0.19877821E-03 -0.82482952E-04
  0.14000000E+01 -0.19893867E-03 -0.82851305E-04
  0.14100000E+01 -0.19936028E-03 -0.82915250E-04
  0.14200000E+01 -0.19930456E-03 -0.83898043E-04
  0.14300000E+01 -0.19950157E-03 -0.84235911E-04
  0.14400000E+01 -0.19970248E-03 -0.84623829E-04
  0.14500000E+01 -0.19990548E-03 -0.85023560E-04
  0.14600000E+01 -0.20010973E-03 -0.85428507E-04
  0.14700000E+01 -0.20031473E-03 -0.85836739E-04
  0.14800000E+01 -0.20052003E-03 -0.86247564E-04
  0.14900000E+01 -0.20072527E-03 -0.86660712E-04
  0.15000000E+01 -0.20093022E-03 -0.87076082E-04
  0.15100000E+01 -0.20113481E-03 -0.87493642E-04
  0.15200000E+01 -0.20133912E-03 -0.87913385E-04
  0.15300000E+01 -0.20154347E-03 -0.88335307E-04
  0.15400000E+01 -0.20174834E-03 -0.88759404E-04
  0.15500000E+01 -0.20195441E-03 -0.89185662E-04
  0.15600000E+01 -0.20216253E-03 -0.89614053E-04
  0.15700000E+01 -0.20237371E-03 -0.90044540E-04
  0.15800000E+01 -0.20258914E-03 -0.90477064E-04
  0.15900000E+01 -0.20281015E-03 -0.90911548E-04
  0.16000000E+01 -0.20303829E-03 -0.91347887E-04
  0.16100000E+01 -0.20327534E-03 -0.91785944E-04
  0.16200000E+01 -0.20352344E-03 -0.92225550E-04
  0.16300000E+01 -0.20378516E-03 -0.92666500E-04
  0.16400000E+01 -0.20406366E-03 -0.93108561E-04
  0.16500000E+01 -0.20436282E-03 -0.93551493E-04
  0.16600000E+01 -0.20468732E-03 -0.93995078E-04
  0.16700000E+01 -0.20504274E-03 -0.94439177E-04
  0.16800000E+01 -0.20543545E-03 -0.94883785E-04
  0.16900000E+01 -0.20587252E-03 -0.95329105E-04
  0.17000000E+01 -0.20636142E-03 -0.95775630E-04
  0.17100000E+01 -0.20690956E-03 -0.96224227E-04
  0.17200000E+01 -0.20752386E-03 -0.96676245E-04
  0.17300000E+01 -0.20821006E-03 -0.97133639E-04
  0.17400000E+01 -0.20897215E-03 -0.97599120E-04
  0.17500000E+01 -0.20981171E-03 -0.98076313E-04
  0.17600000E+01 -0.21072741E-03 -0.98569900E-04
  0.17700000E+01 -0.21171468E-03 -0.99085683E-04
  0.17800000E+01 -0.21276571E-03 -0.99630457E-04
  0.17900000E+01 -0.21386969E-03 -0.10021157E-03
  0.18000000E+01 -0.21501291E-03 -0.10083609E-03
  0.18100000E+01 -0.21617876E-03 -0.10150955E-03
  0.18200000E+01 -0.21734858E-03 -0.10223465E-03
  0.18300000E+01 -0.21850486E-03 -0.10301011E-03
  0.18400000E+01 -0.21964784E-03 -0.10383137E-03
  0.18500000E+01 -0.22081345E-03 -0.10471060E-03
  0.18600000E+01 -0.22185681E-03 -0.10564548E-03
  0.18700000E+01 -0.22288446E-03 -0.10657691E-03
  0.18800000E+01 -0.22392290E-03 -0.10754475E-03
  0.18900000E+01 -0.22493080E-03 -0.10854990E-03
  0.19000000E+01 -0.22590028E-03 -0.10958544E-03
  0.19100000E+01 -0.22686578E-03 -0.11065154E-03
  0.19200000E+01 -0.22776250E-03 -0.11178007E-03
  0.19300000E+01 -0.22861756E-03 -0.11290580E-03
  0.19400000E+01 -0.22948622E-03 -0.11406318E-03
  0.19500000E+01 -0.23034726E-03 -0.11525379E-03
  0.19600000E+01 -0.23126377E-03 -0.11648225E-03
  0.19700000E+01 -0.23220302E-03 -0.11779845E-03
  0.19800000E+01 -0.23275510E-03 -0.11919829E-03
  0.19900000E+01 -0.23329089E-03 -0.12045337E-03
  0.20000000E+01 -0.23398064E-03 -0.12178315E-03
  0.20100000E+01 -0.23458707E-03 -0.12315512E-03
  0.20200000E+01 -0.23513957E-03 -0.12455502E-03
  0.20300000E+01 -0.23568655E-03 -0.12598079E-03
  0.20400000E+01 -0.23627308E-03 -0.12743273E-03
  0.20500000E+01 -0.23695970E-03 -0.12891305E-03
  0.20600000E+01 -0.23782131E-03 -0.13042618E-03
  0.20700000E+01 -0.23894244E-03 -0.13197980E-03
  0.20800000E+01 -0.24040987E-03 -0.13358643E-03
  0.20900000E+01 -0.24230158E-03 -0.13526598E-03
  0.21000000E+01 -0.24467168E-03 -0.13704898E-03
  0.21100000E+01 -0.24753229E-03 -0.13898061E-03
  0.21200000E+01 -0.25083422E-03 -0.14112468E-03
  0.21300000E+01 -0.25444952E-03 -0.14356651E-03
  0.21400000E+01 -0.25815954E-03 -0.14641293E-03
  0.21500000E+01 -0.26165264E-03 -0.14978769E-03
  0.21600000E+01 -0.26453495E-03 -0.15382091E-03
  0.21700000E+01 -0.26635672E-03 -0.15863222E-03
  0.21800000E+01 -0.26665606E-03 -0.16430702E-03
  0.21900000E+01 -0.26502720E-03 -0.17086521E-03
  0.22000000E+01 -0.26123953E-03 -0.17822502E-03
  0.22100000E+01 -0.25545734E-03 -0.18617479E-03
  0.22200000E+01 -0.24853657E-03 -0.19438050E-03
  0.22300000E+01 -0.24198912E-03 -0.20245823E-03
  0.22400000E+01 -0.23662721E-03 -0.21010514E-03
  0.22500000E+01 -0.22948165E-03 -0.21719876E-03
  0.22600000E+01 -0.21193966E-03 -0.22362584E-03
  0.22700000E+01 -0.17509783E-03 -0.22832135E-03
  0.22800000E+01 -0.12244377E-03 -0.22700946E-03
  0.22900000E+01 -0.76017896E-04 -0.21203018E-03
  0.23000000E+01 -0.61886264E-04 -0.18522922E-03
  0.23100000E+01 -0.86382802E-04 -0.16636046E-03
  0.23200000E+01 -0.12908299E-03 -0.16473504E-03
  0.23300000E+01 -0.15561828E-03 -0.17346844E-03
  0.23400000E+01 -0.15105782E-03 -0.18114451E-03
  0.23500000E+01 -0.13248738E-03 -0.18476699E-03
  0.23600000E+01 -0.11534512E-03 -0.18662578E-03
  0.23700000E+01 -0.10361578E-03 -0.18761242E-03
  0.23800000E+01 -0.96684802E-04 -0.18808749E-03
  0.23900000E+01 -0.92416799E-04 -0.18824101E-03
  0.24000000E+01 -0.89079633E-04 -0.18818423E-03
  0.24100000E+01 -0.85813206E-04 -0.18798345E-03
  0.24200000E+01 -0.82310898E-04 -0.18767808E-03
  0.24300000E+01 -0.78502934E-04 -0.18729227E-03
  0.24400000E+01 -0.74406559E-04 -0.18684180E-03
  0.24500000E+01 -0.70072366E-04 -0.18633768E-03
  0.24600000E+01 -0.65563887E-04 -0.18578814E-03
  0.24700000E+01 -0.60946895E-04 -0.18519962E-03
  0.24800000E+01 -0.56282805E-04 -0.18457736E-03
  0.24900000E+01 -0.51624948E-04 -0.18392563E-03
  0.25000000E+01 -0.47016998E-04 -0.18324796E-03
  0.25100000E+01 -0.42492844E-04 -0.18254724E-03
  0.25200000E+01 -0.38077351E-04 -0.18182578E-03
  0.25300000E+01 -0.33787572E-04 -0.18108539E-03
  0.25400000E+01 -0.29634104E-04 -0.18032747E-03
  0.25500000E+01 -0.25622396E-04 -0.17955305E-03
  0.25600000E+01 -0.21753915E-04 -0.17876290E-03
  0.25700000E+01 -0.18027129E-04 -0.17795752E-03
  0.25800000E+01 -0.14438294E-04 -0.17713726E-03
  0.25900000E+01 -0.10982091E-04 -0.17630227E-03
  0.26000000E+01 -0.76521123E-05 -0.17545259E-03
  0.26100000E+01 -0.44412512E-05 -0.17458817E-03
  0.26200000E+01 -0.13420016E-05 -0.17370888E-03
  0.26300000E+01  0.16533000E-05 -0.17281452E-03
  0.26400000E+01  0.45522834E-05 -0.17190486E-03
  0.26500000E+01  0.73623879E-05 -0.17097964E-03
  0.26600000E+01  0.10090734E-04 -0.17003860E-03
  0.26700000E+01  0.12744019E-04 -0.16908143E-03
  0.26800000E+01  0.15328421E-04 -0.16810784E-03
  0.26900000E+01  0.17849528E-04 -0.16711753E-03
  0.27000000E+01  0.20312264E-04 -0.16611018E-03
  0.27100000E+01  0.22720829E-04 -0.16508549E-03
  0.27200000E+01  0.25078639E-04 -0.16404316E-03
  0.27300000E+01  0.27388275E-04 -0.16298288E-03
  0.27400000E+01  0.29651433E-04 -0.16190437E-03
  0.27500000E+01  0.31868874E-04 -0.16080734E-03
  0.27600000E+01  0.34040380E-04 -0.15969153E-03
  0.27700000E+01  0.36164722E-04 -0.15855672E-03
  0.27800000E+01  0.38239625E-04 -0.15740271E-03
  0.27900000E+01  0.40261752E-04 -0.15622934E-03
  0.28000000E+01  0.42226695E-04 -0.15503652E-03
  0.28100000E+01  0.44128986E-04 -0.15382422E-03
  0.28200000E+01  0.45962127E-04 -0.15259249E-03
  0.28300000E+01  0.47718640E-04 -0.15134147E-03
  0.28400000E+01  0.49390147E-04 -0.15007142E-03
  0.28500000E+01  0.50967475E-04 -0.14878270E-03
  0.28600000E+01  0.52440794E-04 -0.14747582E-03
  0.28700000E+01  0.53799782E-04 -0.14615144E-03
  0.28800000E+01  0.55033820E-04 -0.14481037E-03
  0.28900000E+01  0.56132221E-04 -0.14345365E-03
  0.29000000E+01  0.57084472E-04 -0.14208251E-03
  0.29100000E+01  0.57880502E-04 -0.14069844E-03
  0.29200000E+01  0.58510954E-04 -0.13930322E-03
  0.29300000E+01  0.58967460E-04 -0.13789896E-03
  0.29400000E+01  0.59242906E-04 -0.13648813E-03
  0.29500000E+01  0.59331674E-04 -0.13507369E-03
  0.29600000E+01  0.59229865E-04 -0.13365905E-03
  0.29700000E+01  0.58935480E-04 -0.13224823E-03
  0.29800000E+01  0.58448576E-04 -0.13084586E-03
  0.29900000E+01  0.57771386E-04 -0.12945732E-03
  0.30000000E+01  0.56908409E-04 -0.12808867E-03
  0.30100000E+01  0.55866445E-04 -0.12674673E-03
  0.30200000E+01  0.54654584E-04 -0.12543894E-03
  0.30300000E+01  0.53284111E-04 -0.12417328E-03
  0.30400000E+01  0.51768341E-04 -0.12295785E-03
  0.30500000E+01  0.50122400E-04 -0.12180064E-03
  0.30600000E+01  0.48362971E-04 -0.12070902E-03
  0.30700000E+01  0.46508063E-04 -0.11968942E-03
  0.30800000E+01  0.44576792E-04 -0.11874673E-03
  0.30900000E+01  0.42589194E-04 -0.11788389E-03
  0.31000000E+01  0.40566030E-04 -0.11710144E-03
  0.31100000E+01  0.38528536E-04 -0.11639731E-03
  0.31200000E+01  0.36498067E-04 -0.11576689E-03
  0.31300000E+01  0.34495573E-04 -0.11520328E-03
  0.31400000E+01  0.32540844E-04 -0.11469793E-03
  0.31500000E+01  0.30651495E-04 -0.11424146E-03
  0.31600000E+01  0.28841698E-04 -0.11382453E-03
  0.31700000E+01  0.27120706E-04 -0.11343885E-03
  0.31800000E+01  0.25491332E-04 -0.11307787E-03
  0.31900000E+01  0.23948584E-04 -0.11273736E-03
  0.32000000E+01  0.22478747E-04 -0.11241562E-03
  0.32100000E+01  0.21059218E-04 -0.11211347E-03
  0.32200000E+01  0.19659351E-04 -0.11183394E-03
  0.32300000E+01  0.18242475E-04 -0.11158197E-03
  0.32400000E+01  0.16769046E-04 -0.11136413E-03
  0.32500000E+01  0.15200713E-04 -0.11118845E-03
  0.32600000E+01  0.13504850E-04 -0.11106460E-03
  0.32700000E+01  0.11658954E-04 -0.11100407E-03
  0.32800000E+01  0.96542566E-05 -0.11102028E-03
  0.32900000E+01  0.74979708E-05 -0.11112824E-03
  0.33000000E+01  0.52137505E-05 -0.11134323E-03
  0.33100000E+01  0.28402284E-05 -0.11167903E-03
  0.33200000E+01  0.42779807E-06 -0.11214619E-03
  0.33300000E+01 -0.19659105E-05 -0.11275136E-03
  0.33400000E+01 -0.42812208E-05 -0.11349693E-03
  0.33500000E+01 -0.64615647E-05 -0.11437950E-03
  0.33600000E+01 -0.84580038E-05 -0.11538627E-03
  0.33700000E+01 -0.10232737E-04 -0.11649238E-03
  0.33800000E+01 -0.11761472E-04 -0.11766345E-03
  0.33900000E+01 -0.13034747E-04 -0.11886382E-03
  0.34000000E+01 -0.14058302E-04 -0.12006385E-03
  0.34100000E+01 -0.14852515E-04 -0.12123843E-03
  0.34200000E+01 -0.15450692E-04 -0.12236033E-03
  0.34300000E+01 -0.15895861E-04 -0.12340277E-03
  0.34400000E+01 -0.16235851E-04 -0.12435510E-03
  0.34500000E+01 -0.16516780E-04 -0.12523565E-03
  0.34600000E+01 -0.16775693E-04 -0.12608584E-03
  0.34700000E+01 -0.17033606E-04 -0.12695010E-03
  0.34800000E+01 -0.17290521E-04 -0.12785762E-03
  0.34900000E+01 -0.17523728E-04 -0.12881579E-03
  0.35000000E+01 -0.17690079E-04 -0.12981432E-03
  0.35100000E+01 -0.17731946E-04 -0.13083399E-03
  0.35200000E+01 -0.17585683E-04 -0.13185498E-03
  0.35300000E+01 -0.17190807E-04 -0.13286212E-03
  0.35400000E+01 -0.16498075E-04 -0.13384671E-03
  0.35500000E+01 -0.15475018E-04 -0.13480566E-03
  0.35600000E+01 -0.14108222E-04 -0.13573932E-03
  0.35700000E+01 -0.12402493E-04 -0.13664908E-03
  0.35800000E+01 -0.10377615E-04 -0.13753548E-03
  0.35900000E+01 -0.80637961E-05 -0.13839728E-03
  0.36000000E+01 -0.54969027E-05 -0.13923119E-03
  0.36100000E+01 -0.27143353E-05 -0.14003231E-03
  0.36200000E+01  0.24793117E-06 -0.14079482E-03
  0.36300000E+01  0.33570023E-05 -0.14151273E-03
  0.36400000E+01  0.65835433E-05 -0.14218061E-03
  0.36500000E+01  0.99013918E-05 -0.14279404E-03
  0.36600000E+01  0.13286661E-04 -0.14334992E-03
  0.36700000E+01  0.16716667E-04 -0.14384655E-03
  0.36800000E+01  0.20168939E-04 -0.14428366E-03
  0.36900000E+01  0.23620474E-04 -0.14466235E-03
  0.37000000E+01  0.27047312E-04 -0.14498508E-03
  0.37100000E+01  0.30424449E-04 -0.14525588E-03
  0.37200000E+01  0.33726054E-04 -0.14548072E-03
  0.37300000E+01  0.36925947E-04 -0.14566815E-03
  0.37400000E+01  0.39998313E-04 -0.14583038E-03
  0.37500000E+01  0.42918648E-04 -0.14598475E-03
  0.37600000E+01  0.45664954E-04 -0.14615586E-03
  0.37700000E+01  0.48219221E-04 -0.14637863E-03
  0.37800000E+01  0.50569172E-04 -0.14670287E-03
  0.37900000E+01  0.52710167E-04 -0.14720045E-03
  0.38000000E+01  0.54646956E-04 -0.14797760E-03
  0.38100000E+01  0.56394850E-04 -0.14919700E-03
  0.38200000E+01  0.57980131E-04 -0.15112087E-03
  0.38300000E+01  0.59513486E-04 -0.15419851E-03
  0.38400000E+01  0.61399150E-04 -0.15926318E-03
  0.38500000E+01  0.59083517E-04 -0.16908237E-03
  0.38600000E+01  0.30903943E-04 -0.18973936E-03
  0.38700000E+01 -0.14402210E-03 -0.23737313E-03
  0.38800000E+01 -0.77286775E-04 -0.35423049E-03
  0.38900000E+01  0.71137362E-03 -0.31359741E-03
  0.39000000E+01  0.53495634E-03  0.66811189E-04
  0.39100000E+01  0.44831958E-04  0.60047954E-04
  0.39200000E+01  0.43260708E-04  0.39363774E-05
  0.39300000E+01  0.69816662E-04 -0.29089808E-04
  0.39400000E+01  0.72720595E-04 -0.47709901E-04
  0.39500000E+01  0.73408451E-04 -0.58848786E-04
  0.39600000E+01  0.73850540E-04 -0.65891938E-04
  0.39700000E+01  0.74047383E-04 -0.70511520E-04
  0.39800000E+01  0.74033630E-04 -0.73593514E-04
  0.39900000E+01  0.74034115E-04 -0.75647273E-04
  0.40000000E+01  0.74176831E-04 -0.76919165E-04
  0.40100000E+01  0.74104061E-04 -0.77412203E-04
  0.40200000E+01  0.73436839E-04 -0.77367618E-04
  0.40300000E+01  0.72314052E-04 -0.77094861E-04
  0.40400000E+01  0.71012446E-04 -0.76630017E-04
  0.40500000E+01  0.69568632E-04 -0.75991516E-04
  0.40600000E+01  0.67910868E-04 -0.75234641E-04
  0.40700000E+01  0.66009879E-04 -0.74421237E-04
  0.40800000E+01  0.63878962E-04 -0.73606569E-04
  0.40900000E+01  0.61546627E-04 -0.72835208E-04
  0.41000000E+01  0.59047900E-04 -0.72139726E-04
  0.41100000E+01  0.56422860E-04 -0.71540782E-04
  0.41200000E+01  0.53715347E-04 -0.71048219E-04
  0.41300000E+01  0.50971286E-04 -0.70662867E-04
  0.41400000E+01  0.48236924E-04 -0.70378696E-04
  0.41500000E+01  0.45557110E-04 -0.70185002E-04
  0.41600000E+01  0.42973701E-04 -0.70068393E-04
  0.41700000E+01  0.40524147E-04 -0.70014406E-04
  0.41800000E+01  0.38240350E-04 -0.70008727E-04
  0.41900000E+01  0.36147810E-04 -0.70038014E-04
  0.42000000E+01  0.34265102E-04 -0.70090393E-04
  0.42100000E+01  0.32603682E-04 -0.70155681E-04
  0.42200000E+01  0.31168012E-04 -0.70225435E-04
  0.42300000E+01  0.29955962E-04 -0.70292865E-04
  0.42400000E+01  0.28959459E-04 -0.70352687E-04
  0.42500000E+01  0.28165313E-04 -0.70400930E-04
  0.42600000E+01  0.27556170E-04 -0.70434742E-04
  0.42700000E+01  0.27111542E-04 -0.70452200E-04
  0.42800000E+01  0.26808840E-04 -0.70452135E-04
  0.42900000E+01  0.26624376E-04 -0.70433984E-04
  0.43000000E+01  0.26534284E-04 -0.70397654E-04
  0.43100000E+01  0.26515335E-04 -0.70343416E-04
  0.43200000E+01  0.26545622E-04 -0.70271814E-04
  0.43300000E+01  0.26605120E-04 -0.70183587E-04
  0.43400000E+01  0.26676142E-04 -0.70079605E-04
  0.43500000E+01  0.26743719E-04 -0.69960815E-04
  0.43600000E+01  0.26795902E-04 -0.69828178E-04
  0.43700000E+01  0.26823791E-04 -0.69682595E-04
  0.43800000E+01  0.26820993E-04 -0.69524782E-04
  0.43900000E+01  0.26782323E-04 -0.69355096E-04
  0.44000000E+01  0.26702273E-04 -0.69173429E-04
  0.44100000E+01  0.26571728E-04 -0.68980170E-04
  0.44200000E+01  0.26333115E-04 -0.68782850E-04
  0.44300000E+01  0.25953093E-04 -0.68630239E-04
  0.44400000E+01  0.26068641E-04 -0.68447158E-04
  0.44500000E+01  0.25586762E-04 -0.68094189E-04
  0.44600000E+01  0.25177317E-04 -0.67900245E-04
  0.44700000E+01  0.24793747E-04 -0.67692324E-04
  0.44800000E+01  0.24378385E-04 -0.67474484E-04
  0.44900000E+01  0.23940677E-04 -0.67251535E-04
  0.45000000E+01  0.23482924E-04 -0.67025523E-04
  0.45100000E+01  0.23007469E-04 -0.66797561E-04
  0.45200000E+01  0.22516886E-04 -0.66568416E-04
  0.45300000E+01  0.22013779E-04 -0.66338698E-04
  0.45400000E+01  0.21500608E-04 -0.66108922E-04
  0.45500000E+01  0.20979607E-04 -0.65879542E-04
  0.45600000E+01  0.20452760E-04 -0.65650956E-04
  0.45700000E+01  0.19921808E-04 -0.65423521E-04
  0.45800000E+01  0.19388271E-04 -0.65197555E-04
  0.45900000E+01  0.18853467E-04 -0.64973342E-04
  0.46000000E+01  0.18318544E-04 -0.64751136E-04
  0.46100000E+01  0.17784500E-04 -0.64531165E-04
  0.46200000E+01  0.17252208E-04 -0.64313632E-04
  0.46300000E+01  0.16722435E-04 -0.64098720E-04
  0.46400000E+01  0.16195867E-04 -0.63886593E-04
  0.46500000E+01  0.15673115E-04 -0.63677396E-04
  0.46600000E+01  0.15154736E-04 -0.63471259E-04
  0.46700000E+01  0.14641235E-04 -0.63268295E-04
  0.46800000E+01  0.14133072E-04 -0.63068606E-04
  0.46900000E+01  0.13630662E-04 -0.62872277E-04
  0.47000000E+01  0.13134379E-04 -0.62679381E-04
  0.47100000E+01  0.12644560E-04 -0.62489979E-04
  0.47200000E+01  0.12161545E-04 -0.62304119E-04
  0.47300000E+01  0.11685737E-04 -0.62121838E-04
  0.47400000E+01  0.11217689E-04 -0.61943162E-04
  0.47500000E+01  0.10758145E-04 -0.61768104E-04
  0.47600000E+01  0.10307948E-04 -0.61596650E-04
  0.47700000E+01  0.98677723E-05 -0.61428724E-04
  0.47800000E+01  0.94377756E-05 -0.61264125E-04
  0.47900000E+01  0.90174402E-05 -0.61102500E-04
  0.48000000E+01  0.86058300E-05 -0.60943558E-04
  0.48100000E+01  0.82022354E-05 -0.60787618E-04
  0.48200000E+01  0.78068257E-05 -0.60635706E-04
  0.48300000E+01  0.74208455E-05 -0.60488597E-04
  0.48400000E+01  0.70461965E-05 -0.60346188E-04
  0.48500000E+01  0.66847021E-05 -0.60207952E-04
  0.48600000E+01  0.63375437E-05 -0.60073453E-04
  0.48700000E+01  0.60051621E-05 -0.59942442E-04
  0.48800000E+01  0.56875404E-05 -0.59814793E-04
  0.48900000E+01  0.53845809E-05 -0.59690430E-04
  0.49000000E+01  0.50963424E-05 -0.59569296E-04
  0.49100000E+01  0.48230850E-05 -0.59451335E-04
  0.49200000E+01  0.45651999E-05 -0.59336487E-04
  0.49300000E+01  0.43231194E-05 -0.59224686E-04
  0.49400000E+01  0.40972573E-05 -0.59115857E-04
  0.49500000E+01  0.38879818E-05 -0.59009913E-04
  0.49600000E+01  0.36956059E-05 -0.58906758E-04
  0.49700000E+01  0.35203830E-05 -0.58806280E-04
  0.49800000E+01  0.33625006E-05 -0.58708351E-04
  0.49900000E+01  0.32220766E-05 -0.58612829E-04
  0.50000000E+01  0.30991612E-05 -0.58519553E-04
  0.50100000E+01  0.29937531E-05 -0.58428350E-04
  0.50200000E+01  0.29058295E-05 -0.58339041E-04
  0.50300000E+01  0.28353879E-05 -0.58251451E-04
  0.50400000E+01  0.27824850E-05 -0.58165420E-04
  0.50500000E+01  0.27472588E-05 -0.58080813E-04
  0.50600000E+01  0.27299160E-05 -0.57997518E-04
  0.50700000E+01  0.27306819E-05 -0.57915408E-04
  0.50800000E+01  0.27497208E-05 -0.57834268E-04
  0.50900000E+01  0.27870503E-05 -0.57753729E-04
  0.51000000E+01  0.28424731E-05 -0.57673279E-04
  0.51100000E+01  0.29155505E-05 -0.57592397E-04
  0.51200000E+01  0.30056255E-05 -0.57510690E-04
  0.51300000E+01  0.31118891E-05 -0.57427946E-04
  0.51400000E+01  0.32334703E-05 -0.57344072E-04
  0.51500000E+01  0.33695247E-05 -0.57259017E-04
  0.51600000E+01  0.35192988E-05 -0.57172711E-04
  0.51700000E+01  0.36821588E-05 -0.57085048E-04
  0.51800000E+01  0.38575828E-05 -0.56995881E-04
  0.51900000E+01  0.40451291E-05 -0.56905035E-04
  0.52000000E+01  0.42443960E-05 -0.56812305E-04
  0.52100000E+01  0.44549869E-05 -0.56717469E-04
  0.52200000E+01  0.46764879E-05 -0.56620288E-04
  0.52300000E+01  0.49084591E-05 -0.56520512E-04
  0.52400000E+01  0.51504350E-05 -0.56417885E-04
  0.52500000E+01  0.54019295E-05 -0.56312140E-04
  0.52600000E+01  0.56624426E-05 -0.56203011E-04
  0.52700000E+01  0.59314652E-05 -0.56090227E-04
  0.52800000E+01  0.62084822E-05 -0.55973516E-04
  0.52900000E+01  0.64929741E-05 -0.55852609E-04
  0.53000000E+01  0.67844172E-05 -0.55727237E-04
  0.53100000E+01  0.70822838E-05 -0.55597135E-04
  0.53200000E+01  0.73860413E-05 -0.55462042E-04
  0.53300000E+01  0.76951513E-05 -0.55321703E-04
  0.53400000E+01  0.80090695E-05 -0.55175865E-04
  0.53500000E+01  0.83272448E-05 -0.55024285E-04
  0.53600000E+01  0.86491185E-05 -0.54866722E-04
  0.53700000E+01  0.89741236E-05 -0.54702944E-04
  0.53800000E+01  0.93016847E-05 -0.54532724E-04
  0.53900000E+01  0.96312164E-05 -0.54355843E-04
  0.54000000E+01  0.99621234E-05 -0.54172085E-04
  0.54100000E+01  0.10293800E-04 -0.53981244E-04
  0.54200000E+01  0.10625627E-04 -0.53783118E-04
  0.54300000E+01  0.10956975E-04 -0.53577510E-04
  0.54400000E+01  0.11287200E-04 -0.53364231E-04
  0.54500000E+01  0.11615646E-04 -0.53143096E-04
  0.54600000E+01  0.11941638E-04 -0.52913927E-04
  0.54700000E+01  0.12264492E-04 -0.52676552E-04
  0.54800000E+01  0.12583502E-04 -0.52430804E-04
  0.54900000E+01  0.12897949E-04 -0.52176528E-04
  0.55000000E+01  0.13207089E-04 -0.51913581E-04
  0.55100000E+01  0.13510147E-04 -0.51641831E-04
  0.55200000E+01  0.13806297E-04 -0.51361171E-04
  0.55300000E+01  0.14094632E-04 -0.51071519E-04
  0.55400000E+01  0.14374152E-04 -0.50772831E-04
  0.55500000E+01  0.14643801E-04 -0.50465112E-04
  0.55600000E+01  0.14902610E-04 -0.50148439E-04
  0.55700000E+01  0.15149837E-04 -0.49822971E-04
  0.55800000E+01  0.15384911E-04 -0.49488949E-04
  0.55900000E+01  0.15607356E-04 -0.49146736E-04
  0.56000000E+01  0.15817098E-04 -0.48797007E-04
  0.56100000E+01  0.16014540E-04 -0.48440081E-04
  0.56200000E+01  0.16199726E-04 -0.48075379E-04
  0.56300000E+01  0.16371577E-04 -0.47702451E-04
  0.56400000E+01  0.16528193E-04 -0.47321602E-04
  0.56500000E+01  0.16667630E-04 -0.46933624E-04
  0.56600000E+01  0.16788402E-04 -0.46539402E-04
  0.56700000E+01  0.16889588E-04 -0.46139767E-04
  0.56800000E+01  0.16970685E-04 -0.45735495E-04
  0.56900000E+01  0.17031397E-04 -0.45327337E-04
  0.57000000E+01  0.17071463E-04 -0.44916039E-04
  0.57100000E+01  0.17090587E-04 -0.44502347E-04
  0.57200000E+01  0.17088441E-04 -0.44087013E-04
  0.57300000E+01  0.17064694E-04 -0.43670791E-04
  0.57400000E+01  0.17019043E-04 -0.43254429E-04
  0.57500000E+01  0.16951236E-04 -0.42838669E-04
  0.57600000E+01  0.16861076E-04 -0.42424241E-04
  0.57700000E+01  0.16748431E-04 -0.42011856E-04
  0.57800000E+01  0.16613235E-04 -0.41602202E-04
  0.57900000E+01  0.16455487E-04 -0.41195943E-04
  0.58000000E+01  0.16275255E-04 -0.40793712E-04
  0.58100000E+01  0.16072668E-04 -0.40396110E-04
  0.58200000E+01  0.15847925E-04 -0.40003703E-04
  0.58300000E+01  0.15601283E-04 -0.39617019E-04
  0.58400000E+01  0.15333065E-04 -0.39236548E-04
  0.58500000E+01  0.15043650E-04 -0.38862738E-04
  0.58600000E+01  0.14733474E-04 -0.38495998E-04
  0.58700000E+01  0.14403028E-04 -0.38136696E-04
  0.58800000E+01  0.14052853E-04 -0.37785155E-04
  0.58900000E+01  0.13683536E-04 -0.37441659E-04
  0.59000000E+01  0.13295709E-04 -0.37106452E-04
  0.59100000E+01  0.12890043E-04 -0.36779734E-04
  0.59200000E+01  0.12467247E-04 -0.36461670E-04
  0.59300000E+01  0.12028060E-04 -0.36152385E-04
  0.59400000E+01  0.11573252E-04 -0.35851967E-04
  0.59500000E+01  0.11103617E-04 -0.35560471E-04
  0.59600000E+01  0.10619970E-04 -0.35277916E-04
  0.59700000E+01  0.10123144E-04 -0.35004293E-04
  0.59800000E+01  0.96139855E-05 -0.34739562E-04
  0.59900000E+01  0.90933520E-05 -0.34483655E-04
  0.60000000E+01  0.85621082E-05 -0.34236480E-04
  0.60100000E+01  0.80211228E-05 -0.33997922E-04
  0.60200000E+01  0.74712660E-05 -0.33767844E-04
  0.60300000E+01  0.69134059E-05 -0.33546090E-04
  0.60400000E+01  0.63484069E-05 -0.33332486E-04
  0.60500000E+01  0.57771262E-05 -0.33126846E-04
  0.60600000E+01  0.52004124E-05 -0.32928968E-04
  0.60700000E+01  0.46191028E-05 -0.32738639E-04
  0.60800000E+01  0.40340216E-05 -0.32555637E-04
  0.60900000E+01  0.34459784E-05 -0.32379731E-04
  0.61000000E+01  0.28557662E-05 -0.32210685E-04
  0.61100000E+01  0.22641601E-05 -0.32048256E-04
  0.61200000E+01  0.16719159E-05 -0.31892199E-04
  0.61300000E+01  0.10797690E-05 -0.31742265E-04
  0.61400000E+01  0.48843307E-06 -0.31598206E-04
  0.61500000E+01 -0.10140062E-06 -0.31459771E-04
  0.61600000E+01 -0.68906435E-06 -0.31326713E-04
  0.61700000E+01 -0.12739146E-05 -0.31198783E-04
  0.61800000E+01 -0.18553328E-05 -0.31075737E-04
  0.61900000E+01 -0.24327257E-05 -0.30957333E-04
  0.62000000E+01 -0.30055262E-05 -0.30843332E-04
  0.62100000E+01 -0.35731939E-05 -0.30733502E-04
  0.62200000E+01 -0.41352149E-05 -0.30627613E-04
  0.62300000E+01 -0.46911025E-05 -0.30525441E-04
  0.62400000E+01 -0.52403978E-05 -0.30426767E-04
  0.62500000E+01 -0.57826690E-05 -0.30331378E-04
  0.62600000E+01 -0.63175125E-05 -0.30239067E-04
  0.62700000E+01 -0.68445522E-05 -0.30149633E-04
  0.62800000E+01 -0.73634401E-05 -0.30062880E-04
  0.62900000E+01 -0.78738558E-05 -0.29978621E-04
  0.63000000E+01 -0.83755069E-05 -0.29896673E-04
  0.63100000E+01 -0.88681284E-05 -0.29816859E-04
  0.63200000E+01 -0.93514827E-05 -0.29739011E-04
  0.63300000E+01 -0.98253598E-05 -0.29662964E-04
  0.63400000E+01 -0.10289576E-04 -0.29588560E-04
  0.63500000E+01 -0.10743975E-04 -0.29515650E-04
  0.63600000E+01 -0.11188427E-04 -0.29444086E-04
  0.63700000E+01 -0.11622826E-04 -0.29373730E-04
  0.63800000E+01 -0.12047094E-04 -0.29304448E-04
  0.63900000E+01 -0.12461177E-04 -0.29236111E-04
  0.64000000E+01 -0.12865045E-04 -0.29168596E-04
  0.64100000E+01 -0.13258694E-04 -0.29101785E-04
  0.64200000E+01 -0.13642140E-04 -0.29035565E-04
  0.64300000E+01 -0.14015426E-04 -0.28969829E-04
  0.64400000E+01 -0.14378615E-04 -0.28904471E-04
  0.64500000E+01 -0.14731792E-04 -0.28839394E-04
  0.64600000E+01 -0.15075065E-04 -0.28774502E-04
  0.64700000E+01 -0.15408562E-04 -0.28709704E-04
  0.64800000E+01 -0.15732432E-04 -0.28644912E-04
  0.64900000E+01 -0.16046843E-04 -0.28580043E-04
  0.65000000E+01 -0.16351984E-04 -0.28515016E-04
  0.65100000E+01 -0.16648064E-04 -0.28449754E-04
  0.65200000E+01 -0.16935310E-04 -0.28384182E-04
  0.65300000E+01 -0.17213967E-04 -0.28318230E-04
  0.65400000E+01 -0.17484303E-04 -0.28251827E-04
  0.65500000E+01 -0.17746602E-04 -0.28184909E-04
  0.65600000E+01 -0.18001167E-04 -0.28117411E-04
  0.65700000E+01 -0.18248320E-04 -0.28049273E-04
  0.65800000E+01 -0.18488404E-04 -0.27980436E-04
  0.65900000E+01 -0.18721781E-04 -0.27910843E-04
  0.66000000E+01 -0.18948833E-04 -0.27840441E-04
  0.66100000E+01 -0.19169962E-04 -0.27769178E-04
  0.66200000E+01 -0.19385592E-04 -0.27697008E-04
  0.66300000E+01 -0.19596167E-04 -0.27623883E-04
  0.66400000E+01 -0.19802157E-04 -0.27549764E-04
  0.66500000E+01 -0.20004052E-04 -0.27474610E-04
  0.66600000E+01 -0.20202366E-04 -0.27398388E-04
  0.66700000E+01 -0.20397641E-04 -0.27321067E-04
  0.66800000E+01 -0.20590443E-04 -0.27242624E-04
  0.66900000E+01 -0.20781367E-04 -0.27163038E-04
  0.67000000E+01 -0.20971035E-04 -0.27082297E-04
  0.67100000E+01 -0.21160102E-04 -0.27000394E-04
  0.67200000E+01 -0.21349254E-04 -0.26917331E-04
  0.67300000E+01 -0.21539213E-04 -0.26833118E-04
  0.67400000E+01 -0.21730740E-04 -0.26747776E-04
  0.67500000E+01 -0.21924633E-04 -0.26661336E-04
  0.67600000E+01 -0.22121739E-04 -0.26573839E-04
  0.67700000E+01 -0.22322951E-04 -0.26485343E-04
  0.67800000E+01 -0.22529215E-04 -0.26395917E-04
  0.67900000E+01 -0.22741539E-04 -0.26305647E-04
  0.68000000E+01 -0.22960995E-04 -0.26214638E-04
  0.68100000E+01 -0.23188727E-04 -0.26123012E-04
  0.68200000E+01 -0.23425959E-04 -0.26030914E-04
  0.68300000E+01 -0.23674005E-04 -0.25938510E-04
  0.68400000E+01 -0.23934275E-04 -0.25845992E-04
  0.68500000E+01 -0.24208284E-04 -0.25753579E-04
  0.68600000E+01 -0.24497664E-04 -0.25661521E-04
  0.68700000E+01 -0.24804166E-04 -0.25570099E-04
  0.68800000E+01 -0.25129674E-04 -0.25479631E-04
  0.68900000E+01 -0.25476203E-04 -0.25390474E-04
  0.69000000E+01 -0.25845908E-04 -0.25303028E-04
  0.69100000E+01 -0.26241077E-04 -0.25217738E-04
  0.69200000E+01 -0.26664130E-04 -0.25135102E-04
  0.69300000E+01 -0.27117601E-04 -0.25055675E-04
  0.69400000E+01 -0.27604128E-04 -0.24980071E-04
  0.69500000E+01 -0.28126419E-04 -0.24908975E-04
  0.69600000E+01 -0.28687225E-04 -0.24843146E-04
  0.69700000E+01 -0.29289289E-04 -0.24783423E-04
  0.69800000E+01 -0.29935301E-04 -0.24730740E-04
  0.69900000E+01 -0.30627828E-04 -0.24686129E-04
  0.70000000E+01 -0.31369254E-04 -0.24650734E-04
