  0.00000000E+00 -0.16003119E-04  0.18571806E-15
  0.10000000E-01 -0.13170340E-04 -0.13519247E-04
  0.20000000E-01 -0.45763589E-05  0.11817249E-04
  0.30000000E-01 -0.33978607E-04  0.22334852E-04
  0.40000000E-01 -0.28159530E-04 -0.15228935E-04
  0.50000000E-01 -0.26490523E-04  0.91601144E-05
  0.60000000E-01 -0.37586394E-04 -0.96757250E-05
  0.70000000E-01 -0.17748097E-03  0.90989020E-04
  0.80000000E-01  0.39162721E-04  0.59263824E-04
  0.90000000E-01 -0.98052639E-05 -0.20004885E-04
  0.10000000E+00 -0.11783070E-04 -0.22660736E-04
  0.11000000E+00 -0.12053668E-04 -0.66528614E-05
  0.12000000E+00 -0.18747837E-04 -0.39770693E-06
  0.13000000E+00 -0.22859207E-04 -0.10266224E-04
  0.14000000E+00 -0.21697448E-04 -0.18797477E-04
  0.15000000E+00 -0.20383936E-04 -0.17557652E-04
  0.16000000E+00 -0.19724365E-04 -0.14457705E-04
  0.17000000E+00 -0.19294971E-04 -0.13737457E-04
  0.18000000E+00 -0.18895305E-04 -0.14268169E-04
  0.19000000E+00 -0.18522520E-04 -0.14808938E-04
  0.20000000E+00 -0.18193957E-04 -0.15019713E-04
  0.21000000E+00 -0.17909774E-04 -0.14960229E-04
  0.22000000E+00 -0.17667111E-04 -0.14772085E-04
  0.23000000E+00 -0.17468781E-04 -0.14557069E-04
  0.24000000E+00 -0.17322146E-04 -0.14359473E-04
  0.25000000E+00 -0.17233620E-04 -0.14196169E-04
  0.26000000E+00 -0.17202604E-04 -0.14088714E-04
  0.27000000E+00 -0.17217413E-04 -0.14075396E-04
  0.28000000E+00 -0.17254734E-04 -0.14203619E-04
  0.29000000E+00 -0.17282684E-04 -0.14512311E-04
  0.30000000E+00 -0.17265403E-04 -0.15013705E-04
  0.31000000E+00 -0.17166469E-04 -0.15681263E-04
  0.32000000E+00 -0.16951811E-04 -0.16448446E-04
  0.33000000E+00 -0.16596608E-04 -0.17220583E-04
  0.34000000E+00 -0.16097071E-04 -0.17898388E-04
  0.35000000E+00 -0.15480104E-04 -0.18407338E-04
  0.36000000E+00 -0.14801702E-04 -0.18724048E-04
  0.37000000E+00 -0.14127916E-04 -0.18890625E-04
  0.38000000E+00 -0.13500786E-04 -0.19011090E-04
  0.39000000E+00 -0.12911947E-04 -0.19229006E-04
  0.40000000E+00 -0.12311022E-04 -0.19690359E-04
  0.41000000E+00 -0.11644952E-04 -0.20498823E-04
  0.42000000E+00 -0.10893601E-04 -0.21671696E-04
  0.43000000E+00 -0.10068454E-04 -0.23105264E-04
  0.44000000E+00 -0.91761317E-05 -0.24559062E-04
  0.45000000E+00 -0.81867229E-05 -0.25669047E-04
  0.46000000E+00 -0.70453888E-05 -0.25997655E-04
  0.47000000E+00 -0.57268746E-05 -0.25121504E-04
  0.48000000E+00 -0.42972509E-05 -0.22744692E-04
  0.49000000E+00 -0.29392658E-05 -0.18811044E-04
  0.50000000E+00 -0.19250730E-05 -0.13579026E-04
  0.51000000E+00 -0.15595197E-05 -0.76255297E-05
  0.52000000E+00 -0.21102447E-05 -0.17619075E-05
  0.53000000E+00 -0.37006741E-05  0.31265010E-05
  0.54000000E+00 -0.61727902E-05  0.62777559E-05
  0.55000000E+00 -0.90388823E-05  0.72312052E-05
  0.56000000E+00 -0.11652200E-04  0.59322780E-05
  0.57000000E+00 -0.13517117E-04  0.27331417E-05
  0.58000000E+00 -0.14483707E-04 -0.17079788E-05
  0.59000000E+00 -0.14700840E-04 -0.65941139E-05
  0.60000000E+00 -0.14437073E-04 -0.11170849E-04
  0.61000000E+00 -0.13928085E-04 -0.14870566E-04
  0.62000000E+00 -0.13317048E-04 -0.17386947E-04
  0.63000000E+00 -0.12670760E-04 -0.18673366E-04
  0.64000000E+00 -0.12021888E-04 -0.18882994E-04
  0.65000000E+00 -0.11397579E-04 -0.18282906E-04
  0.66000000E+00 -0.10825548E-04 -0.17173348E-04
  0.67000000E+00 -0.10326875E-04 -0.15827070E-04
  0.68000000E+00 -0.99029428E-05 -0.14448632E-04
  0.69000000E+00 -0.95354711E-05 -0.13156721E-04
  0.70000000E+00 -0.92108062E-05 -0.11997152E-04
  0.71000000E+00 -0.89282225E-05 -0.10977025E-04
  0.72000000E+00 -0.86947368E-05 -0.10094668E-04
  0.73000000E+00 -0.85210487E-05 -0.93520067E-05
  0.74000000E+00 -0.84155812E-05 -0.87550369E-05
  0.75000000E+00 -0.83783363E-05 -0.83106973E-05
  0.76000000E+00 -0.83982276E-05 -0.80230691E-05
  0.77000000E+00 -0.84544747E-05 -0.78899543E-05
  0.78000000E+00 -0.85221638E-05 -0.79011387E-05
  0.79000000E+00 -0.85795995E-05 -0.80384135E-05
  0.80000000E+00 -0.86116181E-05 -0.82754308E-05
  0.81000000E+00 -0.86059432E-05 -0.85760821E-05
  0.82000000E+00 -0.85508867E-05 -0.88941772E-05
  0.83000000E+00 -0.84431053E-05 -0.91800018E-05
  0.84000000E+00 -0.82926736E-05 -0.93949424E-05
  0.85000000E+00 -0.81192512E-05 -0.95253669E-05
  0.86000000E+00 -0.79448003E-05 -0.95824934E-05
  0.87000000E+00 -0.77788461E-05 -0.95851287E-05
  0.88000000E+00 -0.76160106E-05 -0.95389862E-05
  0.89000000E+00 -0.74552727E-05 -0.94300926E-05
  0.90000000E+00 -0.73029694E-05 -0.92348320E-05
  0.91000000E+00 -0.71661112E-05 -0.89337878E-05
  0.92000000E+00 -0.70546359E-05 -0.85184859E-05
  0.93000000E+00 -0.69841994E-05 -0.79931329E-05
  0.94000000E+00 -0.69744555E-05 -0.73792055E-05
  0.95000000E+00 -0.70442001E-05 -0.67240003E-05
  0.96000000E+00 -0.72068201E-05 -0.61048431E-05
  0.97000000E+00 -0.74654791E-05 -0.56184176E-05
  0.98000000E+00 -0.78009942E-05 -0.53514284E-05
  0.99000000E+00 -0.81614950E-05 -0.53415348E-05
  0.10000000E+01 -0.84797015E-05 -0.55504513E-05
  0.10100000E+01 -0.87083307E-05 -0.58739084E-05
  0.10200000E+01 -0.88477459E-05 -0.61953508E-05
  0.10300000E+01 -0.89611733E-05 -0.64576999E-05
  0.10400000E+01 -0.91235933E-05 -0.66865694E-05
  0.10500000E+01 -0.93517710E-05 -0.69339625E-05
  0.10600000E+01 -0.96289534E-05 -0.73833936E-05
  0.10700000E+01 -0.98752997E-05 -0.81912083E-05
  0.10800000E+01 -0.10000163E-04 -0.92065833E-05
  0.10900000E+01 -0.10032648E-04 -0.10306495E-04
  0.11000000E+01 -0.99904496E-05 -0.11510192E-04
  0.11100000E+01 -0.98609300E-05 -0.12931136E-04
  0.11200000E+01 -0.94653162E-05 -0.14993158E-04
  0.11300000E+01 -0.79798402E-05 -0.15540559E-04
  0.11400000E+01 -0.64504253E-05 -0.14789235E-04
  0.11500000E+01 -0.74171279E-05 -0.92499141E-05
  0.11600000E+01 -0.82020775E-05 -0.13323259E-04
  0.11700000E+01 -0.79784187E-05 -0.12953166E-04
  0.11800000E+01 -0.77261770E-05 -0.12670892E-04
  0.11900000E+01 -0.77406901E-05 -0.12052149E-04
  0.12000000E+01 -0.79390034E-05 -0.11748070E-04
  0.12100000E+01 -0.81249409E-05 -0.11951819E-04
  0.12200000E+01 -0.82105483E-05 -0.12462473E-04
  0.12300000E+01 -0.81518752E-05 -0.12965221E-04
  0.12400000E+01 -0.80358657E-05 -0.13277926E-04
  0.12500000E+01 -0.79450538E-05 -0.13433520E-04
  0.12600000E+01 -0.78784600E-05 -0.13557197E-04
  0.12700000E+01 -0.78286482E-05 -0.13710624E-04
  0.12800000E+01 -0.77826229E-05 -0.13885204E-04
  0.12900000E+01 -0.77249303E-05 -0.14070274E-04
  0.13000000E+01 -0.76646835E-05 -0.14286026E-04
  0.13100000E+01 -0.76042213E-05 -0.14544272E-04
  0.13200000E+01 -0.75394034E-05 -0.14807737E-04
  0.13300000E+01 -0.74390026E-05 -0.15162614E-04
  0.13400000E+01 -0.72047804E-05 -0.15466551E-04
  0.13500000E+01 -0.70952555E-05 -0.15594468E-04
  0.13600000E+01 -0.70272712E-05 -0.15717582E-04
  0.13700000E+01 -0.69596125E-05 -0.15951134E-04
  0.13800000E+01 -0.68690031E-05 -0.16243185E-04
  0.13900000E+01 -0.67777870E-05 -0.16541307E-04
  0.14000000E+01 -0.66769425E-05 -0.16861687E-04
  0.14100000E+01 -0.65513822E-05 -0.17185363E-04
  0.14200000E+01 -0.64300637E-05 -0.17524386E-04
  0.14300000E+01 -0.62567633E-05 -0.17895308E-04
  0.14400000E+01 -0.63786310E-05 -0.18282542E-04
  0.14500000E+01 -0.56270251E-05 -0.18641988E-04
  0.14600000E+01 -0.55588244E-05 -0.18926173E-04
  0.14700000E+01 -0.50638487E-05 -0.19116244E-04
  0.14800000E+01 -0.51339697E-05 -0.19233243E-04
  0.14900000E+01 -0.49090652E-05 -0.19319411E-04
  0.15000000E+01 -0.47159650E-05 -0.19408131E-04
  0.15100000E+01 -0.45240913E-05 -0.19519533E-04
  0.15200000E+01 -0.43293168E-05 -0.19642684E-04
  0.15300000E+01 -0.41353947E-05 -0.19759302E-04
  0.15400000E+01 -0.39492719E-05 -0.19864497E-04
  0.15500000E+01 -0.38789393E-05 -0.19959053E-04
  0.15600000E+01 -0.30740582E-05 -0.20043470E-04
  0.15700000E+01 -0.33091372E-05 -0.20119905E-04
  0.15800000E+01 -0.31290949E-05 -0.20195287E-04
  0.15900000E+01 -0.29441220E-05 -0.20269515E-04
  0.16000000E+01 -0.27489353E-05 -0.20342251E-04
  0.16100000E+01 -0.25487775E-05 -0.20410057E-04
  0.16200000E+01 -0.23396794E-05 -0.20467607E-04
  0.16300000E+01 -0.21181002E-05 -0.20508080E-04
  0.16400000E+01 -0.18821815E-05 -0.20521327E-04
  0.16500000E+01 -0.16341783E-05 -0.20496709E-04
  0.16600000E+01 -0.13780152E-05 -0.20425144E-04
  0.16700000E+01 -0.11178030E-05 -0.20296388E-04
  0.16800000E+01 -0.85780263E-06 -0.20100079E-04
  0.16900000E+01 -0.60354691E-06 -0.19816700E-04
  0.17000000E+01 -0.37046364E-06 -0.19449558E-04
  0.17100000E+01 -0.16732145E-06 -0.19013254E-04
  0.17200000E+01 -0.19924998E-08 -0.18540951E-04
  0.17300000E+01  0.13313525E-06 -0.18074210E-04
  0.17400000E+01  0.25127565E-06 -0.17636181E-04
  0.17500000E+01  0.36203253E-06 -0.17231102E-04
  0.17600000E+01  0.47072155E-06 -0.16847675E-04
  0.17700000E+01  0.57925955E-06 -0.16464604E-04
  0.17800000E+01  0.68110359E-06 -0.16057930E-04
  0.17900000E+01  0.76235022E-06 -0.15628919E-04
  0.18000000E+01  0.82933194E-06 -0.15245661E-04
  0.18100000E+01  0.89785860E-06 -0.14948570E-04
  0.18200000E+01  0.98635426E-06 -0.14776376E-04
  0.18300000E+01  0.11408973E-05 -0.14720449E-04
  0.18400000E+01  0.14921512E-05 -0.14528596E-04
  0.18500000E+01  0.18845539E-05 -0.12624637E-04
  0.18600000E+01  0.10857960E-05 -0.11069335E-04
  0.18700000E+01  0.39173399E-06 -0.10612743E-04
  0.18800000E+01 -0.22434088E-06 -0.10824733E-04
  0.18900000E+01 -0.67699869E-06 -0.11357491E-04
  0.19000000E+01 -0.10417145E-05 -0.12067361E-04
  0.19100000E+01 -0.11277571E-05 -0.13091057E-04
  0.19200000E+01 -0.10368688E-05 -0.13739319E-04
  0.19300000E+01 -0.95044897E-06 -0.14004762E-04
  0.19400000E+01 -0.89938914E-06 -0.14099814E-04
  0.19500000E+01 -0.87692128E-06 -0.14203864E-04
  0.19600000E+01 -0.86843994E-06 -0.14379179E-04
  0.19700000E+01 -0.86961872E-06 -0.14643429E-04
  0.19800000E+01 -0.76910708E-06 -0.15038150E-04
  0.19900000E+01 -0.66348426E-06 -0.15310626E-04
  0.20000000E+01 -0.54668186E-06 -0.15296203E-04
  0.20100000E+01 -0.49306042E-06 -0.15401801E-04
  0.20200000E+01 -0.45864990E-06 -0.15499657E-04
  0.20300000E+01 -0.43949381E-06 -0.15608981E-04
  0.20400000E+01 -0.43569291E-06 -0.15753292E-04
  0.20500000E+01 -0.44524997E-06 -0.15951280E-04
  0.20600000E+01 -0.46293584E-06 -0.16192933E-04
  0.20700000E+01 -0.49719485E-06 -0.16502764E-04
  0.20800000E+01 -0.53054482E-06 -0.16907745E-04
  0.20900000E+01 -0.52058262E-06 -0.17398828E-04
  0.21000000E+01 -0.53844531E-06 -0.17976366E-04
  0.21100000E+01 -0.51111764E-06 -0.18671913E-04
  0.21200000E+01 -0.44870965E-06 -0.19544169E-04
  0.21300000E+01 -0.32845911E-06 -0.20610653E-04
  0.21400000E+01 -0.75586627E-07 -0.21724821E-04
  0.21500000E+01  0.36898940E-06 -0.22623589E-04
  0.21600000E+01  0.82204122E-06 -0.23281124E-04
  0.21700000E+01  0.12329461E-05 -0.23963710E-04
  0.21800000E+01  0.19583640E-05 -0.24603148E-04
  0.21900000E+01  0.29459721E-05 -0.24576482E-04
  0.22000000E+01  0.37428554E-05 -0.23531810E-04
  0.22100000E+01  0.41740105E-05 -0.21887891E-04
  0.22200000E+01  0.42498212E-05 -0.20347481E-04
  0.22300000E+01  0.37711273E-05 -0.19065118E-04
  0.22400000E+01 -0.17923994E-08 -0.13215166E-04
  0.22500000E+01  0.39307655E-05 -0.32481978E-04
  0.22600000E+01  0.77847114E-05 -0.29396324E-04
  0.22700000E+01  0.60939970E-05 -0.30237758E-04
  0.22800000E+01  0.78275077E-05 -0.25236691E-04
  0.22900000E+01  0.83641007E-05 -0.24714214E-04
  0.23000000E+01  0.11598957E-04 -0.25153404E-04
  0.23100000E+01  0.11766148E-04 -0.21402896E-04
  0.23200000E+01  0.12113539E-04 -0.19780333E-04
  0.23300000E+01  0.12803001E-04 -0.17636475E-04
  0.23400000E+01  0.12789601E-04 -0.15591241E-04
  0.23500000E+01  0.12848916E-04 -0.13461550E-04
  0.23600000E+01  0.12763498E-04 -0.11551152E-04
  0.23700000E+01  0.12580211E-04 -0.99676538E-05
  0.23800000E+01  0.12334520E-04 -0.86408105E-05
  0.23900000E+01  0.12038029E-04 -0.75805327E-05
  0.24000000E+01  0.11727335E-04 -0.67683342E-05
  0.24100000E+01  0.11418776E-04 -0.61733722E-05
  0.24200000E+01  0.11122563E-04 -0.57589922E-05
  0.24300000E+01  0.10845784E-04 -0.54877269E-05
  0.24400000E+01  0.10592722E-04 -0.53270833E-05
  0.24500000E+01  0.10364813E-04 -0.52491265E-05
  0.24600000E+01  0.10160171E-04 -0.52343790E-05
  0.24700000E+01  0.99754821E-05 -0.52747935E-05
  0.24800000E+01  0.98141599E-05 -0.53623222E-05
  0.24900000E+01  0.96779560E-05 -0.54838571E-05
  0.25000000E+01  0.95659648E-05 -0.56308964E-05
  0.25100000E+01  0.94729333E-05 -0.57646544E-05
  0.25200000E+01  0.94021402E-05 -0.59106698E-05
  0.25300000E+01  0.93176478E-05 -0.60478046E-05
  0.25400000E+01  0.92632673E-05 -0.62333131E-05
  0.25500000E+01  0.92283064E-05 -0.63963572E-05
  0.25600000E+01  0.92190341E-05 -0.65591765E-05
  0.25700000E+01  0.92696662E-05 -0.67824656E-05
  0.25800000E+01  0.92054358E-05 -0.63796113E-05
  0.25900000E+01  0.91217601E-05 -0.69108918E-05
  0.26000000E+01  0.91619853E-05 -0.69018439E-05
  0.26100000E+01  0.91759137E-05 -0.70432172E-05
  0.26200000E+01  0.92137077E-05 -0.69508894E-05
  0.26300000E+01  0.92013388E-05 -0.70343932E-05
  0.26400000E+01  0.92066001E-05 -0.70858556E-05
  0.26500000E+01  0.92141658E-05 -0.71173053E-05
  0.26600000E+01  0.92215814E-05 -0.71408970E-05
  0.26700000E+01  0.92293831E-05 -0.71610680E-05
  0.26800000E+01  0.92386334E-05 -0.71800226E-05
  0.26900000E+01  0.92502326E-05 -0.71987851E-05
  0.27000000E+01  0.92648842E-05 -0.72179649E-05
  0.27100000E+01  0.92835811E-05 -0.72375796E-05
  0.27200000E+01  0.93074708E-05 -0.72566271E-05
  0.27300000E+01  0.93377350E-05 -0.72732996E-05
  0.27400000E+01  0.93755446E-05 -0.72852898E-05
  0.27500000E+01  0.94219008E-05 -0.72900423E-05
  0.27600000E+01  0.94773047E-05 -0.72850284E-05
  0.27700000E+01  0.95414186E-05 -0.72678412E-05
  0.27800000E+01  0.96130233E-05 -0.72361969E-05
  0.27900000E+01  0.96904721E-05 -0.71879259E-05
  0.28000000E+01  0.97722235E-05 -0.71209404E-05
  0.28100000E+01  0.98569074E-05 -0.70333009E-05
  0.28200000E+01  0.99429602E-05 -0.69234607E-05
  0.28300000E+01  0.10028497E-04 -0.67906170E-05
  0.28400000E+01  0.10111601E-04 -0.66349494E-05
  0.28500000E+01  0.10190471E-04 -0.64575319E-05
  0.28600000E+01  0.10263416E-04 -0.62599247E-05
  0.28700000E+01  0.10329229E-04 -0.60436442E-05
  0.28800000E+01  0.10387343E-04 -0.58094978E-05
  0.28900000E+01  0.10436848E-04 -0.55568309E-05
  0.29000000E+01  0.10475286E-04 -0.52844954E-05
  0.29100000E+01  0.10498276E-04 -0.49965893E-05
  0.29200000E+01  0.10499950E-04 -0.47101891E-05
  0.29300000E+01  0.10477185E-04 -0.44536637E-05
  0.29400000E+01  0.10439719E-04 -0.42510011E-05
  0.29500000E+01  0.10404436E-04 -0.41069270E-05
  0.29600000E+01  0.10379747E-04 -0.40082208E-05
  0.29700000E+01  0.10365972E-04 -0.39371619E-05
  0.29800000E+01  0.10359734E-04 -0.38834987E-05
  0.29900000E+01  0.10360368E-04 -0.38468506E-05
  0.30000000E+01  0.10371864E-04 -0.38303387E-05
  0.30100000E+01  0.10400168E-04 -0.38306811E-05
  0.30200000E+01  0.10447144E-04 -0.38347582E-05
  0.30300000E+01  0.10505068E-04 -0.38295822E-05
  0.30400000E+01  0.10561582E-04 -0.38167819E-05
  0.30500000E+01  0.10612192E-04 -0.38215551E-05
  0.30600000E+01  0.10667455E-04 -0.38656601E-05
  0.30700000E+01  0.10742866E-04 -0.39320725E-05
  0.30800000E+01  0.10833355E-04 -0.40122562E-05
  0.30900000E+01  0.10936728E-04 -0.41187958E-05
  0.31000000E+01  0.11063479E-04 -0.42668094E-05
  0.31100000E+01  0.11237001E-04 -0.44145732E-05
  0.31200000E+01  0.11459455E-04 -0.44463362E-05
  0.31300000E+01  0.11684991E-04 -0.43203404E-05
  0.31400000E+01  0.11887414E-04 -0.41057456E-05
  0.31500000E+01  0.12070100E-04 -0.38476544E-05
  0.31600000E+01  0.12238107E-04 -0.35612855E-05
  0.31700000E+01  0.12394874E-04 -0.32552845E-05
  0.31800000E+01  0.12543104E-04 -0.29296312E-05
  0.31900000E+01  0.12683204E-04 -0.25829885E-05
  0.32000000E+01  0.12816866E-04 -0.22153544E-05
  0.32100000E+01  0.12944181E-04 -0.18272540E-05
  0.32200000E+01  0.13065484E-04 -0.14187430E-05
  0.32300000E+01  0.13181889E-04 -0.98902290E-06
  0.32400000E+01  0.13292460E-04 -0.53627081E-06
  0.32500000E+01  0.13398139E-04 -0.57521592E-07
  0.32600000E+01  0.13498652E-04  0.45140180E-06
  0.32700000E+01  0.13594218E-04  0.99601866E-06
  0.32800000E+01  0.13683986E-04  0.15831981E-05
  0.32900000E+01  0.13766350E-04  0.22210111E-05
  0.33000000E+01  0.13839045E-04  0.29119551E-05
  0.33100000E+01  0.13898157E-04  0.36811853E-05
  0.33200000E+01  0.13919803E-04  0.45779066E-05
  0.33300000E+01  0.13883275E-04  0.53675033E-05
  0.33400000E+01  0.13926352E-04  0.61590070E-05
  0.33500000E+01  0.13993367E-04  0.73731053E-05
  0.33600000E+01  0.14052256E-04  0.89316269E-05
  0.33700000E+01  0.14207601E-04  0.10777645E-04
  0.33800000E+01  0.14389181E-04  0.16612593E-04
  0.33900000E+01  0.89836627E-05  0.24752543E-04
  0.34000000E+01  0.72466113E-05  0.18875748E-04
  0.34100000E+01  0.66088323E-05  0.17522102E-04
  0.34200000E+01  0.60251786E-05  0.15718269E-04
  0.34300000E+01  0.56394610E-05  0.14515387E-04
  0.34400000E+01  0.53412281E-05  0.13751038E-04
  0.34500000E+01  0.50952148E-05  0.13131405E-04
  0.34600000E+01  0.48843343E-05  0.12586248E-04
  0.34700000E+01  0.47027902E-05  0.12112972E-04
  0.34800000E+01  0.45467505E-05  0.11700204E-04
  0.34900000E+01  0.44114002E-05  0.11332945E-04
  0.35000000E+01  0.42980909E-05  0.11001747E-04
  0.35100000E+01  0.42021450E-05  0.10702939E-04
  0.35200000E+01  0.41231470E-05  0.10435604E-04
  0.35300000E+01  0.40612347E-05  0.10199794E-04
  0.35400000E+01  0.40130004E-05  0.99965008E-05
  0.35500000E+01  0.39779733E-05  0.98284108E-05
  0.35600000E+01  0.39560638E-05  0.97004572E-05
  0.35700000E+01  0.39427567E-05  0.96195759E-05
  0.35800000E+01  0.39362856E-05  0.95933363E-05
  0.35900000E+01  0.39327141E-05  0.96277872E-05
  0.36000000E+01  0.39252203E-05  0.97252629E-05
  0.36100000E+01  0.39060685E-05  0.98831937E-05
  0.36200000E+01  0.38680162E-05  0.10093562E-04
  0.36300000E+01  0.38049183E-05  0.10343582E-04
  0.36400000E+01  0.37129319E-05  0.10617863E-04
  0.36500000E+01  0.35923911E-05  0.10900711E-04
  0.36600000E+01  0.34442120E-05  0.11178737E-04
  0.36700000E+01  0.32710462E-05  0.11442596E-04
  0.36800000E+01  0.30768383E-05  0.11686919E-04
  0.36900000E+01  0.28665679E-05  0.11908787E-04
  0.37000000E+01  0.26444532E-05  0.12105923E-04
  0.37100000E+01  0.24122834E-05  0.12275612E-04
  0.37200000E+01  0.21698158E-05  0.12414569E-04
  0.37300000E+01  0.19161146E-05  0.12519241E-04
  0.37400000E+01  0.16508943E-05  0.12586033E-04
  0.37500000E+01  0.13754416E-05  0.12611354E-04
  0.37600000E+01  0.10927536E-05  0.12591769E-04
  0.37700000E+01  0.80695175E-06  0.12524502E-04
  0.37800000E+01  0.52246770E-06  0.12408281E-04
  0.37900000E+01  0.24343826E-06  0.12244316E-04
  0.38000000E+01 -0.27115583E-07  0.12037169E-04
  0.38100000E+01 -0.28756900E-06  0.11794972E-04
  0.38200000E+01 -0.53811438E-06  0.11526276E-04
  0.38300000E+01 -0.77601673E-06  0.11234539E-04
  0.38400000E+01 -0.10076365E-05  0.10938813E-04
  0.38500000E+01 -0.12483021E-05  0.10665139E-04
  0.38600000E+01 -0.15520218E-05  0.10226165E-04
  0.38700000E+01 -0.17469042E-05  0.96855874E-05
  0.38800000E+01 -0.18991913E-05  0.91236146E-05
  0.38900000E+01 -0.19315091E-05  0.86896467E-05
  0.39000000E+01 -0.19678709E-05  0.83028089E-05
  0.39100000E+01 -0.21021549E-05  0.83313736E-05
  0.39200000E+01 -0.23154596E-05  0.88789275E-05
  0.39300000E+01 -0.27686878E-05  0.80678630E-05
  0.39400000E+01 -0.28217139E-05  0.77106718E-05
  0.39500000E+01 -0.29873006E-05  0.72897354E-05
  0.39600000E+01 -0.31189630E-05  0.68140256E-05
  0.39700000E+01 -0.32284256E-05  0.63085059E-05
  0.39800000E+01 -0.30975876E-05  0.57409400E-05
  0.39900000E+01 -0.32852931E-05  0.59060147E-05
  0.40000000E+01 -0.34617554E-05  0.50883214E-05
  0.40100000E+01 -0.31289625E-05  0.54147969E-05
  0.40200000E+01 -0.33956847E-05  0.53525434E-05
  0.40300000E+01 -0.36164720E-05  0.49901509E-05
  0.40400000E+01 -0.37866291E-05  0.45740228E-05
  0.40500000E+01 -0.38503291E-05  0.41382671E-05
  0.40600000E+01 -0.39311474E-05  0.36814691E-05
  0.40700000E+01 -0.39188028E-05  0.31518584E-05
  0.40800000E+01 -0.44055451E-05  0.25448979E-05
  0.40900000E+01 -0.41641331E-05  0.19378895E-05
  0.41000000E+01 -0.40561815E-05  0.14093759E-05
  0.41100000E+01 -0.39473520E-05  0.98547814E-06
  0.41200000E+01 -0.38369309E-05  0.65741988E-06
  0.41300000E+01 -0.37283199E-05  0.40968774E-06
  0.41400000E+01 -0.36247884E-05  0.22735582E-06
  0.41500000E+01 -0.35314353E-05  0.89783658E-07
  0.41600000E+01 -0.34563319E-05 -0.51224714E-07
  0.41700000E+01 -0.33957404E-05 -0.37004800E-06
  0.41800000E+01 -0.30948811E-05 -0.58822328E-06
  0.41900000E+01 -0.29044654E-05 -0.49269624E-06
  0.42000000E+01 -0.27919168E-05 -0.44011298E-06
  0.42100000E+01 -0.26925417E-05 -0.43358350E-06
  0.42200000E+01 -0.25972960E-05 -0.43455139E-06
  0.42300000E+01 -0.25046203E-05 -0.43524763E-06
  0.42400000E+01 -0.24141778E-05 -0.43331020E-06
  0.42500000E+01 -0.23267886E-05 -0.42848020E-06
  0.42600000E+01 -0.22431140E-05 -0.42156225E-06
  0.42700000E+01 -0.21631013E-05 -0.41392138E-06
  0.42800000E+01 -0.20863299E-05 -0.40689864E-06
  0.42900000E+01 -0.20120624E-05 -0.40105498E-06
  0.43000000E+01 -0.19398800E-05 -0.39600893E-06
  0.43100000E+01 -0.18694650E-05 -0.39093552E-06
  0.43200000E+01 -0.18006787E-05 -0.38501814E-06
  0.43300000E+01 -0.17335155E-05 -0.37749317E-06
  0.43400000E+01 -0.16680903E-05 -0.36771563E-06
  0.43500000E+01 -0.16045939E-05 -0.35521073E-06
  0.43600000E+01 -0.15432172E-05 -0.33971840E-06
  0.43700000E+01 -0.14840962E-05 -0.32125271E-06
  0.43800000E+01 -0.14273219E-05 -0.30011512E-06
  0.43900000E+01 -0.13729574E-05 -0.27662694E-06
  0.44000000E+01 -0.13209951E-05 -0.25068110E-06
  0.44100000E+01 -0.12713012E-05 -0.22244190E-06
  0.44200000E+01 -0.12228126E-05 -0.19074331E-06
  0.44300000E+01 -0.11761045E-05 -0.14628169E-06
  0.44400000E+01 -0.11345665E-05 -0.76108793E-07
  0.44500000E+01 -0.11096094E-05 -0.41325545E-07
  0.44600000E+01 -0.10808872E-05 -0.44980399E-08
  0.44700000E+01 -0.10532640E-05  0.28035342E-07
  0.44800000E+01 -0.10266716E-05  0.59149967E-07
  0.44900000E+01 -0.10005900E-05  0.88843273E-07
  0.45000000E+01 -0.97581588E-06  0.12079700E-06
  0.45100000E+01 -0.95260623E-06  0.15278961E-06
  0.45200000E+01 -0.93092423E-06  0.18564241E-06
  0.45300000E+01 -0.91065962E-06  0.21963838E-06
  0.45400000E+01 -0.89166458E-06  0.25538988E-06
  0.45500000E+01 -0.87380425E-06  0.29380551E-06
  0.45600000E+01 -0.85697419E-06  0.33596776E-06
  0.45700000E+01 -0.84114982E-06  0.38309288E-06
  0.45800000E+01 -0.82645862E-06  0.43649150E-06
  0.45900000E+01 -0.81319605E-06  0.49751484E-06
  0.46000000E+01 -0.80193683E-06  0.56743935E-06
  0.46100000E+01 -0.79363432E-06  0.64708971E-06
  0.46200000E+01 -0.78968375E-06  0.73609184E-06
  0.46300000E+01 -0.79194758E-06  0.83207899E-06
  0.46400000E+01 -0.80210224E-06  0.93005862E-06
  0.46500000E+01 -0.82060480E-06  0.10232350E-05
  0.46600000E+01 -0.84963472E-06  0.10855170E-05
  0.46700000E+01 -0.86007039E-06  0.11883343E-05
  0.46800000E+01 -0.89034730E-06  0.12689681E-05
  0.46900000E+01 -0.93764615E-06  0.13644011E-05
  0.47000000E+01 -0.99001649E-06  0.13868297E-05
  0.47100000E+01 -0.10243509E-05  0.14148233E-05
  0.47200000E+01 -0.10603824E-05  0.14595879E-05
  0.47300000E+01 -0.10995993E-05  0.14998599E-05
  0.47400000E+01 -0.11413205E-05  0.15323231E-05
  0.47500000E+01 -0.11849378E-05  0.15559414E-05
  0.47600000E+01 -0.12298626E-05  0.15703137E-05
  0.47700000E+01 -0.12754363E-05  0.15754139E-05
  0.47800000E+01 -0.13209484E-05  0.15714919E-05
  0.47900000E+01 -0.13658187E-05  0.15590871E-05
  0.48000000E+01 -0.14097584E-05  0.15390685E-05
  0.48100000E+01 -0.14528966E-05  0.15121187E-05
  0.48200000E+01 -0.14944372E-05  0.14775811E-05
  0.48300000E+01 -0.15338660E-05  0.14393940E-05
  0.48400000E+01 -0.15716072E-05  0.13982346E-05
  0.48500000E+01 -0.16077600E-05  0.13544787E-05
  0.48600000E+01 -0.16425096E-05  0.13083928E-05
  0.48700000E+01 -0.16760412E-05  0.12599028E-05
  0.48800000E+01 -0.17083966E-05  0.12088436E-05
  0.48900000E+01 -0.17393885E-05  0.11552051E-05
  0.49000000E+01 -0.17686766E-05  0.10992841E-05
  0.49100000E+01 -0.17959795E-05  0.10416697E-05
  0.49200000E+01 -0.18212741E-05  0.98306062E-06
  0.49300000E+01 -0.18448439E-05  0.92402263E-06
  0.49400000E+01 -0.18671130E-05  0.86483009E-06
  0.49500000E+01 -0.18884606E-05  0.80546500E-06
  0.49600000E+01 -0.19091782E-05  0.74572914E-06
  0.49700000E+01 -0.19294064E-05  0.68536399E-06
  0.49800000E+01 -0.19492129E-05  0.62409931E-06
  0.49900000E+01 -0.19687245E-05  0.56163268E-06
  0.50000000E+01 -0.19880456E-05  0.49761186E-06
  0.50100000E+01 -0.20070328E-05  0.43166709E-06
  0.50200000E+01 -0.20253692E-05  0.36343188E-06
  0.50300000E+01 -0.20428974E-05  0.29248673E-06
  0.50400000E+01 -0.20596225E-05  0.21836823E-06
  0.50500000E+01 -0.20756230E-05  0.14081025E-06
  0.50600000E+01 -0.20906982E-05  0.59864865E-07
  0.50700000E+01 -0.21043889E-05 -0.24496115E-07
  0.50800000E+01 -0.21165378E-05 -0.11263912E-06
  0.50900000E+01 -0.21265960E-05 -0.20478856E-06
  0.51000000E+01 -0.21339696E-05 -0.30042117E-06
  0.51100000E+01 -0.21381649E-05 -0.39777261E-06
  0.51200000E+01 -0.21399414E-05 -0.49432798E-06
  0.51300000E+01 -0.21397163E-05 -0.59129843E-06
  0.51400000E+01 -0.21375015E-05 -0.68929479E-06
  0.51500000E+01 -0.21332659E-05 -0.78826665E-06
  0.51600000E+01 -0.21269836E-05 -0.88798377E-06
  0.51700000E+01 -0.21186373E-05 -0.98820036E-06
  0.51800000E+01 -0.21082200E-05 -0.10886868E-05
  0.51900000E+01 -0.20957266E-05 -0.11892273E-05
  0.52000000E+01 -0.20811475E-05 -0.12896241E-05
  0.52100000E+01 -0.20644662E-05 -0.13897270E-05
  0.52200000E+01 -0.20456615E-05 -0.14894931E-05
  0.52300000E+01 -0.20247115E-05 -0.15890599E-05
  0.52400000E+01 -0.20015798E-05 -0.16888058E-05
  0.52500000E+01 -0.19761363E-05 -0.17893795E-05
  0.52600000E+01 -0.19478821E-05 -0.18916958E-05
  0.52700000E+01 -0.19150967E-05 -0.19968041E-05
  0.52800000E+01 -0.18705758E-05 -0.21052971E-05
  0.52900000E+01 -0.16229138E-05 -0.22160386E-05
  0.53000000E+01 -0.18669914E-05 -0.23253527E-05
  0.53100000E+01 -0.18011849E-05 -0.24289852E-05
  0.53200000E+01 -0.17489216E-05 -0.25260725E-05
  0.53300000E+01 -0.16956915E-05 -0.26197581E-05
  0.53400000E+01 -0.16475203E-05 -0.27130232E-05
  0.53500000E+01 -0.15949223E-05 -0.28058374E-05
  0.53600000E+01 -0.15396644E-05 -0.28966180E-05
  0.53700000E+01 -0.14818357E-05 -0.29842150E-05
  0.53800000E+01 -0.14215638E-05 -0.30680926E-05
  0.53900000E+01 -0.13590048E-05 -0.31478999E-05
  0.54000000E+01 -0.12943287E-05 -0.32233614E-05
  0.54100000E+01 -0.12277119E-05 -0.32943661E-05
  0.54200000E+01 -0.11593346E-05 -0.33610987E-05
  0.54300000E+01 -0.10893901E-05 -0.34241818E-05
  0.54400000E+01 -0.10180918E-05 -0.34847177E-05
  0.54500000E+01 -0.94564467E-06 -0.35440394E-05
  0.54600000E+01 -0.87211591E-06 -0.36030882E-05
  0.54700000E+01 -0.79708137E-06 -0.36616021E-05
  0.54800000E+01 -0.71922444E-06 -0.37175597E-05
  0.54900000E+01 -0.63682121E-06 -0.37673338E-05
  0.55000000E+01 -0.54959540E-06 -0.38066526E-05
  0.55100000E+01 -0.45953389E-06 -0.38319639E-05
  0.55200000E+01 -0.36933054E-06 -0.38415260E-05
  0.55300000E+01 -0.28109985E-06 -0.38357378E-05
  0.55400000E+01 -0.19623052E-06 -0.38167014E-05
  0.55500000E+01 -0.11541648E-06 -0.37873982E-05
  0.55600000E+01 -0.38791282E-07 -0.37509202E-05
  0.55700000E+01  0.33786272E-07 -0.37099958E-05
  0.55800000E+01  0.10256469E-06 -0.36668371E-05
  0.55900000E+01  0.16793478E-06 -0.36232570E-05
  0.56000000E+01  0.23053255E-06 -0.35805969E-05
  0.56100000E+01  0.29170485E-06 -0.35376395E-05
  0.56200000E+01  0.35047788E-06 -0.34908539E-05
  0.56300000E+01  0.40611480E-06 -0.34435152E-05
  0.56400000E+01  0.45942843E-06 -0.33962816E-05
  0.56500000E+01  0.51068608E-06 -0.33486279E-05
  0.56600000E+01  0.56003431E-06 -0.33002069E-05
  0.56700000E+01  0.60759271E-06 -0.32508729E-05
  0.56800000E+01  0.65344927E-06 -0.32005569E-05
  0.56900000E+01  0.69766621E-06 -0.31491564E-05
  0.57000000E+01  0.74028543E-06 -0.30965417E-05
  0.57100000E+01  0.78133478E-06 -0.30425884E-05
  0.57200000E+01  0.82082546E-06 -0.29871971E-05
  0.57300000E+01  0.85875565E-06 -0.29303002E-05
  0.57400000E+01  0.89511502E-06 -0.28718635E-05
  0.57500000E+01  0.92989108E-06 -0.28118834E-05
  0.57600000E+01  0.96307353E-06 -0.27503851E-05
  0.57700000E+01  0.99465615E-06 -0.26874211E-05
  0.57800000E+01  0.10246353E-05 -0.26230701E-05
  0.57900000E+01  0.10530060E-05 -0.25574352E-05
  0.58000000E+01  0.10797594E-05 -0.24906419E-05
  0.58100000E+01  0.11048822E-05 -0.24228360E-05
  0.58200000E+01  0.11283590E-05 -0.23541807E-05
  0.58300000E+01  0.11501712E-05 -0.22848542E-05
  0.58400000E+01  0.11702996E-05 -0.22150465E-05
  0.58500000E+01  0.11887229E-05 -0.21449573E-05
  0.58600000E+01  0.12054190E-05 -0.20747927E-05
  0.58700000E+01  0.12203662E-05 -0.20047633E-05
  0.58800000E+01  0.12335426E-05 -0.19350815E-05
  0.58900000E+01  0.12449325E-05 -0.18659590E-05
  0.59000000E+01  0.12545275E-05 -0.17976052E-05
  0.59100000E+01  0.12623321E-05 -0.17302248E-05
  0.59200000E+01  0.12683653E-05 -0.16640163E-05
  0.59300000E+01  0.12726639E-05 -0.15991703E-05
  0.59400000E+01  0.12752829E-05 -0.15358676E-05
  0.59500000E+01  0.12762928E-05 -0.14742778E-05
  0.59600000E+01  0.12757785E-05 -0.14145584E-05
  0.59700000E+01  0.12738360E-05 -0.13568524E-05
  0.59800000E+01  0.12705686E-05 -0.13012880E-05
  0.59900000E+01  0.12660844E-05 -0.12479771E-05
  0.60000000E+01  0.12604939E-05 -0.11970142E-05
  0.60100000E+01  0.12539079E-05 -0.11484759E-05
  0.60200000E+01  0.12464357E-05 -0.11024207E-05
  0.60300000E+01  0.12381841E-05 -0.10588879E-05
  0.60400000E+01  0.12292571E-05 -0.10178985E-05
  0.60500000E+01  0.12197539E-05 -0.97945506E-06
  0.60600000E+01  0.12097692E-05 -0.94354220E-06
  0.60700000E+01  0.11993916E-05 -0.91012759E-06
  0.60800000E+01  0.11887048E-05 -0.87916295E-06
  0.60900000E+01  0.11777855E-05 -0.85058528E-06
  0.61000000E+01  0.11667040E-05 -0.82431838E-06
  0.61100000E+01  0.11555239E-05 -0.80027440E-06
  0.61200000E+01  0.11443016E-05 -0.77835567E-06
  0.61300000E+01  0.11330870E-05 -0.75845642E-06
  0.61400000E+01  0.11219223E-05 -0.74046468E-06
  0.61500000E+01  0.11108441E-05 -0.72426411E-06
  0.61600000E+01  0.10998829E-05 -0.70973574E-06
  0.61700000E+01  0.10890636E-05 -0.69675972E-06
  0.61800000E+01  0.10784064E-05 -0.68521684E-06
  0.61900000E+01  0.10679264E-05 -0.67498994E-06
  0.62000000E+01  0.10576344E-05 -0.66596515E-06
  0.62100000E+01  0.10475364E-05 -0.65803292E-06
  0.62200000E+01  0.10376333E-05 -0.65108886E-06
  0.62300000E+01  0.10279217E-05 -0.64503442E-06
  0.62400000E+01  0.10183939E-05 -0.63977736E-06
  0.62500000E+01  0.10090388E-05 -0.63523206E-06
  0.62600000E+01  0.99984411E-06 -0.63131975E-06
  0.62700000E+01  0.99079693E-06 -0.62796854E-06
  0.62800000E+01  0.98188565E-06 -0.62511349E-06
  0.62900000E+01  0.97310076E-06 -0.62269651E-06
  0.63000000E+01  0.96443522E-06 -0.62066632E-06
  0.63100000E+01  0.95588378E-06 -0.61897834E-06
  0.63200000E+01  0.94744210E-06 -0.61759470E-06
  0.63300000E+01  0.93910565E-06 -0.61648410E-06
  0.63400000E+01  0.93086842E-06 -0.61562186E-06
  0.63500000E+01  0.92272275E-06 -0.61498995E-06
  0.63600000E+01  0.91465898E-06 -0.61457701E-06
  0.63700000E+01  0.90666668E-06 -0.61437846E-06
  0.63800000E+01  0.89873555E-06 -0.61439666E-06
  0.63900000E+01  0.89085647E-06 -0.61464110E-06
  0.64000000E+01  0.88302257E-06 -0.61512869E-06
  0.64100000E+01  0.87522898E-06 -0.61588407E-06
  0.64200000E+01  0.86747337E-06 -0.61694012E-06
  0.64300000E+01  0.85975534E-06 -0.61833848E-06
  0.64400000E+01  0.85207642E-06 -0.62013029E-06
  0.64500000E+01  0.84444089E-06 -0.62237688E-06
  0.64600000E+01  0.83685637E-06 -0.62515059E-06
  0.64700000E+01  0.82933439E-06 -0.62853540E-06
  0.64800000E+01  0.82189128E-06 -0.63262739E-06
  0.64900000E+01  0.81454802E-06 -0.63753473E-06
  0.65000000E+01  0.80732998E-06 -0.64337690E-06
  0.65100000E+01  0.80026628E-06 -0.65028303E-06
  0.65200000E+01  0.79339018E-06 -0.65838897E-06
  0.65300000E+01  0.78673964E-06 -0.66783289E-06
  0.65400000E+01  0.78035968E-06 -0.67874929E-06
  0.65500000E+01  0.77430455E-06 -0.69126156E-06
  0.65600000E+01  0.76864062E-06 -0.70547302E-06
  0.65700000E+01  0.76344832E-06 -0.72145710E-06
  0.65800000E+01  0.75882309E-06 -0.73924726E-06
  0.65900000E+01  0.75487502E-06 -0.75882728E-06
  0.66000000E+01  0.75172721E-06 -0.78012313E-06
  0.66100000E+01  0.74951350E-06 -0.80299725E-06
  0.66200000E+01  0.74837481E-06 -0.82724624E-06
  0.66300000E+01  0.74845492E-06 -0.85260263E-06
  0.66400000E+01  0.74989448E-06 -0.87874118E-06
  0.66500000E+01  0.75282246E-06 -0.90528970E-06
  0.66600000E+01  0.75734354E-06 -0.93184386E-06
  0.66700000E+01  0.76352111E-06 -0.95798513E-06
  0.66800000E+01  0.77135667E-06 -0.98330046E-06
  0.66900000E+01  0.78077091E-06 -0.10074022E-05
  0.67000000E+01  0.79159448E-06 -0.10299465E-05
  0.67100000E+01  0.80357681E-06 -0.10506484E-05
  0.67200000E+01  0.81641771E-06 -0.10692928E-05
  0.67300000E+01  0.82981723E-06 -0.10857392E-05
  0.67400000E+01  0.84353058E-06 -0.10999215E-05
  0.67500000E+01  0.85741001E-06 -0.11118408E-05
  0.67600000E+01  0.87142046E-06 -0.11215537E-05
  0.67700000E+01  0.88562440E-06 -0.11291564E-05
  0.67800000E+01  0.90014241E-06 -0.11347669E-05
  0.67900000E+01  0.91510278E-06 -0.11385067E-05
  0.68000000E+01  0.93059578E-06 -0.11404842E-05
  0.68100000E+01  0.94664613E-06 -0.11407832E-05
  0.68200000E+01  0.96321136E-06 -0.11394552E-05
  0.68300000E+01  0.98020487E-06 -0.11365202E-05
  0.68400000E+01  0.99753198E-06 -0.11319714E-05
  0.68500000E+01  0.10151209E-05 -0.11257865E-05
  0.68600000E+01  0.10329302E-05 -0.11179402E-05
  0.68700000E+01  0.10509271E-05 -0.11084177E-05
  0.68800000E+01  0.10690470E-05 -0.10972234E-05
  0.68900000E+01  0.10871604E-05 -0.10843860E-05
  0.69000000E+01  0.11050713E-05 -0.10699569E-05
  0.69100000E+01  0.11225565E-05 -0.10540042E-05
  0.69200000E+01  0.11394259E-05 -0.10366044E-05
  0.69300000E+01  0.11555727E-05 -0.10178340E-05
  0.69400000E+01  0.11709892E-05 -0.99776432E-06
  0.69500000E+01  0.11857433E-05 -0.97645908E-06
  0.69600000E+01  0.11999306E-05 -0.95397634E-06
  0.69700000E+01  0.12136157E-05 -0.93037161E-06
  0.69800000E+01  0.12267760E-05 -0.90569903E-06
  0.69900000E+01  0.12392681E-05 -0.88000512E-06
  0.70000000E+01  0.12508563E-05 -0.85330961E-06
