  0.00000000E+00 -0.47471769E-03 -0.20838451E-12
  0.10000000E-01 -0.91696081E-04  0.11986213E-03
  0.20000000E-01 -0.88108529E-03  0.34387168E-03
  0.30000000E-01 -0.91177107E-03 -0.57047458E-03
  0.40000000E-01  0.33251950E-03 -0.24119961E-03
  0.50000000E-01  0.83913088E-03  0.19925086E-03
  0.60000000E-01 -0.13947939E-02  0.63436815E-03
  0.70000000E-01 -0.60816950E-03 -0.11309557E-02
  0.80000000E-01  0.75520150E-03 -0.47525070E-03
  0.90000000E-01  0.13973379E-03 -0.24993799E-03
  0.10000000E+00  0.12195762E-03 -0.16572607E-03
  0.11000000E+00  0.99176119E-04 -0.12194869E-03
  0.12000000E+00  0.52046308E-04 -0.96987756E-04
  0.13000000E+00  0.22614956E-05 -0.82585848E-04
  0.14000000E+00 -0.38470605E-04 -0.71791510E-04
  0.15000000E+00 -0.67540326E-04 -0.63229840E-04
  0.16000000E+00 -0.85300823E-04 -0.56494385E-04
  0.17000000E+00 -0.93778721E-04 -0.51087963E-04
  0.18000000E+00 -0.95957783E-04 -0.46656047E-04
  0.19000000E+00 -0.94487384E-04 -0.42985411E-04
  0.20000000E+00 -0.91195397E-04 -0.39929754E-04
  0.21000000E+00 -0.87186303E-04 -0.37375452E-04
  0.22000000E+00 -0.83054844E-04 -0.35230675E-04
  0.23000000E+00 -0.79059552E-04 -0.33418688E-04
  0.24000000E+00 -0.75238554E-04 -0.31870967E-04
  0.25000000E+00 -0.71486713E-04 -0.30519514E-04
  0.26000000E+00 -0.67616804E-04 -0.29288158E-04
  0.27000000E+00 -0.63418025E-04 -0.28084574E-04
  0.28000000E+00 -0.58714150E-04 -0.26794468E-04
  0.29000000E+00 -0.53416632E-04 -0.25279676E-04
  0.30000000E+00 -0.47564654E-04 -0.23386819E-04
  0.31000000E+00 -0.41342954E-04 -0.20974249E-04
  0.32000000E+00 -0.35069136E-04 -0.17948662E-04
  0.33000000E+00 -0.29146267E-04 -0.14279599E-04
  0.34000000E+00 -0.23984461E-04 -0.99861614E-05
  0.35000000E+00 -0.19905718E-04 -0.51543760E-05
  0.36000000E+00 -0.17055783E-04  0.58316647E-08
  0.37000000E+00 -0.15350524E-04  0.51804739E-05
  0.38000000E+00 -0.14478624E-04  0.10109934E-04
  0.39000000E+00 -0.13967998E-04  0.14748133E-04
  0.40000000E+00 -0.13305718E-04  0.19249954E-04
  0.41000000E+00 -0.12087250E-04  0.23797488E-04
  0.42000000E+00 -0.10164476E-04  0.28434170E-04
  0.43000000E+00 -0.77613968E-05  0.33065554E-04
  0.44000000E+00 -0.55274319E-05  0.37622643E-04
  0.45000000E+00 -0.44994182E-05  0.42208453E-04
  0.46000000E+00 -0.59501940E-05  0.47058895E-04
  0.47000000E+00 -0.11122218E-04  0.52326435E-04
  0.48000000E+00 -0.20882089E-04  0.57841838E-04
  0.49000000E+00 -0.35376374E-04  0.63027828E-04
  0.50000000E+00 -0.53799661E-04  0.67018450E-04
  0.51000000E+00 -0.74379564E-04  0.68876409E-04
  0.52000000E+00 -0.94631145E-04  0.67818151E-04
  0.53000000E+00 -0.11184702E-03  0.63516221E-04
  0.54000000E+00 -0.12370147E-03  0.56484569E-04
  0.55000000E+00 -0.12879482E-03  0.48210425E-04
  0.56000000E+00 -0.12697317E-03  0.40646494E-04
  0.57000000E+00 -0.11932849E-03  0.35291915E-04
  0.58000000E+00 -0.10788818E-03  0.32614646E-04
  0.59000000E+00 -0.95100983E-04  0.32187512E-04
  0.60000000E+00 -0.83280381E-04  0.33213672E-04
  0.61000000E+00 -0.74161353E-04  0.34974453E-04
  0.62000000E+00 -0.68669534E-04  0.37010983E-04
  0.63000000E+00 -0.66921735E-04  0.39093021E-04
  0.64000000E+00 -0.68407064E-04  0.41111095E-04
  0.65000000E+00 -0.72261186E-04  0.42997151E-04
  0.66000000E+00 -0.77543029E-04  0.44700479E-04
  0.67000000E+00 -0.83439777E-04  0.46192658E-04
  0.68000000E+00 -0.89361580E-04  0.47465475E-04
  0.69000000E+00 -0.94943498E-04  0.48524328E-04
  0.70000000E+00 -0.10000836E-03  0.49396093E-04
  0.71000000E+00 -0.10452318E-03  0.50112528E-04
  0.72000000E+00 -0.10854850E-03  0.50690979E-04
  0.73000000E+00 -0.11218506E-03  0.51135974E-04
  0.74000000E+00 -0.11553550E-03  0.51450465E-04
  0.75000000E+00 -0.11868618E-03  0.51641271E-04
  0.76000000E+00 -0.12170010E-03  0.51717199E-04
  0.77000000E+00 -0.12461646E-03  0.51688828E-04
  0.78000000E+00 -0.12745687E-03  0.51567042E-04
  0.79000000E+00 -0.13023501E-03  0.51361227E-04
  0.80000000E+00 -0.13296355E-03  0.51078874E-04
  0.81000000E+00 -0.13565559E-03  0.50724532E-04
  0.82000000E+00 -0.13832261E-03  0.50300171E-04
  0.83000000E+00 -0.14097005E-03  0.49811110E-04
  0.84000000E+00 -0.14359110E-03  0.49264517E-04
  0.85000000E+00 -0.14616235E-03  0.48659118E-04
  0.86000000E+00 -0.14864989E-03  0.47987864E-04
  0.87000000E+00 -0.15102704E-03  0.47257769E-04
  0.88000000E+00 -0.15328829E-03  0.46486922E-04
  0.89000000E+00 -0.15544175E-03  0.45674507E-04
  0.90000000E+00 -0.15748457E-03  0.44807948E-04
  0.91000000E+00 -0.15938609E-03  0.43884630E-04
  0.92000000E+00 -0.16109553E-03  0.42916328E-04
  0.93000000E+00 -0.16256789E-03  0.41926444E-04
  0.94000000E+00 -0.16379095E-03  0.40945924E-04
  0.95000000E+00 -0.16480207E-03  0.40007716E-04
  0.96000000E+00 -0.16569117E-03  0.39141397E-04
  0.97000000E+00 -0.16658631E-03  0.38366203E-04
  0.98000000E+00 -0.16761775E-03  0.37674818E-04
  0.99000000E+00 -0.16886408E-03  0.37019628E-04
  0.10000000E+01 -0.17030328E-03  0.36331968E-04
  0.10100000E+01 -0.17180702E-03  0.35561791E-04
  0.10200000E+01 -0.17320383E-03  0.34709319E-04
  0.10300000E+01 -0.17438691E-03  0.33853053E-04
  0.10400000E+01 -0.17539204E-03  0.33104659E-04
  0.10500000E+01 -0.17639644E-03  0.32502011E-04
  0.10600000E+01 -0.17765338E-03  0.31990165E-04
  0.10700000E+01 -0.17913025E-03  0.31500856E-04
  0.10800000E+01 -0.18111431E-03  0.31120977E-04
  0.10900000E+01 -0.18400717E-03  0.30730034E-04
  0.11000000E+01 -0.18805566E-03  0.30204096E-04
  0.11100000E+01 -0.19380832E-03  0.29295697E-04
  0.11200000E+01 -0.20239355E-03  0.27305538E-04
  0.11300000E+01 -0.20470481E-03  0.22740293E-04
  0.11400000E+01 -0.20965392E-03  0.13066968E-04
  0.11500000E+01 -0.19592588E-03  0.16545825E-04
  0.11600000E+01 -0.19907637E-03  0.15505912E-04
  0.11700000E+01 -0.19935192E-03  0.13973821E-04
  0.11800000E+01 -0.19984341E-03  0.12691629E-04
  0.11900000E+01 -0.20066119E-03  0.11541395E-04
  0.12000000E+01 -0.20129739E-03  0.10500866E-04
  0.12100000E+01 -0.20209866E-03  0.94691895E-05
  0.12200000E+01 -0.20318401E-03  0.83588796E-05
  0.12300000E+01 -0.20438337E-03  0.71372037E-05
  0.12400000E+01 -0.20552580E-03  0.58870518E-05
  0.12500000E+01 -0.20657680E-03  0.46776394E-05
  0.12600000E+01 -0.20757413E-03  0.35054477E-05
  0.12700000E+01 -0.20853981E-03  0.23421627E-05
  0.12800000E+01 -0.20949199E-03  0.11804160E-05
  0.12900000E+01 -0.21044960E-03  0.22008231E-07
  0.13000000E+01 -0.21142044E-03 -0.11365059E-05
  0.13100000E+01 -0.21241106E-03 -0.22952861E-05
  0.13200000E+01 -0.21348800E-03 -0.34571999E-05
  0.13300000E+01 -0.21439542E-03 -0.47442781E-05
  0.13400000E+01 -0.21529098E-03 -0.58942410E-05
  0.13500000E+01 -0.21619564E-03 -0.71492583E-05
  0.13600000E+01 -0.21702141E-03 -0.84377138E-05
  0.13700000E+01 -0.21769927E-03 -0.97251249E-05
  0.13800000E+01 -0.21827167E-03 -0.10991478E-04
  0.13900000E+01 -0.21877594E-03 -0.12226189E-04
  0.14000000E+01 -0.21927260E-03 -0.13439855E-04
  0.14100000E+01 -0.21976161E-03 -0.14636898E-04
  0.14200000E+01 -0.22024430E-03 -0.15787346E-04
  0.14300000E+01 -0.22072972E-03 -0.16856525E-04
  0.14400000E+01 -0.22123518E-03 -0.18087295E-04
  0.14500000E+01 -0.22177823E-03 -0.19110255E-04
  0.14600000E+01 -0.22236498E-03 -0.20171075E-04
  0.14700000E+01 -0.22298737E-03 -0.20759410E-04
  0.14800000E+01 -0.22362797E-03 -0.22259901E-04
  0.14900000E+01 -0.22426994E-03 -0.23321943E-04
  0.15000000E+01 -0.22490708E-03 -0.24365082E-04
  0.15100000E+01 -0.22553496E-03 -0.25400670E-04
  0.15200000E+01 -0.22616773E-03 -0.26426207E-04
  0.15300000E+01 -0.22682081E-03 -0.27448306E-04
  0.15400000E+01 -0.22749739E-03 -0.28476204E-04
  0.15500000E+01 -0.22820695E-03 -0.29622584E-04
  0.15600000E+01 -0.22895313E-03 -0.29997691E-04
  0.15700000E+01 -0.22973338E-03 -0.31496005E-04
  0.15800000E+01 -0.23053362E-03 -0.32557585E-04
  0.15900000E+01 -0.23135857E-03 -0.33617781E-04
  0.16000000E+01 -0.23219901E-03 -0.34692336E-04
  0.16100000E+01 -0.23304684E-03 -0.35774788E-04
  0.16200000E+01 -0.23389657E-03 -0.36864735E-04
  0.16300000E+01 -0.23474398E-03 -0.37963829E-04
  0.16400000E+01 -0.23558694E-03 -0.39070223E-04
  0.16500000E+01 -0.23642922E-03 -0.40178512E-04
  0.16600000E+01 -0.23727702E-03 -0.41285611E-04
  0.16700000E+01 -0.23813312E-03 -0.42389830E-04
  0.16800000E+01 -0.23900052E-03 -0.43488300E-04
  0.16900000E+01 -0.23988285E-03 -0.44587943E-04
  0.17000000E+01 -0.24084773E-03 -0.45678681E-04
  0.17100000E+01 -0.24184563E-03 -0.46789225E-04
  0.17200000E+01 -0.24287426E-03 -0.47920231E-04
  0.17300000E+01 -0.24390627E-03 -0.49070175E-04
  0.17400000E+01 -0.24491710E-03 -0.50234065E-04
  0.17500000E+01 -0.24590277E-03 -0.51407021E-04
  0.17600000E+01 -0.24687931E-03 -0.52582257E-04
  0.17700000E+01 -0.24786468E-03 -0.53744345E-04
  0.17800000E+01 -0.24885898E-03 -0.54863945E-04
  0.17900000E+01 -0.24986230E-03 -0.55906189E-04
  0.18000000E+01 -0.25091191E-03 -0.56884536E-04
  0.18100000E+01 -0.25196994E-03 -0.57841238E-04
  0.18200000E+01 -0.25302163E-03 -0.58748824E-04
  0.18300000E+01 -0.25428394E-03 -0.59474822E-04
  0.18400000E+01 -0.25634909E-03 -0.59948186E-04
  0.18500000E+01 -0.25959122E-03 -0.60649348E-04
  0.18600000E+01 -0.26296712E-03 -0.61505046E-04
  0.18700000E+01 -0.26735472E-03 -0.62665779E-04
  0.18800000E+01 -0.27179377E-03 -0.64215621E-04
  0.18900000E+01 -0.27597952E-03 -0.66117457E-04
  0.19000000E+01 -0.27984243E-03 -0.68364940E-04
  0.19100000E+01 -0.28309017E-03 -0.70431757E-04
  0.19200000E+01 -0.28662733E-03 -0.72633665E-04
  0.19300000E+01 -0.29014113E-03 -0.74894771E-04
  0.19400000E+01 -0.29388949E-03 -0.77275145E-04
  0.19500000E+01 -0.29783986E-03 -0.79835005E-04
  0.19600000E+01 -0.30187479E-03 -0.82607845E-04
  0.19700000E+01 -0.30589918E-03 -0.85597659E-04
  0.19800000E+01 -0.30979116E-03 -0.88865228E-04
  0.19900000E+01 -0.31363091E-03 -0.92299269E-04
  0.20000000E+01 -0.31737092E-03 -0.95917074E-04
  0.20100000E+01 -0.32108010E-03 -0.99734286E-04
  0.20200000E+01 -0.32473069E-03 -0.10374249E-03
  0.20300000E+01 -0.32826754E-03 -0.10796705E-03
  0.20400000E+01 -0.33141019E-03 -0.11244464E-03
  0.20500000E+01 -0.33369931E-03 -0.11712249E-03
  0.20600000E+01 -0.33483557E-03 -0.12188592E-03
  0.20700000E+01 -0.33453600E-03 -0.12658739E-03
  0.20800000E+01 -0.33326561E-03 -0.13098470E-03
  0.20900000E+01 -0.33199122E-03 -0.13484289E-03
  0.21000000E+01 -0.33197560E-03 -0.13811137E-03
  0.21100000E+01 -0.33434792E-03 -0.14105525E-03
  0.21200000E+01 -0.33924445E-03 -0.14426881E-03
  0.21300000E+01 -0.34581287E-03 -0.14834281E-03
  0.21400000E+01 -0.35341687E-03 -0.15334373E-03
  0.21500000E+01 -0.36286108E-03 -0.15889986E-03
  0.21600000E+01 -0.37617828E-03 -0.16486522E-03
  0.21700000E+01 -0.39441955E-03 -0.17305284E-03
  0.21800000E+01 -0.41581960E-03 -0.18440192E-03
  0.21900000E+01 -0.43836787E-03 -0.19844467E-03
  0.22000000E+01 -0.46375783E-03 -0.21505767E-03
  0.22100000E+01 -0.49662999E-03 -0.23564812E-03
  0.22200000E+01 -0.54036920E-03 -0.26343552E-03
  0.22300000E+01 -0.59313670E-03 -0.30770210E-03
  0.22400000E+01 -0.77892822E-03 -0.43611994E-03
  0.22500000E+01 -0.32194388E-03 -0.42200187E-03
  0.22600000E+01 -0.28765238E-03 -0.41528789E-03
  0.22700000E+01  0.20844779E-04 -0.49288930E-03
  0.22800000E+01 -0.15448668E-04 -0.41869451E-03
  0.22900000E+01 -0.51298620E-05 -0.38420962E-03
  0.23000000E+01  0.90654098E-05 -0.34551760E-03
  0.23100000E+01  0.15149800E-04 -0.32893427E-03
  0.23200000E+01  0.77543108E-05 -0.31252465E-03
  0.23300000E+01  0.95698649E-06 -0.30162129E-03
  0.23400000E+01 -0.46005735E-05 -0.29088911E-03
  0.23500000E+01 -0.12622259E-04 -0.28306858E-03
  0.23600000E+01 -0.19676544E-04 -0.27738385E-03
  0.23700000E+01 -0.25770502E-04 -0.27324506E-03
  0.23800000E+01 -0.30526175E-04 -0.27009134E-03
  0.23900000E+01 -0.33858111E-04 -0.26755958E-03
  0.24000000E+01 -0.35865667E-04 -0.26547601E-03
  0.24100000E+01 -0.36847175E-04 -0.26373967E-03
  0.24200000E+01 -0.37083937E-04 -0.26228841E-03
  0.24300000E+01 -0.36758148E-04 -0.26107116E-03
  0.24400000E+01 -0.35965668E-04 -0.26004099E-03
  0.24500000E+01 -0.34756974E-04 -0.25915852E-03
  0.24600000E+01 -0.33159821E-04 -0.25838868E-03
  0.24700000E+01 -0.31186613E-04 -0.25769246E-03
  0.24800000E+01 -0.28849122E-04 -0.25702547E-03
  0.24900000E+01 -0.26178788E-04 -0.25634049E-03
  0.25000000E+01 -0.23227576E-04 -0.25561344E-03
  0.25100000E+01 -0.20066035E-04 -0.25484461E-03
  0.25200000E+01 -0.16712428E-04 -0.25407410E-03
  0.25300000E+01 -0.13015523E-04 -0.25325102E-03
  0.25400000E+01 -0.91417258E-05 -0.25229942E-03
  0.25500000E+01 -0.52785571E-05 -0.25122617E-03
  0.25600000E+01 -0.15497269E-05 -0.25005619E-03
  0.25700000E+01  0.14657059E-05 -0.24892996E-03
  0.25800000E+01  0.67131622E-05 -0.24886320E-03
  0.25900000E+01  0.11215067E-04 -0.24662002E-03
  0.26000000E+01  0.16287818E-04 -0.24492644E-03
  0.26100000E+01  0.15567297E-04 -0.24687402E-03
  0.26200000E+01  0.27151377E-04 -0.24487555E-03
  0.26300000E+01  0.33065361E-04 -0.24262425E-03
  0.26400000E+01  0.38118344E-04 -0.24057485E-03
  0.26500000E+01  0.43248991E-04 -0.23855473E-03
  0.26600000E+01  0.48434786E-04 -0.23648738E-03
  0.26700000E+01  0.53543413E-04 -0.23433857E-03
  0.26800000E+01  0.58530851E-04 -0.23208815E-03
  0.26900000E+01  0.63355755E-04 -0.22972142E-03
  0.27000000E+01  0.67974106E-04 -0.22722869E-03
  0.27100000E+01  0.72347045E-04 -0.22460812E-03
  0.27200000E+01  0.76445455E-04 -0.22186743E-03
  0.27300000E+01  0.80251139E-04 -0.21902354E-03
  0.27400000E+01  0.83756871E-04 -0.21609959E-03
  0.27500000E+01  0.86965778E-04 -0.21312001E-03
  0.27600000E+01  0.89889776E-04 -0.21010570E-03
  0.27700000E+01  0.92547696E-04 -0.20707121E-03
  0.27800000E+01  0.94963492E-04 -0.20402427E-03
  0.27900000E+01  0.97164922E-04 -0.20096761E-03
  0.28000000E+01  0.99183234E-04 -0.19790195E-03
  0.28100000E+01  0.10105368E-03 -0.19482859E-03
  0.28200000E+01  0.10281594E-03 -0.19175105E-03
  0.28300000E+01  0.10451332E-03 -0.18867537E-03
  0.28400000E+01  0.10618975E-03 -0.18560810E-03
  0.28500000E+01  0.10788418E-03 -0.18255076E-03
  0.28600000E+01  0.10962323E-03 -0.17949420E-03
  0.28700000E+01  0.11141463E-03 -0.17641793E-03
  0.28800000E+01  0.11324532E-03 -0.17329686E-03
  0.28900000E+01  0.11508530E-03 -0.17011380E-03
  0.29000000E+01  0.11689347E-03 -0.16686693E-03
  0.29100000E+01  0.11862524E-03 -0.16356238E-03
  0.29200000E+01  0.12024727E-03 -0.16020372E-03
  0.29300000E+01  0.12175315E-03 -0.15679727E-03
  0.29400000E+01  0.12315643E-03 -0.15334605E-03
  0.29500000E+01  0.12446251E-03 -0.14983406E-03
  0.29600000E+01  0.12565722E-03 -0.14625051E-03
  0.29700000E+01  0.12672775E-03 -0.14260071E-03
  0.29800000E+01  0.12768647E-03 -0.13889042E-03
  0.29900000E+01  0.12857346E-03 -0.13512010E-03
  0.30000000E+01  0.12944547E-03 -0.13128600E-03
  0.30100000E+01  0.13036613E-03 -0.12738075E-03
  0.30200000E+01  0.13140762E-03 -0.12339688E-03
  0.30300000E+01  0.13266710E-03 -0.11934004E-03
  0.30400000E+01  0.13427686E-03 -0.11522536E-03
  0.30500000E+01  0.13637733E-03 -0.11105034E-03
  0.30600000E+01  0.13904334E-03 -0.10680127E-03
  0.30700000E+01  0.14217826E-03 -0.10242683E-03
  0.30800000E+01  0.14559360E-03 -0.97780177E-04
  0.30900000E+01  0.15042188E-03 -0.92497365E-04
  0.31000000E+01  0.16151268E-03 -0.85379896E-04
  0.31100000E+01  0.15454753E-03 -0.75756730E-04
  0.31200000E+01  0.15166249E-03 -0.75319473E-04
  0.31300000E+01  0.15512662E-03 -0.66372267E-04
  0.31400000E+01  0.14246764E-03 -0.58690888E-04
  0.31500000E+01  0.13093918E-03 -0.53222367E-04
  0.31600000E+01  0.12147562E-03 -0.49000328E-04
  0.31700000E+01  0.11341093E-03 -0.45556277E-04
  0.31800000E+01  0.10539229E-03 -0.42701714E-04
  0.31900000E+01  0.96705082E-04 -0.40315877E-04
  0.32000000E+01  0.87476465E-04 -0.38346777E-04
  0.32100000E+01  0.78107027E-04 -0.36781381E-04
  0.32200000E+01  0.68879334E-04 -0.35572104E-04
  0.32300000E+01  0.59899641E-04 -0.34737454E-04
  0.32400000E+01  0.51158261E-04 -0.34237436E-04
  0.32500000E+01  0.42592951E-04 -0.34053437E-04
  0.32600000E+01  0.34130047E-04 -0.34207951E-04
  0.32700000E+01  0.25705277E-04 -0.34646507E-04
  0.32800000E+01  0.17272746E-04 -0.35407938E-04
  0.32900000E+01  0.87978724E-05 -0.36465431E-04
  0.33000000E+01  0.28725324E-06 -0.37850064E-04
  0.33100000E+01 -0.81245563E-05 -0.39607866E-04
  0.33200000E+01 -0.16328502E-04 -0.41693453E-04
  0.33300000E+01 -0.24437285E-04 -0.44195187E-04
  0.33400000E+01 -0.32380123E-04 -0.47224857E-04
  0.33500000E+01 -0.39087795E-04 -0.50782681E-04
  0.33600000E+01 -0.44143429E-04 -0.54296564E-04
  0.33700000E+01 -0.49559096E-04 -0.57783694E-04
  0.33800000E+01 -0.54514310E-04 -0.62335738E-04
  0.33900000E+01 -0.54328358E-04 -0.73786574E-04
  0.34000000E+01 -0.66720714E-04 -0.66047692E-04
  0.34100000E+01 -0.66006433E-04 -0.71575189E-04
  0.34200000E+01 -0.69378669E-04 -0.75885961E-04
  0.34300000E+01 -0.72301954E-04 -0.80190698E-04
  0.34400000E+01 -0.74756826E-04 -0.84522170E-04
  0.34500000E+01 -0.77027572E-04 -0.88870521E-04
  0.34600000E+01 -0.79177622E-04 -0.93249432E-04
  0.34700000E+01 -0.81218335E-04 -0.97678219E-04
  0.34800000E+01 -0.83178161E-04 -0.10218025E-03
  0.34900000E+01 -0.85062548E-04 -0.10676013E-03
  0.35000000E+01 -0.86815330E-04 -0.11149932E-03
  0.35100000E+01 -0.88310429E-04 -0.11641816E-03
  0.35200000E+01 -0.89354934E-04 -0.12163457E-03
  0.35300000E+01 -0.89695040E-04 -0.12720744E-03
  0.35400000E+01 -0.89026994E-04 -0.13313860E-03
  0.35500000E+01 -0.87014019E-04 -0.13944342E-03
  0.35600000E+01 -0.83315150E-04 -0.14601529E-03
  0.35700000E+01 -0.77623373E-04 -0.15270576E-03
  0.35800000E+01 -0.69708954E-04 -0.15933806E-03
  0.35900000E+01 -0.59467543E-04 -0.16560613E-03
  0.36000000E+01 -0.46977911E-04 -0.17117018E-03
  0.36100000E+01 -0.32565813E-04 -0.17564748E-03
  0.36200000E+01 -0.16849910E-04 -0.17864891E-03
  0.36300000E+01 -0.72276361E-06 -0.17991567E-03
  0.36400000E+01  0.14785800E-04 -0.17947309E-03
  0.36500000E+01  0.28760825E-04 -0.17760456E-03
  0.36600000E+01  0.40666074E-04 -0.17486934E-03
  0.36700000E+01  0.50484387E-04 -0.17195407E-03
  0.36800000E+01  0.58682746E-04 -0.16942025E-03
  0.36900000E+01  0.66051524E-04 -0.16762974E-03
  0.37000000E+01  0.73498183E-04 -0.16668546E-03
  0.37100000E+01  0.81850720E-04 -0.16639270E-03
  0.37200000E+01  0.91697332E-04 -0.16628532E-03
  0.37300000E+01  0.10327748E-03 -0.16571186E-03
  0.37400000E+01  0.11643794E-03 -0.16399097E-03
  0.37500000E+01  0.13066190E-03 -0.16062351E-03
  0.37600000E+01  0.14516341E-03 -0.15547275E-03
  0.37700000E+01  0.15901732E-03 -0.14878246E-03
  0.37800000E+01  0.17127957E-03 -0.14101259E-03
  0.37900000E+01  0.18107743E-03 -0.13263894E-03
  0.38000000E+01  0.18772938E-03 -0.12404584E-03
  0.38100000E+01  0.19091866E-03 -0.11554431E-03
  0.38200000E+01  0.19051217E-03 -0.10744642E-03
  0.38300000E+01  0.18635063E-03 -0.10019680E-03
  0.38400000E+01  0.17867333E-03 -0.94515948E-04
  0.38500000E+01  0.17365480E-03 -0.91210599E-04
  0.38600000E+01  0.18454537E-03 -0.84988255E-04
  0.38700000E+01  0.16631642E-03 -0.72031389E-04
  0.38800000E+01  0.15503208E-03 -0.70015357E-04
  0.38900000E+01  0.14888649E-03 -0.10278786E-03
  0.39000000E+01  0.14378156E-03 -0.49890879E-04
  0.39100000E+01  0.12984416E-03 -0.54730934E-04
  0.39200000E+01  0.11814517E-03 -0.55841376E-04
  0.39300000E+01  0.13014663E-03 -0.56354122E-04
  0.39400000E+01  0.12510042E-03 -0.49673757E-04
  0.39500000E+01  0.11866530E-03 -0.46569696E-04
  0.39600000E+01  0.11330030E-03 -0.43688240E-04
  0.39700000E+01  0.10798353E-03 -0.41119958E-04
  0.39800000E+01  0.10776564E-03 -0.37403075E-04
  0.39900000E+01  0.92901921E-04 -0.37582542E-04
  0.40000000E+01  0.89363494E-04 -0.33104255E-04
  0.40100000E+01  0.79501097E-04 -0.36629195E-04
  0.40200000E+01  0.84538524E-04 -0.37315237E-04
  0.40300000E+01  0.86068995E-04 -0.33797802E-04
  0.40400000E+01  0.81516777E-04 -0.30656912E-04
  0.40500000E+01  0.76685570E-04 -0.28789205E-04
  0.40600000E+01  0.73231086E-04 -0.27124740E-04
  0.40700000E+01  0.69145641E-04 -0.25299122E-04
  0.40800000E+01  0.63089844E-04 -0.22208248E-04
  0.40900000E+01  0.56770670E-04 -0.22488682E-04
  0.41000000E+01  0.52093464E-04 -0.22725174E-04
  0.41100000E+01  0.48945891E-04 -0.23083074E-04
  0.41200000E+01  0.46547077E-04 -0.23495536E-04
  0.41300000E+01  0.44579650E-04 -0.23931673E-04
  0.41400000E+01  0.42996282E-04 -0.24368590E-04
  0.41500000E+01  0.41758737E-04 -0.24788056E-04
  0.41600000E+01  0.40836370E-04 -0.25176125E-04
  0.41700000E+01  0.40368628E-04 -0.25500767E-04
  0.41800000E+01  0.39839465E-04 -0.25392375E-04
  0.41900000E+01  0.38760675E-04 -0.25389233E-04
  0.42000000E+01  0.37768769E-04 -0.25550436E-04
  0.42100000E+01  0.36996147E-04 -0.25730306E-04
  0.42200000E+01  0.36356929E-04 -0.25895117E-04
  0.42300000E+01  0.35824121E-04 -0.26037318E-04
  0.42400000E+01  0.35373172E-04 -0.26152831E-04
  0.42500000E+01  0.34991645E-04 -0.26235166E-04
  0.42600000E+01  0.34673248E-04 -0.26279712E-04
  0.42700000E+01  0.34408376E-04 -0.26285705E-04
  0.42800000E+01  0.34183247E-04 -0.26254670E-04
  0.42900000E+01  0.33984194E-04 -0.26189464E-04
  0.43000000E+01  0.33800139E-04 -0.26092674E-04
  0.43100000E+01  0.33621908E-04 -0.25967452E-04
  0.43200000E+01  0.33443343E-04 -0.25817366E-04
  0.43300000E+01  0.33260262E-04 -0.25645989E-04
  0.43400000E+01  0.33069310E-04 -0.25456927E-04
  0.43500000E+01  0.32867700E-04 -0.25253599E-04
  0.43600000E+01  0.32653146E-04 -0.25038795E-04
  0.43700000E+01  0.32423840E-04 -0.24814425E-04
  0.43800000E+01  0.32178214E-04 -0.24581651E-04
  0.43900000E+01  0.31914464E-04 -0.24341097E-04
  0.44000000E+01  0.31631212E-04 -0.24092798E-04
  0.44100000E+01  0.31330732E-04 -0.23835410E-04
  0.44200000E+01  0.30999742E-04 -0.23562601E-04
  0.44300000E+01  0.30608886E-04 -0.23286701E-04
  0.44400000E+01  0.30229201E-04 -0.23032803E-04
  0.44500000E+01  0.29775361E-04 -0.22739679E-04
  0.44600000E+01  0.29312722E-04 -0.22462248E-04
  0.44700000E+01  0.28829441E-04 -0.22184032E-04
  0.44800000E+01  0.28326453E-04 -0.21903904E-04
  0.44900000E+01  0.27791808E-04 -0.21616580E-04
  0.45000000E+01  0.27212567E-04 -0.21331960E-04
  0.45100000E+01  0.26597314E-04 -0.21052087E-04
  0.45200000E+01  0.25944063E-04 -0.20779019E-04
  0.45300000E+01  0.25252299E-04 -0.20515079E-04
  0.45400000E+01  0.24521958E-04 -0.20262448E-04
  0.45500000E+01  0.23752774E-04 -0.20023032E-04
  0.45600000E+01  0.22944984E-04 -0.19798341E-04
  0.45700000E+01  0.22099752E-04 -0.19589476E-04
  0.45800000E+01  0.21219506E-04 -0.19397252E-04
  0.45900000E+01  0.20307975E-04 -0.19222244E-04
  0.46000000E+01  0.19369233E-04 -0.19064905E-04
  0.46100000E+01  0.18406349E-04 -0.18925663E-04
  0.46200000E+01  0.17421365E-04 -0.18805304E-04
  0.46300000E+01  0.16416811E-04 -0.18707979E-04
  0.46400000E+01  0.15392795E-04 -0.18650191E-04
  0.46500000E+01  0.14330441E-04 -0.18705342E-04
  0.46600000E+01  0.15910290E-04 -0.18022523E-04
  0.46700000E+01  0.11652875E-04 -0.18448398E-04
  0.46800000E+01  0.11237684E-04 -0.18542879E-04
  0.46900000E+01  0.10453892E-04 -0.18574526E-04
  0.47000000E+01  0.97019800E-05 -0.18609510E-04
  0.47100000E+01  0.89750767E-05 -0.18656516E-04
  0.47200000E+01  0.83044890E-05 -0.18696765E-04
  0.47300000E+01  0.76603006E-05 -0.18723291E-04
  0.47400000E+01  0.70203569E-05 -0.18736888E-04
  0.47500000E+01  0.63651852E-05 -0.18741690E-04
  0.47600000E+01  0.56792118E-05 -0.18743615E-04
  0.47700000E+01  0.49536987E-05 -0.18749089E-04
  0.47800000E+01  0.41877307E-05 -0.18763612E-04
  0.47900000E+01  0.33876940E-05 -0.18791032E-04
  0.48000000E+01  0.25662649E-05 -0.18834073E-04
  0.48100000E+01  0.17399931E-05 -0.18894557E-04
  0.48200000E+01  0.92232198E-06 -0.18977476E-04
  0.48300000E+01  0.14044175E-06 -0.19085533E-04
  0.48400000E+01 -0.59399855E-06 -0.19218281E-04
  0.48500000E+01 -0.12701455E-05 -0.19373612E-04
  0.48600000E+01 -0.18816386E-05 -0.19545494E-04
  0.48700000E+01 -0.24282945E-05 -0.19725405E-04
  0.48800000E+01 -0.29148268E-05 -0.19905606E-04
  0.48900000E+01 -0.33490542E-05 -0.20082377E-04
  0.49000000E+01 -0.37397649E-05 -0.20256637E-04
  0.49100000E+01 -0.40946477E-05 -0.20431562E-04
  0.49200000E+01 -0.44187347E-05 -0.20609564E-04
  0.49300000E+01 -0.47136576E-05 -0.20790961E-04
  0.49400000E+01 -0.49777841E-05 -0.20974369E-04
  0.49500000E+01 -0.52070815E-05 -0.21157540E-04
  0.49600000E+01 -0.53964438E-05 -0.21337912E-04
  0.49700000E+01 -0.55411520E-05 -0.21513145E-04
  0.49800000E+01 -0.56380901E-05 -0.21681415E-04
  0.49900000E+01 -0.56864511E-05 -0.21841074E-04
  0.50000000E+01 -0.56878997E-05 -0.21990550E-04
  0.50100000E+01 -0.56463454E-05 -0.22128766E-04
  0.50200000E+01 -0.55675206E-05 -0.22255227E-04
  0.50300000E+01 -0.54586238E-05 -0.22369206E-04
  0.50400000E+01 -0.53282748E-05 -0.22469435E-04
  0.50500000E+01 -0.51864412E-05 -0.22555512E-04
  0.50600000E+01 -0.50437806E-05 -0.22627731E-04
  0.50700000E+01 -0.49107501E-05 -0.22685931E-04
  0.50800000E+01 -0.47962475E-05 -0.22730402E-04
  0.50900000E+01 -0.47047465E-05 -0.22761811E-04
  0.51000000E+01 -0.46377354E-05 -0.22780073E-04
  0.51100000E+01 -0.46000167E-05 -0.22784541E-04
  0.51200000E+01 -0.46013381E-05 -0.22777215E-04
  0.51300000E+01 -0.46465439E-05 -0.22760301E-04
  0.51400000E+01 -0.47379888E-05 -0.22736057E-04
  0.51500000E+01 -0.48755949E-05 -0.22707645E-04
  0.51600000E+01 -0.50571701E-05 -0.22679362E-04
  0.51700000E+01 -0.52786802E-05 -0.22656373E-04
  0.51800000E+01 -0.55344033E-05 -0.22644082E-04
  0.51900000E+01 -0.58171669E-05 -0.22647364E-04
  0.52000000E+01 -0.61187080E-05 -0.22669915E-04
  0.52100000E+01 -0.64301078E-05 -0.22713853E-04
  0.52200000E+01 -0.67422256E-05 -0.22779604E-04
  0.52300000E+01 -0.70460901E-05 -0.22866014E-04
  0.52400000E+01 -0.73332361E-05 -0.22970612E-04
  0.52500000E+01 -0.75959694E-05 -0.23089985E-04
  0.52600000E+01 -0.78275505E-05 -0.23220086E-04
  0.52700000E+01 -0.80225759E-05 -0.23356123E-04
  0.52800000E+01 -0.81783760E-05 -0.23490668E-04
  0.52900000E+01 -0.82977432E-05 -0.23521891E-04
  0.53000000E+01 -0.83898060E-05 -0.23794444E-04
  0.53100000E+01 -0.84638596E-05 -0.23913682E-04
  0.53200000E+01 -0.85197657E-05 -0.24042201E-04
  0.53300000E+01 -0.85485164E-05 -0.24170715E-04
  0.53400000E+01 -0.85439338E-05 -0.24303736E-04
  0.53500000E+01 -0.85086958E-05 -0.24427147E-04
  0.53600000E+01 -0.84491271E-05 -0.24541456E-04
  0.53700000E+01 -0.83698436E-05 -0.24645214E-04
  0.53800000E+01 -0.82734692E-05 -0.24737082E-04
  0.53900000E+01 -0.81618534E-05 -0.24815808E-04
  0.54000000E+01 -0.80371025E-05 -0.24880196E-04
  0.54100000E+01 -0.79036543E-05 -0.24929022E-04
  0.54200000E+01 -0.77719871E-05 -0.24960964E-04
  0.54300000E+01 -0.76625582E-05 -0.24974589E-04
  0.54400000E+01 -0.76067932E-05 -0.24968551E-04
  0.54500000E+01 -0.76415035E-05 -0.24942530E-04
  0.54600000E+01 -0.77957836E-05 -0.24900241E-04
  0.54700000E+01 -0.80748379E-05 -0.24856054E-04
  0.54800000E+01 -0.84497996E-05 -0.24841538E-04
  0.54900000E+01 -0.88613991E-05 -0.24895752E-04
  0.55000000E+01 -0.92376117E-05 -0.25034395E-04
  0.55100000E+01 -0.95163768E-05 -0.25238654E-04
  0.55200000E+01 -0.96615446E-05 -0.25479734E-04
  0.55300000E+01 -0.96656305E-05 -0.25735537E-04
  0.55400000E+01 -0.95417037E-05 -0.25990658E-04
  0.55500000E+01 -0.93118096E-05 -0.26235800E-04
  0.55600000E+01 -0.89981923E-05 -0.26466158E-04
  0.55700000E+01 -0.86192914E-05 -0.26677978E-04
  0.55800000E+01 -0.81891531E-05 -0.26866917E-04
  0.55900000E+01 -0.77182192E-05 -0.27028403E-04
  0.56000000E+01 -0.72156918E-05 -0.27158226E-04
  0.56100000E+01 -0.66884257E-05 -0.27253001E-04
  0.56200000E+01 -0.61425487E-05 -0.27308718E-04
  0.56300000E+01 -0.55882877E-05 -0.27322750E-04
  0.56400000E+01 -0.50348459E-05 -0.27294179E-04
  0.56500000E+01 -0.44925969E-05 -0.27223223E-04
  0.56600000E+01 -0.39727498E-05 -0.27111352E-04
  0.56700000E+01 -0.34862703E-05 -0.26961332E-04
  0.56800000E+01 -0.30435441E-05 -0.26777316E-04
  0.56900000E+01 -0.26539191E-05 -0.26564874E-04
  0.57000000E+01 -0.23251667E-05 -0.26330866E-04
  0.57100000E+01 -0.20630397E-05 -0.26083139E-04
  0.57200000E+01 -0.18709694E-05 -0.25830070E-04
  0.57300000E+01 -0.17499082E-05 -0.25579991E-04
  0.57400000E+01 -0.16983059E-05 -0.25340577E-04
  0.57500000E+01 -0.17122241E-05 -0.25118260E-04
  0.57600000E+01 -0.17855666E-05 -0.24917775E-04
  0.57700000E+01 -0.19104093E-05 -0.24741932E-04
  0.57800000E+01 -0.20774061E-05 -0.24591649E-04
  0.57900000E+01 -0.22762508E-05 -0.24466224E-04
  0.58000000E+01 -0.24961638E-05 -0.24363758E-04
  0.58100000E+01 -0.27263771E-05 -0.24281594E-04
  0.58200000E+01 -0.29565904E-05 -0.24216693E-04
  0.58300000E+01 -0.31773708E-05 -0.24165859E-04
  0.58400000E+01 -0.33804797E-05 -0.24125847E-04
  0.58500000E+01 -0.35591156E-05 -0.24093398E-04
  0.58600000E+01 -0.37080552E-05 -0.24065272E-04
  0.58700000E+01 -0.38237109E-05 -0.24038337E-04
  0.58800000E+01 -0.39040976E-05 -0.24009696E-04
  0.58900000E+01 -0.39487310E-05 -0.23976845E-04
  0.59000000E+01 -0.39584622E-05 -0.23937779E-04
  0.59100000E+01 -0.39352781E-05 -0.23891040E-04
  0.59200000E+01 -0.38820732E-05 -0.23835692E-04
  0.59300000E+01 -0.38024150E-05 -0.23771250E-04
  0.59400000E+01 -0.37003193E-05 -0.23697598E-04
  0.59500000E+01 -0.35800376E-05 -0.23614914E-04
  0.59600000E+01 -0.34458772E-05 -0.23523607E-04
  0.59700000E+01 -0.33020467E-05 -0.23424262E-04
  0.59800000E+01 -0.31525360E-05 -0.23317589E-04
  0.59900000E+01 -0.30010283E-05 -0.23204369E-04
  0.60000000E+01 -0.28508376E-05 -0.23085411E-04
  0.60100000E+01 -0.27048752E-05 -0.22961502E-04
  0.60200000E+01 -0.25656315E-05 -0.22833384E-04
  0.60300000E+01 -0.24351760E-05 -0.22701722E-04
  0.60400000E+01 -0.23151693E-05 -0.22567100E-04
  0.60500000E+01 -0.22068813E-05 -0.22430016E-04
  0.60600000E+01 -0.21112172E-05 -0.22290883E-04
  0.60700000E+01 -0.20287469E-05 -0.22150042E-04
  0.60800000E+01 -0.19597385E-05 -0.22007770E-04
  0.60900000E+01 -0.19041921E-05 -0.21864288E-04
  0.61000000E+01 -0.18618765E-05 -0.21719776E-04
  0.61100000E+01 -0.18323680E-05 -0.21574377E-04
  0.61200000E+01 -0.18150864E-05 -0.21428205E-04
  0.61300000E+01 -0.18093347E-05 -0.21281349E-04
  0.61400000E+01 -0.18143337E-05 -0.21133873E-04
  0.61500000E+01 -0.18292582E-05 -0.20985816E-04
  0.61600000E+01 -0.18532679E-05 -0.20837196E-04
  0.61700000E+01 -0.18855358E-05 -0.20688003E-04
  0.61800000E+01 -0.19252720E-05 -0.20538207E-04
  0.61900000E+01 -0.19717427E-05 -0.20387759E-04
  0.62000000E+01 -0.20242844E-05 -0.20236596E-04
  0.62100000E+01 -0.20823129E-05 -0.20084650E-04
  0.62200000E+01 -0.21453273E-05 -0.19931858E-04
  0.62300000E+01 -0.22129090E-05 -0.19778165E-04
  0.62400000E+01 -0.22847174E-05 -0.19623526E-04
  0.62500000E+01 -0.23604821E-05 -0.19467914E-04
  0.62600000E+01 -0.24399915E-05 -0.19311306E-04
  0.62700000E+01 -0.25230809E-05 -0.19153685E-04
  0.62800000E+01 -0.26096186E-05 -0.18995034E-04
  0.62900000E+01 -0.26994927E-05 -0.18835333E-04
  0.63000000E+01 -0.27925979E-05 -0.18674563E-04
  0.63100000E+01 -0.28888247E-05 -0.18512712E-04
  0.63200000E+01 -0.29880492E-05 -0.18349784E-04
  0.63300000E+01 -0.30901276E-05 -0.18185809E-04
  0.63400000E+01 -0.31948917E-05 -0.18020842E-04
  0.63500000E+01 -0.33021491E-05 -0.17854971E-04
  0.63600000E+01 -0.34116861E-05 -0.17688302E-04
  0.63700000E+01 -0.35232738E-05 -0.17520951E-04
  0.63800000E+01 -0.36366775E-05 -0.17353022E-04
  0.63900000E+01 -0.37516683E-05 -0.17184598E-04
  0.64000000E+01 -0.38680371E-05 -0.17015723E-04
  0.64100000E+01 -0.39856094E-05 -0.16846400E-04
  0.64200000E+01 -0.41042613E-05 -0.16676588E-04
  0.64300000E+01 -0.42239344E-05 -0.16506204E-04
  0.64400000E+01 -0.43446508E-05 -0.16335124E-04
  0.64500000E+01 -0.44665248E-05 -0.16163188E-04
  0.64600000E+01 -0.45897730E-05 -0.15990193E-04
  0.64700000E+01 -0.47147200E-05 -0.15815897E-04
  0.64800000E+01 -0.48418003E-05 -0.15640026E-04
  0.64900000E+01 -0.49715555E-05 -0.15462290E-04
  0.65000000E+01 -0.51046261E-05 -0.15282412E-04
  0.65100000E+01 -0.52417378E-05 -0.15100160E-04
  0.65200000E+01 -0.53836830E-05 -0.14915386E-04
  0.65300000E+01 -0.55312969E-05 -0.14728044E-04
  0.65400000E+01 -0.56854294E-05 -0.14538202E-04
  0.65500000E+01 -0.58469137E-05 -0.14346019E-04
  0.65600000E+01 -0.60165328E-05 -0.14151722E-04
  0.65700000E+01 -0.61949860E-05 -0.13955561E-04
  0.65800000E+01 -0.63828568E-05 -0.13757780E-04
  0.65900000E+01 -0.65805843E-05 -0.13558595E-04
  0.66000000E+01 -0.67884410E-05 -0.13358195E-04
  0.66100000E+01 -0.70065176E-05 -0.13156756E-04
  0.66200000E+01 -0.72347180E-05 -0.12954469E-04
  0.66300000E+01 -0.74727640E-05 -0.12751567E-04
  0.66400000E+01 -0.77202114E-05 -0.12548336E-04
  0.66500000E+01 -0.79764772E-05 -0.12345108E-04
  0.66600000E+01 -0.82408751E-05 -0.12142226E-04
  0.66700000E+01 -0.85126603E-05 -0.11939992E-04
  0.66800000E+01 -0.87910776E-05 -0.11738609E-04
  0.66900000E+01 -0.90754128E-05 -0.11538129E-04
  0.67000000E+01 -0.93650417E-05 -0.11338426E-04
  0.67100000E+01 -0.96594739E-05 -0.11139200E-04
  0.67200000E+01 -0.99583887E-05 -0.10940009E-04
  0.67300000E+01 -0.10261659E-04 -0.10740324E-04
  0.67400000E+01 -0.10569364E-04 -0.10539568E-04
  0.67500000E+01 -0.10881784E-04 -0.10337161E-04
  0.67600000E+01 -0.11199391E-04 -0.10132532E-04
  0.67700000E+01 -0.11522816E-04 -0.99251309E-05
  0.67800000E+01 -0.11852821E-04 -0.97144513E-05
  0.67900000E+01 -0.12190262E-04 -0.95000588E-05
  0.68000000E+01 -0.12536055E-04 -0.92816366E-05
  0.68100000E+01 -0.12891152E-04 -0.90590256E-05
  0.68200000E+01 -0.13256527E-04 -0.88322490E-05
  0.68300000E+01 -0.13633174E-04 -0.86015041E-05
  0.68400000E+01 -0.14022123E-04 -0.83671110E-05
  0.68500000E+01 -0.14424464E-04 -0.81294144E-05
  0.68600000E+01 -0.14841383E-04 -0.78886441E-05
  0.68700000E+01 -0.15274193E-04 -0.76447722E-05
  0.68800000E+01 -0.15724367E-04 -0.73974256E-05
  0.68900000E+01 -0.16193565E-04 -0.71459196E-05
  0.69000000E+01 -0.16683647E-04 -0.68894428E-05
  0.69100000E+01 -0.17196686E-04 -0.66273518E-05
  0.69200000E+01 -0.17734973E-04 -0.63594646E-05
  0.69300000E+01 -0.18301020E-04 -0.60862236E-05
  0.69400000E+01 -0.18897564E-04 -0.58086438E-05
  0.69500000E+01 -0.19527567E-04 -0.55280584E-05
  0.69600000E+01 -0.20194222E-04 -0.52457636E-05
  0.69700000E+01 -0.20900944E-04 -0.49627154E-05
  0.69800000E+01 -0.21651366E-04 -0.46794302E-05
  0.69900000E+01 -0.22449327E-04 -0.43961582E-05
  0.70000000E+01 -0.23298867E-04 -0.41132531E-05
