  0.00000000E+00  0.31524034E-04  0.83630740E-16
  0.10000000E-01  0.14367597E-04  0.71555467E-04
  0.20000000E-01 -0.14774911E-03  0.51158311E-03
  0.30000000E-01 -0.31679674E-03 -0.37391122E-03
  0.40000000E-01  0.29356490E-03 -0.27117448E-03
  0.50000000E-01 -0.11325755E-04  0.54729641E-03
  0.60000000E-01 -0.16289241E-04  0.82468010E-04
  0.70000000E-01 -0.50898354E-04 -0.17944963E-03
  0.80000000E-01 -0.35729265E-04 -0.38525182E-04
  0.90000000E-01 -0.27592944E-04 -0.15562291E-04
  0.10000000E+00 -0.28319060E-04  0.11016736E-04
  0.11000000E+00 -0.33871840E-04  0.19051967E-04
  0.12000000E+00 -0.37271648E-04 -0.20770661E-04
  0.13000000E+00 -0.30272509E-04 -0.39606856E-05
  0.14000000E+00 -0.29125736E-04  0.59622954E-06
  0.15000000E+00 -0.28769429E-04  0.22772631E-05
  0.16000000E+00 -0.28571325E-04  0.39236418E-05
  0.17000000E+00 -0.28675737E-04  0.50190169E-05
  0.18000000E+00 -0.28886471E-04  0.54609709E-05
  0.19000000E+00 -0.29222576E-04  0.56809514E-05
  0.20000000E+00 -0.29721022E-04  0.57029951E-05
  0.21000000E+00 -0.30354896E-04  0.53967351E-05
  0.22000000E+00 -0.31043851E-04  0.46721680E-05
  0.23000000E+00 -0.31717023E-04  0.34962385E-05
  0.24000000E+00 -0.32302458E-04  0.18901360E-05
  0.25000000E+00 -0.32742380E-04 -0.84841892E-07
  0.26000000E+00 -0.33028855E-04 -0.23727780E-05
  0.27000000E+00 -0.33171010E-04 -0.49806308E-05
  0.28000000E+00 -0.33180056E-04 -0.80058106E-05
  0.29000000E+00 -0.33046147E-04 -0.11580060E-04
  0.30000000E+00 -0.32643405E-04 -0.15690775E-04
  0.31000000E+00 -0.31703244E-04 -0.19947457E-04
  0.32000000E+00 -0.29950334E-04 -0.23523614E-04
  0.33000000E+00 -0.27432062E-04 -0.25491648E-04
  0.34000000E+00 -0.24717477E-04 -0.25393957E-04
  0.35000000E+00 -0.22412627E-04 -0.23482163E-04
  0.36000000E+00 -0.20719298E-04 -0.20367577E-04
  0.37000000E+00 -0.19628205E-04 -0.16629206E-04
  0.38000000E+00 -0.19121996E-04 -0.12799613E-04
  0.39000000E+00 -0.18958782E-04 -0.93674510E-05
  0.40000000E+00 -0.18980307E-04 -0.66009354E-05
  0.41000000E+00 -0.19182752E-04 -0.45097995E-05
  0.42000000E+00 -0.19480857E-04 -0.30030131E-05
  0.43000000E+00 -0.19873869E-04 -0.20043935E-05
  0.44000000E+00 -0.20320289E-04 -0.14621391E-05
  0.45000000E+00 -0.20665898E-04 -0.13533919E-05
  0.46000000E+00 -0.20902767E-04 -0.17407215E-05
  0.47000000E+00 -0.21026604E-04 -0.28136167E-05
  0.48000000E+00 -0.20885733E-04 -0.47636428E-05
  0.49000000E+00 -0.20477941E-04 -0.73969478E-05
  0.50000000E+00 -0.19771954E-04 -0.96949623E-05
  0.51000000E+00 -0.18530869E-04 -0.99706667E-05
  0.52000000E+00 -0.17105469E-04 -0.70784302E-05
  0.53000000E+00 -0.16626761E-04 -0.18701557E-05
  0.54000000E+00 -0.17946625E-04  0.28514349E-05
  0.55000000E+00 -0.20429627E-04  0.43958800E-05
  0.56000000E+00 -0.22186857E-04  0.23728924E-05
  0.57000000E+00 -0.22640103E-04 -0.12422361E-05
  0.58000000E+00 -0.22532215E-04 -0.40223089E-05
  0.59000000E+00 -0.22259244E-04 -0.48296390E-05
  0.60000000E+00 -0.21915138E-04 -0.39686613E-05
  0.61000000E+00 -0.21676945E-04 -0.22842502E-05
  0.62000000E+00 -0.21573964E-04 -0.39433989E-06
  0.63000000E+00 -0.21530562E-04  0.14829851E-05
  0.64000000E+00 -0.21593841E-04  0.33554784E-05
  0.65000000E+00 -0.21811380E-04  0.52721860E-05
  0.66000000E+00 -0.22134867E-04  0.72628491E-05
  0.67000000E+00 -0.22561992E-04  0.94064855E-05
  0.68000000E+00 -0.23146185E-04  0.11974508E-04
  0.69000000E+00 -0.23921596E-04  0.15352355E-04
  0.70000000E+00 -0.24928882E-04  0.19791076E-04
  0.71000000E+00 -0.26337622E-04  0.25239116E-04
  0.72000000E+00 -0.28458795E-04  0.31159017E-04
  0.73000000E+00 -0.31501170E-04  0.36477934E-04
  0.74000000E+00 -0.35309955E-04  0.39940546E-04
  0.75000000E+00 -0.39454102E-04  0.40478423E-04
  0.76000000E+00 -0.43501630E-04  0.37655021E-04
  0.77000000E+00 -0.46991107E-04  0.32039729E-04
  0.78000000E+00 -0.49389406E-04  0.24946688E-04
  0.79000000E+00 -0.50576472E-04  0.17798425E-04
  0.80000000E+00 -0.50904896E-04  0.11573502E-04
  0.81000000E+00 -0.50788390E-04  0.64128721E-05
  0.82000000E+00 -0.50419209E-04  0.21844961E-05
  0.83000000E+00 -0.49918903E-04 -0.16573502E-05
  0.84000000E+00 -0.49296649E-04 -0.54608379E-05
  0.85000000E+00 -0.48521275E-04 -0.95067768E-05
  0.86000000E+00 -0.47501366E-04 -0.13844378E-04
  0.87000000E+00 -0.46256350E-04 -0.18154471E-04
  0.88000000E+00 -0.44748814E-04 -0.22456087E-04
  0.89000000E+00 -0.42970564E-04 -0.26661706E-04
  0.90000000E+00 -0.41015155E-04 -0.30639919E-04
  0.91000000E+00 -0.38941052E-04 -0.34379771E-04
  0.92000000E+00 -0.36735946E-04 -0.37923848E-04
  0.93000000E+00 -0.34409053E-04 -0.41313420E-04
  0.94000000E+00 -0.32015107E-04 -0.44572962E-04
  0.95000000E+00 -0.29541661E-04 -0.47697618E-04
  0.96000000E+00 -0.26973148E-04 -0.50634008E-04
  0.97000000E+00 -0.24414464E-04 -0.53363519E-04
  0.98000000E+00 -0.21907720E-04 -0.56031626E-04
  0.99000000E+00 -0.19387296E-04 -0.58823400E-04
  0.10000000E+01 -0.16737494E-04 -0.61631405E-04
  0.10100000E+01 -0.13935744E-04 -0.64287072E-04
  0.10200000E+01 -0.11168326E-04 -0.67089536E-04
  0.10300000E+01 -0.80901363E-05 -0.70215913E-04
  0.10400000E+01 -0.44852213E-05 -0.72912540E-04
  0.10500000E+01 -0.52868575E-06 -0.73461520E-04
  0.10600000E+01  0.29386174E-05 -0.71728756E-04
  0.10700000E+01  0.61335113E-05 -0.68683155E-04
  0.10800000E+01  0.90516285E-05 -0.64375182E-04
  0.10900000E+01  0.12139787E-04 -0.57470273E-04
  0.11000000E+01  0.15200952E-04 -0.46498118E-04
  0.11100000E+01  0.17777396E-04 -0.31050568E-04
  0.11200000E+01  0.19180484E-04 -0.10407292E-04
  0.11300000E+01  0.13456682E-04  0.89341705E-05
  0.11400000E+01  0.41688881E-05  0.29029185E-04
  0.11500000E+01  0.35105049E-05  0.29994752E-04
  0.11600000E+01 -0.25485291E-05  0.44545534E-04
  0.11700000E+01 -0.15240443E-04  0.43806791E-04
  0.11800000E+01 -0.26732032E-04  0.32520339E-04
  0.11900000E+01 -0.34352116E-04  0.12697547E-04
  0.12000000E+01 -0.37810985E-04 -0.11093392E-04
  0.12100000E+01 -0.37659343E-04 -0.36843173E-04
  0.12200000E+01 -0.34717571E-04 -0.62880999E-04
  0.12300000E+01 -0.29531105E-04 -0.87188116E-04
  0.12400000E+01 -0.22375987E-04 -0.10741913E-03
  0.12500000E+01 -0.13865497E-04 -0.12044538E-03
  0.12600000E+01 -0.52535100E-05 -0.12542557E-03
  0.12700000E+01  0.32958662E-05 -0.12297389E-03
  0.12800000E+01  0.11782144E-04 -0.11121327E-03
  0.12900000E+01  0.19566782E-04 -0.88128537E-04
  0.13000000E+01  0.25556814E-04 -0.53771577E-04
  0.13100000E+01  0.28294995E-04 -0.10521690E-04
  0.13200000E+01  0.25434575E-04  0.36363364E-04
  0.13300000E+01  0.14267838E-04  0.78870541E-04
  0.13400000E+01 -0.60430607E-05  0.10754674E-03
  0.13500000E+01 -0.31862873E-04  0.11562193E-03
  0.13600000E+01 -0.55900632E-04  0.10153758E-03
  0.13700000E+01 -0.72326930E-04  0.69606671E-04
  0.13800000E+01 -0.79969510E-04  0.28067147E-04
  0.13900000E+01 -0.80867416E-04 -0.14149292E-04
  0.14000000E+01 -0.77647495E-04 -0.50204430E-04
  0.14100000E+01 -0.72318756E-04 -0.76571671E-04
  0.14200000E+01 -0.66148758E-04 -0.92944415E-04
  0.14300000E+01 -0.59883254E-04 -0.10118382E-03
  0.14400000E+01 -0.53922184E-04 -0.10372503E-03
  0.14500000E+01 -0.48243052E-04 -0.10273839E-03
  0.14600000E+01 -0.43252548E-04 -0.10005975E-03
  0.14700000E+01 -0.38759272E-04 -0.96820377E-04
  0.14800000E+01 -0.34524771E-04 -0.93379186E-04
  0.14900000E+01 -0.30737676E-04 -0.89830387E-04
  0.15000000E+01 -0.27323139E-04 -0.86417001E-04
  0.15100000E+01 -0.24216885E-04 -0.83227407E-04
  0.15200000E+01 -0.21374167E-04 -0.80286885E-04
  0.15300000E+01 -0.18741642E-04 -0.77603813E-04
  0.15400000E+01 -0.16280615E-04 -0.75142410E-04
  0.15500000E+01 -0.13991522E-04 -0.72867125E-04
  0.15600000E+01 -0.11730688E-04 -0.70760617E-04
  0.15700000E+01 -0.97150322E-05 -0.68811686E-04
  0.15800000E+01 -0.77642923E-05 -0.66985128E-04
  0.15900000E+01 -0.59097789E-05 -0.65270733E-04
  0.16000000E+01 -0.41397684E-05 -0.63629412E-04
  0.16100000E+01 -0.24543244E-05 -0.62020590E-04
  0.16200000E+01 -0.86631463E-06 -0.60436294E-04
  0.16300000E+01  0.60064054E-06 -0.58900508E-04
  0.16400000E+01  0.19300577E-05 -0.57474011E-04
  0.16500000E+01  0.31304693E-05 -0.56228206E-04
  0.16600000E+01  0.42332549E-05 -0.55230857E-04
  0.16700000E+01  0.52737439E-05 -0.54494600E-04
  0.16800000E+01  0.62679883E-05 -0.53974226E-04
  0.16900000E+01  0.72124245E-05 -0.53733883E-04
  0.17000000E+01  0.82018450E-05 -0.53862891E-04
  0.17100000E+01  0.93512004E-05 -0.54104905E-04
  0.17200000E+01  0.10599074E-04 -0.54181106E-04
  0.17300000E+01  0.11891069E-04 -0.54060672E-04
  0.17400000E+01  0.13152725E-04 -0.53803899E-04
  0.17500000E+01  0.14408073E-04 -0.53591589E-04
  0.17600000E+01  0.15676242E-04 -0.53319220E-04
  0.17700000E+01  0.16927342E-04 -0.52965145E-04
  0.17800000E+01  0.18175125E-04 -0.52536022E-04
  0.17900000E+01  0.19446430E-04 -0.51979196E-04
  0.18000000E+01  0.20752727E-04 -0.51167557E-04
  0.18100000E+01  0.22029742E-04 -0.50131364E-04
  0.18200000E+01  0.23308349E-04 -0.48913337E-04
  0.18300000E+01  0.24623514E-04 -0.46799909E-04
  0.18400000E+01  0.25001625E-04 -0.42003618E-04
  0.18500000E+01  0.23949192E-04 -0.42618609E-04
  0.18600000E+01  0.25229144E-04 -0.41594586E-04
  0.18700000E+01  0.25683798E-04 -0.39818648E-04
  0.18800000E+01  0.25775818E-04 -0.38895685E-04
  0.18900000E+01  0.25880532E-04 -0.39036941E-04
  0.19000000E+01  0.26260213E-04 -0.39837390E-04
  0.19100000E+01  0.27015002E-04 -0.40610182E-04
  0.19200000E+01  0.28027074E-04 -0.40875521E-04
  0.19300000E+01  0.29073868E-04 -0.40682759E-04
  0.19400000E+01  0.30111769E-04 -0.40332211E-04
  0.19500000E+01  0.31134817E-04 -0.39895288E-04
  0.19600000E+01  0.32151485E-04 -0.39397830E-04
  0.19700000E+01  0.33181781E-04 -0.38780776E-04
  0.19800000E+01  0.34134706E-04 -0.38115714E-04
  0.19900000E+01  0.35188681E-04 -0.37304847E-04
  0.20000000E+01  0.36248162E-04 -0.36668830E-04
  0.20100000E+01  0.37465767E-04 -0.35715128E-04
  0.20200000E+01  0.38687902E-04 -0.34537688E-04
  0.20300000E+01  0.39888443E-04 -0.33160929E-04
  0.20400000E+01  0.41040621E-04 -0.31620234E-04
  0.20500000E+01  0.42147498E-04 -0.29900676E-04
  0.20600000E+01  0.43123726E-04 -0.28149856E-04
  0.20700000E+01  0.44008559E-04 -0.26310562E-04
  0.20800000E+01  0.44748268E-04 -0.24404280E-04
  0.20900000E+01  0.45328795E-04 -0.22466678E-04
  0.21000000E+01  0.45661504E-04 -0.20710318E-04
  0.21100000E+01  0.45836837E-04 -0.19780424E-04
  0.21200000E+01  0.46162577E-04 -0.20314755E-04
  0.21300000E+01  0.46938010E-04 -0.23002990E-04
  0.21400000E+01  0.49106165E-04 -0.29153058E-04
  0.21500000E+01  0.62277672E-04 -0.35382795E-04
  0.21600000E+01  0.63721376E-04 -0.12910133E-04
  0.21700000E+01  0.63419447E-04 -0.36861414E-05
  0.21800000E+01  0.62374738E-04  0.46739579E-05
  0.21900000E+01  0.60727482E-04  0.87995473E-05
  0.22000000E+01  0.59381869E-04  0.10307004E-04
  0.22100000E+01  0.58724554E-04  0.94431027E-05
  0.22200000E+01  0.59635891E-04  0.53078933E-05
  0.22300000E+01  0.64033942E-04 -0.58141424E-05
  0.22400000E+01  0.84679454E-04 -0.33538818E-04
  0.22500000E+01  0.83610105E-04  0.67859558E-04
  0.22600000E+01  0.64823636E-04  0.81867878E-04
  0.22700000E+01  0.58646165E-04  0.89697500E-04
  0.22800000E+01  0.45429571E-04  0.89922133E-04
  0.22900000E+01  0.35730862E-04  0.85533212E-04
  0.23000000E+01  0.28979112E-04  0.84303488E-04
  0.23100000E+01  0.26171242E-04  0.88090699E-04
  0.23200000E+01  0.19599493E-04  0.92198632E-04
  0.23300000E+01  0.13390240E-04  0.85930917E-04
  0.23400000E+01  0.95030347E-05  0.82402376E-04
  0.23500000E+01  0.57470649E-05  0.77928857E-04
  0.23600000E+01  0.26627291E-05  0.72610905E-04
  0.23700000E+01  0.23528008E-06  0.67371749E-04
  0.23800000E+01 -0.16873667E-05  0.62670828E-04
  0.23900000E+01 -0.32540344E-05  0.58685864E-04
  0.24000000E+01 -0.45869139E-05  0.55409019E-04
  0.24100000E+01 -0.57756895E-05  0.52745307E-04
  0.24200000E+01 -0.69066494E-05  0.50578557E-04
  0.24300000E+01 -0.80361870E-05  0.48799003E-04
  0.24400000E+01 -0.92193965E-05  0.47283412E-04
  0.24500000E+01 -0.10475053E-04  0.45870308E-04
  0.24600000E+01 -0.11715247E-04  0.44340841E-04
  0.24700000E+01 -0.12896960E-04  0.43004490E-04
  0.24800000E+01 -0.14137050E-04  0.41725652E-04
  0.24900000E+01 -0.15395695E-04  0.40322372E-04
  0.25000000E+01 -0.16654198E-04  0.38769849E-04
  0.25100000E+01 -0.17925487E-04  0.36963907E-04
  0.25200000E+01 -0.18997726E-04  0.34792834E-04
  0.25300000E+01 -0.19927181E-04  0.32617548E-04
  0.25400000E+01 -0.20789733E-04  0.30547225E-04
  0.25500000E+01 -0.21573040E-04  0.28439314E-04
  0.25600000E+01 -0.22265495E-04  0.26342729E-04
  0.25700000E+01 -0.22908785E-04  0.24295172E-04
  0.25800000E+01 -0.23637862E-04  0.22220846E-04
  0.25900000E+01 -0.24165623E-04  0.19746006E-04
  0.26000000E+01 -0.24556630E-04  0.17422635E-04
  0.26100000E+01 -0.25015486E-04  0.15477024E-04
  0.26200000E+01 -0.25407043E-04  0.12667651E-04
  0.26300000E+01 -0.25562123E-04  0.10151256E-04
  0.26400000E+01 -0.25614699E-04  0.77169910E-05
  0.26500000E+01 -0.25550231E-04  0.53595315E-05
  0.26600000E+01 -0.25376080E-04  0.31462829E-05
  0.26700000E+01 -0.25098396E-04  0.11064406E-05
  0.26800000E+01 -0.24736259E-04 -0.73673988E-06
  0.26900000E+01 -0.24313056E-04 -0.23757870E-05
  0.27000000E+01 -0.23835321E-04 -0.38072128E-05
  0.27100000E+01 -0.23307093E-04 -0.50289353E-05
  0.27200000E+01 -0.22739279E-04 -0.60367798E-05
  0.27300000E+01 -0.22141524E-04 -0.68244606E-05
  0.27400000E+01 -0.21537627E-04 -0.73931064E-05
  0.27500000E+01 -0.20972246E-04 -0.77667932E-05
  0.27600000E+01 -0.20471582E-04 -0.79979757E-05
  0.27700000E+01 -0.20028348E-04 -0.81549692E-05
  0.27800000E+01 -0.19622975E-04 -0.82989709E-05
  0.27900000E+01 -0.19240912E-04 -0.84662462E-05
  0.28000000E+01 -0.18872737E-04 -0.86654859E-05
  0.28100000E+01 -0.18514793E-04 -0.88887149E-05
  0.28200000E+01 -0.18170537E-04 -0.91208539E-05
  0.28300000E+01 -0.17839820E-04 -0.93339009E-05
  0.28400000E+01 -0.17519695E-04 -0.94821951E-05
  0.28500000E+01 -0.17222317E-04 -0.95289019E-05
  0.28600000E+01 -0.16974025E-04 -0.94830825E-05
  0.28700000E+01 -0.16785691E-04 -0.93936646E-05
  0.28800000E+01 -0.16649287E-04 -0.93073904E-05
  0.28900000E+01 -0.16550899E-04 -0.92404726E-05
  0.29000000E+01 -0.16474684E-04 -0.91642993E-05
  0.29100000E+01 -0.16423679E-04 -0.90056324E-05
  0.29200000E+01 -0.16440856E-04 -0.87265237E-05
  0.29300000E+01 -0.16556589E-04 -0.84663120E-05
  0.29400000E+01 -0.16738658E-04 -0.82922208E-05
  0.29500000E+01 -0.16934279E-04 -0.85686134E-05
  0.29600000E+01 -0.16787796E-04 -0.82905932E-05
  0.29700000E+01 -0.17559926E-04 -0.76043263E-05
  0.29800000E+01 -0.17952185E-04 -0.87067914E-05
  0.29900000E+01 -0.17864880E-04 -0.77419379E-05
  0.30000000E+01 -0.18499712E-04 -0.94272414E-05
  0.30100000E+01 -0.18769345E-04 -0.10134702E-04
  0.30200000E+01 -0.18991254E-04 -0.10915337E-04
  0.30300000E+01 -0.19142497E-04 -0.11502563E-04
  0.30400000E+01 -0.19383258E-04 -0.11732346E-04
  0.30500000E+01 -0.19750004E-04 -0.12058868E-04
  0.30600000E+01 -0.20152544E-04 -0.12617866E-04
  0.30700000E+01 -0.20523792E-04 -0.12880471E-04
  0.30800000E+01 -0.21143801E-04 -0.13063608E-04
  0.30900000E+01 -0.21997498E-04 -0.13537668E-04
  0.31000000E+01 -0.22994334E-04 -0.14820108E-04
  0.31100000E+01 -0.23952484E-04 -0.18595995E-04
  0.31200000E+01 -0.22994123E-04 -0.24396286E-04
  0.31300000E+01 -0.21532649E-04 -0.27627664E-04
  0.31400000E+01 -0.20102533E-04 -0.30046507E-04
  0.31500000E+01 -0.18691473E-04 -0.32037790E-04
  0.31600000E+01 -0.17289266E-04 -0.33744828E-04
  0.31700000E+01 -0.15892127E-04 -0.35229798E-04
  0.31800000E+01 -0.14497583E-04 -0.36534998E-04
  0.31900000E+01 -0.13103130E-04 -0.37688945E-04
  0.32000000E+01 -0.11705943E-04 -0.38715892E-04
  0.32100000E+01 -0.10302465E-04 -0.39635184E-04
  0.32200000E+01 -0.88893229E-05 -0.40460804E-04
  0.32300000E+01 -0.74628334E-05 -0.41203477E-04
  0.32400000E+01 -0.60185363E-05 -0.41872077E-04
  0.32500000E+01 -0.45516269E-05 -0.42474043E-04
  0.32600000E+01 -0.30558990E-05 -0.43015833E-04
  0.32700000E+01 -0.15236718E-05 -0.43503565E-04
  0.32800000E+01  0.54006352E-07 -0.43943696E-04
  0.32900000E+01  0.16887487E-05 -0.44343435E-04
  0.33000000E+01  0.33961604E-05 -0.44712050E-04
  0.33100000E+01  0.51962268E-05 -0.45062962E-04
  0.33200000E+01  0.71133665E-05 -0.45416106E-04
  0.33300000E+01  0.91871797E-05 -0.45940893E-04
  0.33400000E+01  0.11622720E-04 -0.46506594E-04
  0.33500000E+01  0.14428019E-04 -0.46948895E-04
  0.33600000E+01  0.17750063E-04 -0.47486577E-04
  0.33700000E+01  0.22004317E-04 -0.48001865E-04
  0.33800000E+01  0.25282933E-04 -0.53046712E-04
  0.33900000E+01  0.50150804E-04 -0.44008269E-04
  0.34000000E+01  0.19883607E-04  0.29956266E-05
  0.34100000E+01  0.14683188E-04 -0.62371405E-05
  0.34200000E+01  0.12928663E-04 -0.98863198E-05
  0.34300000E+01  0.12113593E-04 -0.11727491E-04
  0.34400000E+01  0.11703563E-04 -0.12726307E-04
  0.34500000E+01  0.11496718E-04 -0.13224987E-04
  0.34600000E+01  0.11400217E-04 -0.13389029E-04
  0.34700000E+01  0.11361401E-04 -0.13309447E-04
  0.34800000E+01  0.11344934E-04 -0.13039770E-04
  0.34900000E+01  0.11324292E-04 -0.12621674E-04
  0.35000000E+01  0.11279016E-04 -0.12093498E-04
  0.35100000E+01  0.11196136E-04 -0.11490439E-04
  0.35200000E+01  0.11070167E-04 -0.10842354E-04
  0.35300000E+01  0.10899052E-04 -0.10170619E-04
  0.35400000E+01  0.10682736E-04 -0.94851066E-05
  0.35500000E+01  0.10420184E-04 -0.87835644E-05
  0.35600000E+01  0.10108307E-04 -0.80565695E-05
  0.35700000E+01  0.97436867E-05 -0.72999250E-05
  0.35800000E+01  0.93169186E-05 -0.65193415E-05
  0.35900000E+01  0.88102167E-05 -0.57069054E-05
  0.36000000E+01  0.81888845E-05 -0.49101679E-05
  0.36100000E+01  0.74053802E-05 -0.44451124E-05
  0.36200000E+01  0.66205916E-05 -0.46272854E-05
  0.36300000E+01  0.60546903E-05 -0.52009011E-05
  0.36400000E+01  0.56214817E-05 -0.57618952E-05
  0.36500000E+01  0.52731849E-05 -0.63226280E-05
  0.36600000E+01  0.50242769E-05 -0.70626518E-05
  0.36700000E+01  0.49567987E-05 -0.79741670E-05
  0.36800000E+01  0.51208516E-05 -0.87320009E-05
  0.36900000E+01  0.53552333E-05 -0.90046091E-05
  0.37000000E+01  0.55307498E-05 -0.88531496E-05
  0.37100000E+01  0.56388173E-05 -0.85674256E-05
  0.37200000E+01  0.56972440E-05 -0.83348947E-05
  0.37300000E+01  0.57225547E-05 -0.82041357E-05
  0.37400000E+01  0.57300279E-05 -0.81713102E-05
  0.37500000E+01  0.57396033E-05 -0.82175435E-05
  0.37600000E+01  0.57699062E-05 -0.83110911E-05
  0.37700000E+01  0.58228743E-05 -0.84128378E-05
  0.37800000E+01  0.58900759E-05 -0.84896654E-05
  0.37900000E+01  0.59686538E-05 -0.85226654E-05
  0.38000000E+01  0.60592795E-05 -0.85041998E-05
  0.38100000E+01  0.61581074E-05 -0.84324733E-05
  0.38200000E+01  0.62526377E-05 -0.83105452E-05
  0.38300000E+01  0.63318234E-05 -0.81462606E-05
  0.38400000E+01  0.63756254E-05 -0.79012157E-05
  0.38500000E+01  0.64474956E-05 -0.77340140E-05
  0.38600000E+01  0.65218249E-05 -0.72702325E-05
  0.38700000E+01  0.64374837E-05 -0.71109464E-05
  0.38800000E+01  0.64066850E-05 -0.68089405E-05
  0.38900000E+01  0.62123751E-05 -0.67043895E-05
  0.39000000E+01  0.62858652E-05 -0.45943689E-05
  0.39100000E+01  0.49065198E-05 -0.57579254E-05
  0.39200000E+01  0.51824828E-05 -0.78426330E-05
  0.39300000E+01  0.61346004E-05 -0.79431021E-05
  0.39400000E+01  0.62694157E-05 -0.72889726E-05
  0.39500000E+01  0.62663599E-05 -0.67473750E-05
  0.39600000E+01  0.61642380E-05 -0.62424604E-05
  0.39700000E+01  0.59095881E-05 -0.54682073E-05
  0.39800000E+01  0.44389868E-05 -0.41633775E-05
  0.39900000E+01  0.59143905E-05 -0.97312651E-05
  0.40000000E+01  0.73810198E-05 -0.48695856E-05
  0.40100000E+01  0.50098863E-05 -0.64858221E-05
  0.40200000E+01  0.54357115E-05 -0.79460009E-05
  0.40300000E+01  0.59886969E-05 -0.67568377E-05
  0.40400000E+01  0.57583150E-05 -0.62718373E-05
  0.40500000E+01  0.56302087E-05 -0.62354039E-05
  0.40600000E+01  0.55255796E-05 -0.62093631E-05
  0.40700000E+01  0.54071182E-05 -0.62385034E-05
  0.40800000E+01  0.53008418E-05 -0.64964078E-05
  0.40900000E+01  0.53531592E-05 -0.66765941E-05
  0.41000000E+01  0.54010647E-05 -0.66454818E-05
  0.41100000E+01  0.54313254E-05 -0.65432544E-05
  0.41200000E+01  0.54415903E-05 -0.64297949E-05
  0.41300000E+01  0.54255952E-05 -0.63365760E-05
  0.41400000E+01  0.53819142E-05 -0.63083406E-05
  0.41500000E+01  0.53381919E-05 -0.64197463E-05
  0.41600000E+01  0.53442934E-05 -0.67068157E-05
  0.41700000E+01  0.54397449E-05 -0.72222276E-05
  0.41800000E+01  0.59107170E-05 -0.72272213E-05
  0.41900000E+01  0.59621926E-05 -0.68416718E-05
  0.42000000E+01  0.60276008E-05 -0.65980352E-05
  0.42100000E+01  0.60705205E-05 -0.64694529E-05
  0.42200000E+01  0.61075469E-05 -0.63837713E-05
  0.42300000E+01  0.61375225E-05 -0.63105281E-05
  0.42400000E+01  0.61629456E-05 -0.62599090E-05
  0.42500000E+01  0.61898006E-05 -0.62294748E-05
  0.42600000E+01  0.62210926E-05 -0.62061057E-05
  0.42700000E+01  0.62521860E-05 -0.61784511E-05
  0.42800000E+01  0.62806602E-05 -0.61463853E-05
  0.42900000E+01  0.63060368E-05 -0.61149345E-05
  0.43000000E+01  0.63294567E-05 -0.60872771E-05
  0.43100000E+01  0.63515798E-05 -0.60625442E-05
  0.43200000E+01  0.63728185E-05 -0.60404872E-05
  0.43300000E+01  0.63932071E-05 -0.60201245E-05
  0.43400000E+01  0.64132814E-05 -0.60004542E-05
  0.43500000E+01  0.64334204E-05 -0.59805960E-05
  0.43600000E+01  0.64536723E-05 -0.59597513E-05
  0.43700000E+01  0.64737198E-05 -0.59373344E-05
  0.43800000E+01  0.64932848E-05 -0.59133018E-05
  0.43900000E+01  0.65122290E-05 -0.58884067E-05
  0.44000000E+01  0.65307990E-05 -0.58644129E-05
  0.44100000E+01  0.65500819E-05 -0.58447384E-05
  0.44200000E+01  0.65771308E-05 -0.58293213E-05
  0.44300000E+01  0.65983697E-05 -0.57800644E-05
  0.44400000E+01  0.66123147E-05 -0.57891122E-05
  0.44500000E+01  0.66650009E-05 -0.57898607E-05
  0.44600000E+01  0.67099914E-05 -0.57699949E-05
  0.44700000E+01  0.67545049E-05 -0.57439080E-05
  0.44800000E+01  0.67993468E-05 -0.57112022E-05
  0.44900000E+01  0.68452727E-05 -0.56702224E-05
  0.45000000E+01  0.68904728E-05 -0.56198755E-05
  0.45100000E+01  0.69345107E-05 -0.55596852E-05
  0.45200000E+01  0.69758323E-05 -0.54918666E-05
  0.45300000E+01  0.70134705E-05 -0.54205373E-05
  0.45400000E+01  0.70483763E-05 -0.53500580E-05
  0.45500000E+01  0.70821810E-05 -0.52830428E-05
  0.45600000E+01  0.71161557E-05 -0.52196384E-05
  0.45700000E+01  0.71514283E-05 -0.51580817E-05
  0.45800000E+01  0.71889130E-05 -0.50952812E-05
  0.45900000E+01  0.72291110E-05 -0.50261282E-05
  0.46000000E+01  0.72718734E-05 -0.49415395E-05
  0.46100000E+01  0.73150994E-05 -0.48269576E-05
  0.46200000E+01  0.73521246E-05 -0.46647509E-05
  0.46300000E+01  0.73686566E-05 -0.44658399E-05
  0.46400000E+01  0.73662796E-05 -0.42708268E-05
  0.46500000E+01  0.73547566E-05 -0.40918061E-05
  0.46600000E+01  0.73413352E-05 -0.38930425E-05
  0.46700000E+01  0.72982738E-05 -0.38294468E-05
  0.46800000E+01  0.73145811E-05 -0.36859904E-05
  0.46900000E+01  0.72560080E-05 -0.33198920E-05
  0.47000000E+01  0.72310819E-05 -0.32619880E-05
  0.47100000E+01  0.71928724E-05 -0.30632437E-05
  0.47200000E+01  0.71405525E-05 -0.28909210E-05
  0.47300000E+01  0.70850879E-05 -0.27343050E-05
  0.47400000E+01  0.70246144E-05 -0.25788611E-05
  0.47500000E+01  0.69586342E-05 -0.24314975E-05
  0.47600000E+01  0.68889069E-05 -0.23011011E-05
  0.47700000E+01  0.68172157E-05 -0.21886391E-05
  0.47800000E+01  0.67449628E-05 -0.20905817E-05
  0.47900000E+01  0.66725205E-05 -0.20030155E-05
  0.48000000E+01  0.65998569E-05 -0.19236108E-05
  0.48100000E+01  0.65269454E-05 -0.18508003E-05
  0.48200000E+01  0.64527214E-05 -0.17890886E-05
  0.48300000E+01  0.63797151E-05 -0.17379117E-05
  0.48400000E+01  0.63072916E-05 -0.16959843E-05
  0.48500000E+01  0.62363697E-05 -0.16624233E-05
  0.48600000E+01  0.61679473E-05 -0.16344882E-05
  0.48700000E+01  0.61026091E-05 -0.16076065E-05
  0.48800000E+01  0.60409756E-05 -0.15760352E-05
  0.48900000E+01  0.59827977E-05 -0.15335769E-05
  0.49000000E+01  0.59271120E-05 -0.14743581E-05
  0.49100000E+01  0.58717262E-05 -0.13938546E-05
  0.49200000E+01  0.58123190E-05 -0.12930912E-05
  0.49300000E+01  0.57431277E-05 -0.11827844E-05
  0.49400000E+01  0.56601754E-05 -0.10784173E-05
  0.49500000E+01  0.55605636E-05 -0.99497234E-06
  0.49600000E+01  0.54458772E-05 -0.94603083E-06
  0.49700000E+01  0.53236145E-05 -0.94131554E-06
  0.49800000E+01  0.52056170E-05 -0.98327447E-06
  0.49900000E+01  0.51026055E-05 -0.10655892E-05
  0.50000000E+01  0.50187369E-05 -0.11755531E-05
  0.50100000E+01  0.49524525E-05 -0.12986857E-05
  0.50200000E+01  0.48999379E-05 -0.14216907E-05
  0.50300000E+01  0.48572730E-05 -0.15329719E-05
  0.50400000E+01  0.48202709E-05 -0.16226207E-05
  0.50500000E+01  0.47845997E-05 -0.16890226E-05
  0.50600000E+01  0.47474544E-05 -0.17434900E-05
  0.50700000E+01  0.47123912E-05 -0.17947492E-05
  0.50800000E+01  0.46814698E-05 -0.18412947E-05
  0.50900000E+01  0.46548501E-05 -0.18792794E-05
  0.51000000E+01  0.46313922E-05 -0.19100956E-05
  0.51100000E+01  0.46107831E-05 -0.19344721E-05
  0.51200000E+01  0.45910059E-05 -0.19549350E-05
  0.51300000E+01  0.45717808E-05 -0.19743125E-05
  0.51400000E+01  0.45531661E-05 -0.19934520E-05
  0.51500000E+01  0.45352381E-05 -0.20130140E-05
  0.51600000E+01  0.45180126E-05 -0.20334870E-05
  0.51700000E+01  0.45014928E-05 -0.20551860E-05
  0.51800000E+01  0.44858529E-05 -0.20782463E-05
  0.51900000E+01  0.44713723E-05 -0.21026073E-05
  0.52000000E+01  0.44582208E-05 -0.21279964E-05
  0.52100000E+01  0.44463432E-05 -0.21539330E-05
  0.52200000E+01  0.44356351E-05 -0.21797477E-05
  0.52300000E+01  0.44260325E-05 -0.22045682E-05
  0.52400000E+01  0.44174164E-05 -0.22273317E-05
  0.52500000E+01  0.44094841E-05 -0.22471589E-05
  0.52600000E+01  0.44016874E-05 -0.22640804E-05
  0.52700000E+01  0.43931205E-05 -0.22775731E-05
  0.52800000E+01  0.43827002E-05 -0.22858912E-05
  0.52900000E+01  0.44034112E-05 -0.23004193E-05
  0.53000000E+01  0.43249627E-05 -0.23271076E-05
  0.53100000E+01  0.42979569E-05 -0.23936401E-05
  0.53200000E+01  0.42923600E-05 -0.25195907E-05
  0.53300000E+01  0.43128458E-05 -0.26123175E-05
  0.53400000E+01  0.43333750E-05 -0.26682343E-05
  0.53500000E+01  0.43531468E-05 -0.27212583E-05
  0.53600000E+01  0.43742579E-05 -0.27773448E-05
  0.53700000E+01  0.43981967E-05 -0.28362226E-05
  0.53800000E+01  0.44259188E-05 -0.28967756E-05
  0.53900000E+01  0.44580465E-05 -0.29573622E-05
  0.54000000E+01  0.44948296E-05 -0.30162200E-05
  0.54100000E+01  0.45360433E-05 -0.30719898E-05
  0.54200000E+01  0.45812940E-05 -0.31240725E-05
  0.54300000E+01  0.46303110E-05 -0.31725936E-05
  0.54400000E+01  0.46830231E-05 -0.32179738E-05
  0.54500000E+01  0.47395460E-05 -0.32609630E-05
  0.54600000E+01  0.48001478E-05 -0.33050666E-05
  0.54700000E+01  0.48653416E-05 -0.33590125E-05
  0.54800000E+01  0.49379302E-05 -0.34275517E-05
  0.54900000E+01  0.50272911E-05 -0.34931405E-05
  0.55000000E+01  0.51334818E-05 -0.35226456E-05
  0.55100000E+01  0.52389904E-05 -0.35014592E-05
  0.55200000E+01  0.53339768E-05 -0.34441337E-05
  0.55300000E+01  0.54174429E-05 -0.33723091E-05
  0.55400000E+01  0.54909492E-05 -0.32983474E-05
  0.55500000E+01  0.55562473E-05 -0.32261039E-05
  0.55600000E+01  0.56147129E-05 -0.31559951E-05
  0.55700000E+01  0.56674323E-05 -0.30876959E-05
  0.55800000E+01  0.57152643E-05 -0.30208546E-05
  0.55900000E+01  0.57588794E-05 -0.29551877E-05
  0.56000000E+01  0.57987787E-05 -0.28907883E-05
  0.56100000E+01  0.58354771E-05 -0.28276161E-05
  0.56200000E+01  0.58695489E-05 -0.27663229E-05
  0.56300000E+01  0.59013790E-05 -0.27060133E-05
  0.56400000E+01  0.59314680E-05 -0.26468213E-05
  0.56500000E+01  0.59598227E-05 -0.25881399E-05
  0.56600000E+01  0.59864989E-05 -0.25298897E-05
  0.56700000E+01  0.60115471E-05 -0.24722637E-05
  0.56800000E+01  0.60349680E-05 -0.24152967E-05
  0.56900000E+01  0.60567758E-05 -0.23590474E-05
  0.57000000E+01  0.60770929E-05 -0.23036615E-05
  0.57100000E+01  0.60961688E-05 -0.22492580E-05
  0.57200000E+01  0.61142920E-05 -0.21958181E-05
  0.57300000E+01  0.61317570E-05 -0.21431302E-05
  0.57400000E+01  0.61488690E-05 -0.20907662E-05
  0.57500000E+01  0.61658662E-05 -0.20380864E-05
  0.57600000E+01  0.61828260E-05 -0.19842793E-05
  0.57700000E+01  0.61996810E-05 -0.19284323E-05
  0.57800000E+01  0.62162691E-05 -0.18696211E-05
  0.57900000E+01  0.62323521E-05 -0.18069971E-05
  0.58000000E+01  0.62476542E-05 -0.17398495E-05
  0.58100000E+01  0.62619328E-05 -0.16676326E-05
  0.58200000E+01  0.62749860E-05 -0.15899569E-05
  0.58300000E+01  0.62866021E-05 -0.15065587E-05
  0.58400000E+01  0.62965549E-05 -0.14172649E-05
  0.58500000E+01  0.63046595E-05 -0.13219755E-05
  0.58600000E+01  0.63107679E-05 -0.12206708E-05
  0.58700000E+01  0.63146768E-05 -0.11134449E-05
  0.58800000E+01  0.63160519E-05 -0.10005541E-05
  0.58900000E+01  0.63144376E-05 -0.88246383E-06
  0.59000000E+01  0.63093213E-05 -0.75988018E-06
  0.59100000E+01  0.63002003E-05 -0.63375972E-06
  0.59200000E+01  0.62865737E-05 -0.50529520E-06
  0.59300000E+01  0.62679260E-05 -0.37588311E-06
  0.59400000E+01  0.62437942E-05 -0.24707780E-06
  0.59500000E+01  0.62139110E-05 -0.12053587E-06
  0.59600000E+01  0.61783221E-05  0.20475049E-08
  0.59700000E+01  0.61374043E-05  0.11900945E-06
  0.59800000E+01  0.60917762E-05  0.22879450E-06
  0.59900000E+01  0.60421843E-05  0.33002775E-06
  0.60000000E+01  0.59894101E-05  0.42157783E-06
  0.60100000E+01  0.59342144E-05  0.50260096E-06
  0.60200000E+01  0.58773124E-05  0.57256052E-06
  0.60300000E+01  0.58193540E-05  0.63122074E-06
  0.60400000E+01  0.57609147E-05  0.67861780E-06
  0.60500000E+01  0.57025015E-05  0.71501546E-06
  0.60600000E+01  0.56445665E-05  0.74085270E-06
  0.60700000E+01  0.55875277E-05  0.75669085E-06
  0.60800000E+01  0.55317787E-05  0.76316500E-06
  0.60900000E+01  0.54776956E-05  0.76094247E-06
  0.61000000E+01  0.54256371E-05  0.75068928E-06
  0.61100000E+01  0.53759353E-05  0.73304480E-06
  0.61200000E+01  0.53288767E-05  0.70860489E-06
  0.61300000E+01  0.52846774E-05  0.67791448E-06
  0.61400000E+01  0.52434823E-05  0.64147074E-06
  0.61500000E+01  0.52053964E-05  0.59973793E-06
  0.61600000E+01  0.51705310E-05  0.55317331E-06
  0.61700000E+01  0.51390258E-05  0.50226162E-06
  0.61800000E+01  0.51110375E-05  0.44755286E-06
  0.61900000E+01  0.50867226E-05  0.38969649E-06
  0.62000000E+01  0.50662340E-05  0.32946457E-06
  0.62100000E+01  0.50497224E-05  0.26775762E-06
  0.62200000E+01  0.50373110E-05  0.20559022E-06
  0.62300000E+01  0.50290396E-05  0.14405740E-06
  0.62400000E+01  0.50248166E-05  0.84286625E-07
  0.62500000E+01  0.50244188E-05  0.27382940E-07
  0.62600000E+01  0.50275383E-05 -0.25624569E-07
  0.62700000E+01  0.50338328E-05 -0.73828551E-07
  0.62800000E+01  0.50429445E-05 -0.11647772E-06
  0.62900000E+01  0.50545045E-05 -0.15299946E-06
  0.63000000E+01  0.50681410E-05 -0.18301291E-06
  0.63100000E+01  0.50835001E-05 -0.20633560E-06
  0.63200000E+01  0.51002497E-05 -0.22298614E-06
  0.63300000E+01  0.51180579E-05 -0.23318327E-06
  0.63400000E+01  0.51365757E-05 -0.23733969E-06
  0.63500000E+01  0.51554506E-05 -0.23604753E-06
  0.63600000E+01  0.51743730E-05 -0.23005241E-06
  0.63700000E+01  0.51931123E-05 -0.22021449E-06
  0.63800000E+01  0.52115156E-05 -0.20745794E-06
  0.63900000E+01  0.52294866E-05 -0.19271312E-06
  0.64000000E+01  0.52469744E-05 -0.17685829E-06
  0.64100000E+01  0.52639802E-05 -0.16066893E-06
  0.64200000E+01  0.52805669E-05 -0.14478140E-06
  0.64300000E+01  0.52968596E-05 -0.12967547E-06
  0.64400000E+01  0.53130363E-05 -0.11567542E-06
  0.64500000E+01  0.53293000E-05 -0.10296579E-06
  0.64600000E+01  0.53458367E-05 -0.91614030E-07
  0.64700000E+01  0.53627805E-05 -0.81591836E-07
  0.64800000E+01  0.53802251E-05 -0.72788558E-07
  0.64900000E+01  0.53982771E-05 -0.65014371E-07
  0.65000000E+01  0.54170962E-05 -0.57996237E-07
  0.65100000E+01  0.54368801E-05 -0.51373748E-07
  0.65200000E+01  0.54578179E-05 -0.44703218E-07
  0.65300000E+01  0.54800485E-05 -0.37475942E-07
  0.65400000E+01  0.55036119E-05 -0.29151123E-07
  0.65500000E+01  0.55283833E-05 -0.19197895E-07
  0.65600000E+01  0.55540547E-05 -0.71367924E-08
  0.65700000E+01  0.55802160E-05  0.74290535E-08
  0.65800000E+01  0.56064944E-05  0.24798163E-07
  0.65900000E+01  0.56326397E-05  0.45168493E-07
  0.66000000E+01  0.56585146E-05  0.68639754E-07
  0.66100000E+01  0.56840345E-05  0.95207885E-07
  0.66200000E+01  0.57091108E-05  0.12474156E-06
  0.66300000E+01  0.57336087E-05  0.15693917E-06
  0.66400000E+01  0.57573251E-05  0.19127822E-06
  0.66500000E+01  0.57800155E-05  0.22698369E-06
  0.66600000E+01  0.58014734E-05  0.26305270E-06
  0.66700000E+01  0.58216206E-05  0.29837089E-06
  0.66800000E+01  0.58405749E-05  0.33193521E-06
  0.66900000E+01  0.58586894E-05  0.36315604E-06
  0.67000000E+01  0.58765612E-05  0.39215976E-06
  0.67100000E+01  0.58950187E-05  0.41997421E-06
  0.67200000E+01  0.59150304E-05  0.44848303E-06
  0.67300000E+01  0.59373619E-05  0.48009464E-06
  0.67400000E+01  0.59619621E-05  0.51717732E-06
  0.67500000E+01  0.59875310E-05  0.56141642E-06
  0.67600000E+01  0.60118838E-05  0.61330354E-06
  0.67700000E+01  0.60330285E-05  0.67193312E-06
  0.67800000E+01  0.60500757E-05  0.73517240E-06
  0.67900000E+01  0.60633347E-05  0.80013412E-06
  0.68000000E+01  0.60737753E-05  0.86378303E-06
  0.68100000E+01  0.60824541E-05  0.92348748E-06
  0.68200000E+01  0.60903209E-05  0.97738499E-06
  0.68300000E+01  0.60982557E-05  0.10245257E-05
  0.68400000E+01  0.61069583E-05  0.10648374E-05
  0.68500000E+01  0.61168880E-05  0.10989866E-05
  0.68600000E+01  0.61286031E-05  0.11281956E-05
  0.68700000E+01  0.61429196E-05  0.11540371E-05
  0.68800000E+01  0.61603827E-05  0.11782190E-05
  0.68900000E+01  0.61809488E-05  0.12023868E-05
  0.69000000E+01  0.62043394E-05  0.12279970E-05
  0.69100000E+01  0.62302410E-05  0.12562863E-05
  0.69200000E+01  0.62584592E-05  0.12882781E-05
  0.69300000E+01  0.62893124E-05  0.13247184E-05
  0.69400000E+01  0.63231752E-05  0.13659082E-05
  0.69500000E+01  0.63595465E-05  0.14115486E-05
  0.69600000E+01  0.63975513E-05  0.14607906E-05
  0.69700000E+01  0.64371491E-05  0.15125647E-05
  0.69800000E+01  0.64790145E-05  0.15660931E-05
  0.69900000E+01  0.65238234E-05  0.16214001E-05
  0.70000000E+01  0.65722555E-05  0.16796379E-05
