  0.00000000E+00  0.40897466E-03 -0.53912963E-13
  0.10000000E-01  0.61594611E-04  0.50687401E-04
  0.20000000E-01 -0.12060116E-03 -0.26959314E-03
  0.30000000E-01 -0.78909731E-04  0.86189989E-04
  0.40000000E-01  0.12802199E-03 -0.64976266E-04
  0.50000000E-01  0.29574112E-03 -0.12752568E-02
  0.60000000E-01  0.95648519E-03  0.20833752E-03
  0.70000000E-01 -0.78232426E-03  0.14215943E-03
  0.80000000E-01 -0.15370991E-03  0.40173077E-04
  0.90000000E-01 -0.12781596E-03  0.30950348E-04
  0.10000000E+00 -0.62310897E-04  0.12240594E-04
  0.11000000E+00 -0.50066137E-04  0.11092914E-04
  0.12000000E+00 -0.31164315E-04  0.77193750E-05
  0.13000000E+00 -0.17782647E-04  0.51519560E-05
  0.14000000E+00 -0.97440728E-05  0.31601238E-05
  0.15000000E+00 -0.50563438E-05  0.15889852E-05
  0.16000000E+00 -0.20757288E-05  0.32788313E-06
  0.17000000E+00  0.21522454E-06 -0.67944178E-06
  0.18000000E+00  0.22633684E-05 -0.14721631E-05
  0.19000000E+00  0.42222190E-05 -0.20662656E-05
  0.20000000E+00  0.60820343E-05 -0.24621462E-05
  0.21000000E+00  0.77652946E-05 -0.26751863E-05
  0.22000000E+00  0.91864567E-05 -0.27481593E-05
  0.23000000E+00  0.10281731E-04 -0.27201578E-05
  0.24000000E+00  0.10990599E-04 -0.26170553E-05
  0.25000000E+00  0.11218518E-04 -0.24710646E-05
  0.26000000E+00  0.10820625E-04 -0.23185382E-05
  0.27000000E+00  0.96180534E-05 -0.21961779E-05
  0.28000000E+00  0.74663390E-05 -0.21716260E-05
  0.29000000E+00  0.43770459E-05 -0.23958050E-05
  0.30000000E+00  0.61887391E-06 -0.30649321E-05
  0.31000000E+00 -0.32962850E-05 -0.43162301E-05
  0.32000000E+00 -0.67496635E-05 -0.61601928E-05
  0.33000000E+00 -0.91942006E-05 -0.84910184E-05
  0.34000000E+00 -0.10297880E-04 -0.11100036E-04
  0.35000000E+00 -0.10011498E-04 -0.13721139E-04
  0.36000000E+00 -0.85394559E-05 -0.16128483E-04
  0.37000000E+00 -0.62279645E-05 -0.18210589E-04
  0.38000000E+00 -0.34358290E-05 -0.19948140E-04
  0.39000000E+00 -0.45489938E-06 -0.21358286E-04
  0.40000000E+00  0.25074465E-05 -0.22475363E-04
  0.41000000E+00  0.53156242E-05 -0.23348975E-04
  0.42000000E+00  0.78908383E-05 -0.24031335E-04
  0.43000000E+00  0.10199004E-04 -0.24565645E-04
  0.44000000E+00  0.12238596E-04 -0.24986599E-04
  0.45000000E+00  0.14028884E-04 -0.25322460E-04
  0.46000000E+00  0.15600455E-04 -0.25593170E-04
  0.47000000E+00  0.16988211E-04 -0.25812821E-04
  0.48000000E+00  0.18226531E-04 -0.25995129E-04
  0.49000000E+00  0.19346471E-04 -0.26150620E-04
  0.50000000E+00  0.20374596E-04 -0.26284969E-04
  0.51000000E+00  0.21332788E-04 -0.26403075E-04
  0.52000000E+00  0.22238652E-04 -0.26510416E-04
  0.53000000E+00  0.23106100E-04 -0.26609473E-04
  0.54000000E+00  0.23945864E-04 -0.26699950E-04
  0.55000000E+00  0.24765955E-04 -0.26782795E-04
  0.56000000E+00  0.25572019E-04 -0.26859234E-04
  0.57000000E+00  0.26367556E-04 -0.26928420E-04
  0.58000000E+00  0.27154084E-04 -0.26988597E-04
  0.59000000E+00  0.27931301E-04 -0.27038758E-04
  0.60000000E+00  0.28697247E-04 -0.27079556E-04
  0.61000000E+00  0.29448520E-04 -0.27112147E-04
  0.62000000E+00  0.30180535E-04 -0.27135923E-04
  0.63000000E+00  0.30887572E-04 -0.27150319E-04
  0.64000000E+00  0.31562323E-04 -0.27157397E-04
  0.65000000E+00  0.32194632E-04 -0.27159895E-04
  0.66000000E+00  0.32771527E-04 -0.27162041E-04
  0.67000000E+00  0.33291256E-04 -0.27180082E-04
  0.68000000E+00  0.33878400E-04 -0.27244657E-04
  0.69000000E+00  0.34658450E-04 -0.27283929E-04
  0.70000000E+00  0.35471824E-04 -0.27250314E-04
  0.71000000E+00  0.36242065E-04 -0.27170960E-04
  0.72000000E+00  0.36982802E-04 -0.27059531E-04
  0.73000000E+00  0.37690111E-04 -0.26917318E-04
  0.74000000E+00  0.38273147E-04 -0.26749991E-04
  0.75000000E+00  0.38751122E-04 -0.26624943E-04
  0.76000000E+00  0.39246435E-04 -0.26539558E-04
  0.77000000E+00  0.39781543E-04 -0.26481123E-04
  0.78000000E+00  0.40363555E-04 -0.26438963E-04
  0.79000000E+00  0.40987607E-04 -0.26403941E-04
  0.80000000E+00  0.41616831E-04 -0.26376807E-04
  0.81000000E+00  0.42426941E-04 -0.26396401E-04
  0.82000000E+00  0.43332387E-04 -0.26384000E-04
  0.83000000E+00  0.44345242E-04 -0.26344593E-04
  0.84000000E+00  0.45446005E-04 -0.26271131E-04
  0.85000000E+00  0.46629355E-04 -0.26156776E-04
  0.86000000E+00  0.47860702E-04 -0.25956345E-04
  0.87000000E+00  0.49026165E-04 -0.25729850E-04
  0.88000000E+00  0.50148296E-04 -0.25475777E-04
  0.89000000E+00  0.51244533E-04 -0.25202567E-04
  0.90000000E+00  0.52314424E-04 -0.24912462E-04
  0.91000000E+00  0.53359791E-04 -0.24607401E-04
  0.92000000E+00  0.54386687E-04 -0.24288715E-04
  0.93000000E+00  0.55404227E-04 -0.23954764E-04
  0.94000000E+00  0.56424403E-04 -0.23603765E-04
  0.95000000E+00  0.57457934E-04 -0.23234608E-04
  0.96000000E+00  0.58508949E-04 -0.22838776E-04
  0.97000000E+00  0.59573743E-04 -0.22406949E-04
  0.98000000E+00  0.60638798E-04 -0.21935975E-04
  0.99000000E+00  0.61673541E-04 -0.21422324E-04
  0.10000000E+01  0.62628595E-04 -0.20863481E-04
  0.10100000E+01  0.63446368E-04 -0.20277181E-04
  0.10200000E+01  0.64086648E-04 -0.19697673E-04
  0.10300000E+01  0.64579004E-04 -0.19163833E-04
  0.10400000E+01  0.65001724E-04 -0.18693871E-04
  0.10500000E+01  0.65313565E-04 -0.18287396E-04
  0.10600000E+01  0.65296858E-04 -0.18064127E-04
  0.10700000E+01  0.66297924E-04 -0.18278862E-04
  0.10800000E+01  0.67796423E-04 -0.18049994E-04
  0.10900000E+01  0.69231441E-04 -0.17759896E-04
  0.11000000E+01  0.71265798E-04 -0.17454521E-04
  0.11100000E+01  0.75763950E-04 -0.16898276E-04
  0.11200000E+01  0.95134788E-04 -0.12092601E-04
  0.11300000E+01  0.64303660E-04  0.42869464E-05
  0.11400000E+01  0.45967422E-04 -0.13689461E-04
  0.11500000E+01  0.63598120E-04 -0.90510335E-05
  0.11600000E+01  0.65323727E-04 -0.89344309E-05
  0.11700000E+01  0.64981838E-04 -0.85180887E-05
  0.11800000E+01  0.65265265E-04 -0.86311046E-05
  0.11900000E+01  0.66236252E-04 -0.86264349E-05
  0.12000000E+01  0.67299116E-04 -0.84961114E-05
  0.12100000E+01  0.68992136E-04 -0.82418392E-05
  0.12200000E+01  0.70543613E-04 -0.74480034E-05
  0.12300000E+01  0.71063210E-04 -0.68740725E-05
  0.12400000E+01  0.72231857E-04 -0.63189835E-05
  0.12500000E+01  0.73114177E-04 -0.55975777E-05
  0.12600000E+01  0.73469804E-04 -0.48847096E-05
  0.12700000E+01  0.73621924E-04 -0.42114920E-05
  0.12800000E+01  0.73675170E-04 -0.35737227E-05
  0.12900000E+01  0.73662461E-04 -0.29848215E-05
  0.13000000E+01  0.73653825E-04 -0.24624604E-05
  0.13100000E+01  0.73692224E-04 -0.19782021E-05
  0.13200000E+01  0.73716375E-04 -0.14791555E-05
  0.13300000E+01  0.73758406E-04 -0.10816271E-05
  0.13400000E+01  0.73894256E-04 -0.68386751E-06
  0.13500000E+01  0.74141111E-04 -0.30781632E-06
  0.13600000E+01  0.74456920E-04  0.89557176E-07
  0.13700000E+01  0.74798128E-04  0.53173846E-06
  0.13800000E+01  0.75096294E-04  0.10120088E-05
  0.13900000E+01  0.75361426E-04  0.15047831E-05
  0.14000000E+01  0.75657008E-04  0.19736069E-05
  0.14100000E+01  0.76131568E-04  0.24280945E-05
  0.14200000E+01  0.76791635E-04  0.29026968E-05
  0.14300000E+01  0.77547895E-04  0.34410205E-05
  0.14400000E+01  0.78140298E-04  0.40438715E-05
  0.14500000E+01  0.78452706E-04  0.47822597E-05
  0.14600000E+01  0.78666473E-04  0.53773202E-05
  0.14700000E+01  0.78987748E-04  0.59832873E-05
  0.14800000E+01  0.79193881E-04  0.65933632E-05
  0.14900000E+01  0.79379998E-04  0.71838687E-05
  0.15000000E+01  0.79465092E-04  0.77518626E-05
  0.15100000E+01  0.79566331E-04  0.83078759E-05
  0.15200000E+01  0.79764623E-04  0.88636886E-05
  0.15300000E+01  0.80057017E-04  0.94239585E-05
  0.15400000E+01  0.80417864E-04  0.99937787E-05
  0.15500000E+01  0.80797933E-04  0.10543448E-04
  0.15600000E+01  0.81159770E-04  0.11229561E-04
  0.15700000E+01  0.81524047E-04  0.11841648E-04
  0.15800000E+01  0.81899723E-04  0.12474741E-04
  0.15900000E+01  0.82276537E-04  0.13125331E-04
  0.16000000E+01  0.82630631E-04  0.13799737E-04
  0.16100000E+01  0.82941661E-04  0.14501532E-04
  0.16200000E+01  0.83187655E-04  0.15217712E-04
  0.16300000E+01  0.83392875E-04  0.15930311E-04
  0.16400000E+01  0.83583274E-04  0.16642530E-04
  0.16500000E+01  0.83760100E-04  0.17363594E-04
  0.16600000E+01  0.83913812E-04  0.18087587E-04
  0.16700000E+01  0.84042141E-04  0.18818273E-04
  0.16800000E+01  0.84133570E-04  0.19565534E-04
  0.16900000E+01  0.84156099E-04  0.20329223E-04
  0.17000000E+01  0.84075608E-04  0.21088930E-04
  0.17100000E+01  0.83937277E-04  0.21829238E-04
  0.17200000E+01  0.83760778E-04  0.22552570E-04
  0.17300000E+01  0.83554139E-04  0.23260266E-04
  0.17400000E+01  0.83309154E-04  0.23960754E-04
  0.17500000E+01  0.82985880E-04  0.24647874E-04
  0.17600000E+01  0.82593389E-04  0.25309884E-04
  0.17700000E+01  0.82108902E-04  0.25943414E-04
  0.17800000E+01  0.81502354E-04  0.26539479E-04
  0.17900000E+01  0.80690355E-04  0.27077333E-04
  0.18000000E+01  0.79709605E-04  0.27487821E-04
  0.18100000E+01  0.78801140E-04  0.27705239E-04
  0.18200000E+01  0.78177133E-04  0.27748831E-04
  0.18300000E+01  0.77903761E-04  0.27726866E-04
  0.18400000E+01  0.78079467E-04  0.27667782E-04
  0.18500000E+01  0.78313698E-04  0.27931500E-04
  0.18600000E+01  0.78665824E-04  0.27805903E-04
  0.18700000E+01  0.79622698E-04  0.27759593E-04
  0.18800000E+01  0.81052036E-04  0.27865597E-04
  0.18900000E+01  0.82981219E-04  0.28362870E-04
  0.19000000E+01  0.84194602E-04  0.29191830E-04
  0.19100000E+01  0.84973614E-04  0.29897680E-04
  0.19200000E+01  0.85874250E-04  0.30531983E-04
  0.19300000E+01  0.87026830E-04  0.31190718E-04
  0.19400000E+01  0.88339143E-04  0.31927977E-04
  0.19500000E+01  0.89717227E-04  0.32768370E-04
  0.19600000E+01  0.91057268E-04  0.33702306E-04
  0.19700000E+01  0.92294748E-04  0.34723830E-04
  0.19800000E+01  0.93459331E-04  0.35840725E-04
  0.19900000E+01  0.94583394E-04  0.37041630E-04
  0.20000000E+01  0.95649503E-04  0.38334321E-04
  0.20100000E+01  0.96576091E-04  0.39721871E-04
  0.20200000E+01  0.97366510E-04  0.41151557E-04
  0.20300000E+01  0.98043395E-04  0.42608412E-04
  0.20400000E+01  0.98590460E-04  0.44081085E-04
  0.20500000E+01  0.99268039E-04  0.45606960E-04
  0.20600000E+01  0.99247335E-04  0.47322036E-04
  0.20700000E+01  0.99210477E-04  0.48988436E-04
  0.20800000E+01  0.98497944E-04  0.50652216E-04
  0.20900000E+01  0.96350749E-04  0.52123708E-04
  0.21000000E+01  0.93573093E-04  0.52801638E-04
  0.21100000E+01  0.92047120E-04  0.52718386E-04
  0.21200000E+01  0.92675625E-04  0.52645555E-04
  0.21300000E+01  0.95544157E-04  0.53021734E-04
  0.21400000E+01  0.10130555E-03  0.54549188E-04
  0.21500000E+01  0.10725352E-03  0.59107855E-04
  0.21600000E+01  0.10581595E-03  0.63092045E-04
  0.21700000E+01  0.10509333E-03  0.65324430E-04
  0.21800000E+01  0.10723638E-03  0.68650711E-04
  0.21900000E+01  0.11009191E-03  0.71610706E-04
  0.22000000E+01  0.11544312E-03  0.75325045E-04
  0.22100000E+01  0.12361273E-03  0.80093895E-04
  0.22200000E+01  0.13797829E-03  0.87008819E-04
  0.22300000E+01  0.16532248E-03  0.99273013E-04
  0.22400000E+01  0.23125058E-03  0.12813613E-03
  0.22500000E+01  0.64529248E-04  0.27147747E-03
  0.22600000E+01 -0.14515654E-04  0.18385511E-03
  0.22700000E+01 -0.17435606E-04  0.16022935E-03
  0.22800000E+01 -0.46750957E-04  0.14803817E-03
  0.22900000E+01 -0.73661858E-04  0.12567657E-03
  0.23000000E+01 -0.68636309E-04  0.10033110E-03
  0.23100000E+01 -0.41234798E-04  0.86717404E-04
  0.23200000E+01 -0.18926818E-04  0.81748195E-04
  0.23300000E+01 -0.35534727E-05  0.79877782E-04
  0.23400000E+01  0.65295617E-05  0.79264264E-04
  0.23500000E+01  0.12585030E-04  0.79100592E-04
  0.23600000E+01  0.15999614E-04  0.79103293E-04
  0.23700000E+01  0.17902714E-04  0.79162798E-04
  0.23800000E+01  0.19006108E-04  0.79234941E-04
  0.23900000E+01  0.19654674E-04  0.79295953E-04
  0.24000000E+01  0.20017220E-04  0.79361096E-04
  0.24100000E+01  0.20163748E-04  0.79444229E-04
  0.24200000E+01  0.20117400E-04  0.79546784E-04
  0.24300000E+01  0.19879509E-04  0.79673469E-04
  0.24400000E+01  0.19449458E-04  0.79824746E-04
  0.24500000E+01  0.18822173E-04  0.79978082E-04
  0.24600000E+01  0.18018639E-04  0.80090028E-04
  0.24700000E+01  0.17172977E-04  0.80152278E-04
  0.24800000E+01  0.16228337E-04  0.80199216E-04
  0.24900000E+01  0.15170963E-04  0.80216078E-04
  0.25000000E+01  0.14058864E-04  0.80178302E-04
  0.25100000E+01  0.12897781E-04  0.80095771E-04
  0.25200000E+01  0.11682516E-04  0.79939745E-04
  0.25300000E+01  0.10672454E-04  0.79718560E-04
  0.25400000E+01  0.96949163E-05  0.79539941E-04
  0.25500000E+01  0.87216228E-05  0.79345657E-04
  0.25600000E+01  0.78655473E-05  0.79119178E-04
  0.25700000E+01  0.73399010E-05  0.78910439E-04
  0.25800000E+01  0.68074837E-05  0.78860010E-04
  0.25900000E+01  0.60086463E-05  0.78759190E-04
  0.26000000E+01  0.53408248E-05  0.78595494E-04
  0.26100000E+01  0.37332494E-05  0.78757399E-04
  0.26200000E+01  0.39286058E-05  0.78532461E-04
  0.26300000E+01  0.30643003E-05  0.78419268E-04
  0.26400000E+01  0.20695767E-05  0.78303517E-04
  0.26500000E+01  0.92584910E-06  0.78161772E-04
  0.26600000E+01 -0.37796320E-06  0.77975776E-04
  0.26700000E+01 -0.18549499E-05  0.77742284E-04
  0.26800000E+01 -0.35174634E-05  0.77462662E-04
  0.26900000E+01 -0.53658937E-05  0.77124760E-04
  0.27000000E+01 -0.73771309E-05  0.76703027E-04
  0.27100000E+01 -0.94967207E-05  0.76170230E-04
  0.27200000E+01 -0.11641265E-04  0.75505840E-04
  0.27300000E+01 -0.13712889E-04  0.74701516E-04
  0.27400000E+01 -0.15622220E-04  0.73770934E-04
  0.27500000E+01 -0.17312812E-04  0.72758283E-04
  0.27600000E+01 -0.18777092E-04  0.71724439E-04
  0.27700000E+01 -0.20051668E-04  0.70715244E-04
  0.27800000E+01 -0.21190706E-04  0.69742834E-04
  0.27900000E+01 -0.22236752E-04  0.68798893E-04
  0.28000000E+01 -0.23212293E-04  0.67878373E-04
  0.28100000E+01 -0.24134065E-04  0.66985495E-04
  0.28200000E+01 -0.25034476E-04  0.66124057E-04
  0.28300000E+01 -0.25981440E-04  0.65292088E-04
  0.28400000E+01 -0.27089468E-04  0.64492037E-04
  0.28500000E+01 -0.28476361E-04  0.63699753E-04
  0.28600000E+01 -0.30149394E-04  0.62822616E-04
  0.28700000E+01 -0.31969186E-04  0.61808547E-04
  0.28800000E+01 -0.33774263E-04  0.60661428E-04
  0.28900000E+01 -0.35480949E-04  0.59377232E-04
  0.29000000E+01 -0.37071336E-04  0.58006876E-04
  0.29100000E+01 -0.38561901E-04  0.56533545E-04
  0.29200000E+01 -0.40038700E-04  0.54980483E-04
  0.29300000E+01 -0.41518267E-04  0.53257863E-04
  0.29400000E+01 -0.42573964E-04  0.51347068E-04
  0.29500000E+01 -0.43020442E-04  0.49463295E-04
  0.29600000E+01 -0.43774007E-04  0.47567587E-04
  0.29700000E+01 -0.43602149E-04  0.45698336E-04
  0.29800000E+01 -0.44167927E-04  0.43677218E-04
  0.29900000E+01 -0.43241585E-04  0.41519649E-04
  0.30000000E+01 -0.42472926E-04  0.39815874E-04
  0.30100000E+01 -0.41935473E-04  0.38168533E-04
  0.30200000E+01 -0.41361021E-04  0.36515567E-04
  0.30300000E+01 -0.40694151E-04  0.34804036E-04
  0.30400000E+01 -0.39923868E-04  0.33079159E-04
  0.30500000E+01 -0.39083439E-04  0.31372301E-04
  0.30600000E+01 -0.38193342E-04  0.29653460E-04
  0.30700000E+01 -0.37249018E-04  0.27936841E-04
  0.30800000E+01 -0.36422032E-04  0.26234671E-04
  0.30900000E+01 -0.35980847E-04  0.24473509E-04
  0.31000000E+01 -0.36583652E-04  0.22581103E-04
  0.31100000E+01 -0.39516191E-04  0.19822600E-04
  0.31200000E+01 -0.35330035E-04  0.16631622E-04
  0.31300000E+01 -0.31956747E-04  0.15011579E-04
  0.31400000E+01 -0.28924920E-04  0.13712623E-04
  0.31500000E+01 -0.26219828E-04  0.12659553E-04
  0.31600000E+01 -0.23577746E-04  0.11803189E-04
  0.31700000E+01 -0.21046485E-04  0.11114872E-04
  0.31800000E+01 -0.18660720E-04  0.10562903E-04
  0.31900000E+01 -0.16386287E-04  0.10137388E-04
  0.32000000E+01 -0.14236966E-04  0.98242591E-05
  0.32100000E+01 -0.12213575E-04  0.96227938E-05
  0.32200000E+01 -0.10309455E-04  0.95221945E-05
  0.32300000E+01 -0.85219743E-05  0.95142709E-05
  0.32400000E+01 -0.68454598E-05  0.95876725E-05
  0.32500000E+01 -0.52671388E-05  0.97281256E-05
  0.32600000E+01 -0.37675927E-05  0.99229823E-05
  0.32700000E+01 -0.23206360E-05  0.10155297E-04
  0.32800000E+01 -0.89288922E-06  0.10415082E-04
  0.32900000E+01  0.55527107E-06  0.10699768E-04
  0.33000000E+01  0.20675046E-05  0.11008433E-04
  0.33100000E+01  0.36886486E-05  0.11344016E-04
  0.33200000E+01  0.54684689E-05  0.11714512E-04
  0.33300000E+01  0.76591100E-05  0.12113534E-04
  0.33400000E+01  0.10365005E-04  0.12772227E-04
  0.33500000E+01  0.13504874E-04  0.13719865E-04
  0.33600000E+01  0.17448869E-04  0.15136022E-04
  0.33700000E+01  0.23079112E-04  0.17521901E-04
  0.33800000E+01  0.27164555E-04  0.24951672E-04
  0.33900000E+01  0.18406341E-04  0.26123227E-04
  0.34000000E+01  0.17176706E-04  0.25291238E-04
  0.34100000E+01  0.18273376E-04  0.25782765E-04
  0.34200000E+01  0.19568770E-04  0.26600706E-04
  0.34300000E+01  0.20874948E-04  0.27611529E-04
  0.34400000E+01  0.22085401E-04  0.28753161E-04
  0.34500000E+01  0.23150232E-04  0.29980376E-04
  0.34600000E+01  0.24077592E-04  0.31259981E-04
  0.34700000E+01  0.24932958E-04  0.32561016E-04
  0.34800000E+01  0.25827644E-04  0.33871445E-04
  0.34900000E+01  0.26894311E-04  0.35199535E-04
  0.35000000E+01  0.28252215E-04  0.36584679E-04
  0.35100000E+01  0.29968764E-04  0.38112914E-04
  0.35200000E+01  0.32026495E-04  0.39879381E-04
  0.35300000E+01  0.34304306E-04  0.41976389E-04
  0.35400000E+01  0.36577925E-04  0.44476624E-04
  0.35500000E+01  0.38535950E-04  0.47404282E-04
  0.35600000E+01  0.39789201E-04  0.50755998E-04
  0.35700000E+01  0.39839034E-04  0.54459587E-04
  0.35800000E+01  0.38080451E-04  0.58411479E-04
  0.35900000E+01  0.34076866E-04  0.62453922E-04
  0.36000000E+01  0.27678989E-04  0.66301437E-04
  0.36100000E+01  0.18388317E-04  0.69666593E-04
  0.36200000E+01  0.60911724E-05  0.71826356E-04
  0.36300000E+01 -0.72416973E-05  0.72000976E-04
  0.36400000E+01 -0.19047227E-04  0.70252162E-04
  0.36500000E+01 -0.27928829E-04  0.67053043E-04
  0.36600000E+01 -0.33003080E-04  0.63158403E-04
  0.36700000E+01 -0.33556491E-04  0.59311455E-04
  0.36800000E+01 -0.29666829E-04  0.56254855E-04
  0.36900000E+01 -0.22603219E-04  0.54589839E-04
  0.37000000E+01 -0.14423014E-04  0.54554771E-04
  0.37100000E+01 -0.71511816E-05  0.56044644E-04
  0.37200000E+01 -0.23793871E-05  0.58867032E-04
  0.37300000E+01 -0.15008079E-05  0.62692252E-04
  0.37400000E+01 -0.58804191E-05  0.66770377E-04
  0.37500000E+01 -0.16309775E-04  0.70013806E-04
  0.37600000E+01 -0.32091479E-04  0.71035154E-04
  0.37700000E+01 -0.50789479E-04  0.68919093E-04
  0.37800000E+01 -0.68983936E-04  0.64345020E-04
  0.37900000E+01 -0.83225654E-04  0.57877332E-04
  0.38000000E+01 -0.90647564E-04  0.49263162E-04
  0.38100000E+01 -0.89725471E-04  0.39378580E-04
  0.38200000E+01 -0.81384045E-04  0.30995344E-04
  0.38300000E+01 -0.69215277E-04  0.25763682E-04
  0.38400000E+01 -0.57366509E-04  0.22995032E-04
  0.38500000E+01 -0.48776349E-04  0.21542550E-04
  0.38600000E+01 -0.44494685E-04  0.18866737E-04
  0.38700000E+01 -0.40094602E-04  0.18746236E-04
  0.38800000E+01 -0.38721312E-04  0.18533316E-04
  0.38900000E+01 -0.36813199E-04  0.18553337E-04
  0.39000000E+01 -0.32338175E-04  0.19590629E-04
  0.39100000E+01 -0.44389912E-04  0.16744617E-04
  0.39200000E+01 -0.41128197E-04  0.15467014E-04
  0.39300000E+01 -0.39155706E-04  0.14638770E-04
  0.39400000E+01 -0.38222935E-04  0.13440649E-04
  0.39500000E+01 -0.36981093E-04  0.12420416E-04
  0.39600000E+01 -0.35819344E-04  0.11491003E-04
  0.39700000E+01 -0.34094766E-04  0.10676781E-04
  0.39800000E+01 -0.32536548E-04  0.97788578E-05
  0.39900000E+01 -0.30358237E-04  0.88924860E-05
  0.40000000E+01 -0.28934607E-04  0.83154708E-05
  0.40100000E+01 -0.26719082E-04  0.78490292E-05
  0.40200000E+01 -0.25406502E-04  0.76595079E-05
  0.40300000E+01 -0.25600525E-04  0.72956853E-05
  0.40400000E+01 -0.25345087E-04  0.65777748E-05
  0.40500000E+01 -0.23691153E-04  0.57043656E-05
  0.40600000E+01 -0.21008445E-04  0.50867848E-05
  0.40700000E+01 -0.18615040E-04  0.51101650E-05
  0.40800000E+01 -0.16171338E-04  0.49761976E-05
  0.40900000E+01 -0.15072106E-04  0.56742816E-05
  0.41000000E+01 -0.14513326E-04  0.62038055E-05
  0.41100000E+01 -0.14036412E-04  0.66316274E-05
  0.41200000E+01 -0.13709755E-04  0.69710116E-05
  0.41300000E+01 -0.13487740E-04  0.72442310E-05
  0.41400000E+01 -0.13299475E-04  0.74813653E-05
  0.41500000E+01 -0.13123291E-04  0.77027726E-05
  0.41600000E+01 -0.12985793E-04  0.79076435E-05
  0.41700000E+01 -0.12909222E-04  0.80600618E-05
  0.41800000E+01 -0.12651109E-04  0.81547897E-05
  0.41900000E+01 -0.12396249E-04  0.82965390E-05
  0.42000000E+01 -0.12254883E-04  0.84093357E-05
  0.42100000E+01 -0.12110860E-04  0.84889469E-05
  0.42200000E+01 -0.11981947E-04  0.85450170E-05
  0.42300000E+01 -0.11874227E-04  0.85810795E-05
  0.42400000E+01 -0.11779150E-04  0.85975245E-05
  0.42500000E+01 -0.11682108E-04  0.85977714E-05
  0.42600000E+01 -0.11573385E-04  0.85893268E-05
  0.42700000E+01 -0.11451028E-04  0.85777829E-05
  0.42800000E+01 -0.11318663E-04  0.85649233E-05
  0.42900000E+01 -0.11181853E-04  0.85519893E-05
  0.43000000E+01 -0.11045713E-04  0.85398015E-05
  0.43100000E+01 -0.10914761E-04  0.85285959E-05
  0.43200000E+01 -0.10793103E-04  0.85178084E-05
  0.43300000E+01 -0.10684320E-04  0.85049993E-05
  0.43400000E+01 -0.10590884E-04  0.84864890E-05
  0.43500000E+01 -0.10513509E-04  0.84590194E-05
  0.43600000E+01 -0.10450929E-04  0.84198840E-05
  0.43700000E+01 -0.10400235E-04  0.83679203E-05
  0.43800000E+01 -0.10357362E-04  0.83029927E-05
  0.43900000E+01 -0.10317501E-04  0.82252137E-05
  0.44000000E+01 -0.10275571E-04  0.81363654E-05
  0.44100000E+01 -0.10226886E-04  0.80392023E-05
  0.44200000E+01 -0.10167967E-04  0.79355770E-05
  0.44300000E+01 -0.10097571E-04  0.78255869E-05
  0.44400000E+01 -0.10017039E-04  0.77061018E-05
  0.44500000E+01 -0.99188646E-05  0.75752110E-05
  0.44600000E+01 -0.97994484E-05  0.74350766E-05
  0.44700000E+01 -0.96593795E-05  0.72859387E-05
  0.44800000E+01 -0.94972626E-05  0.71297241E-05
  0.44900000E+01 -0.93117031E-05  0.69689384E-05
  0.45000000E+01 -0.91028121E-05  0.68061554E-05
  0.45100000E+01 -0.88710414E-05  0.66432056E-05
  0.45200000E+01 -0.86173504E-05  0.64819175E-05
  0.45300000E+01 -0.83430009E-05  0.63231581E-05
  0.45400000E+01 -0.80488531E-05  0.61669971E-05
  0.45500000E+01 -0.77346286E-05  0.60131680E-05
  0.45600000E+01 -0.73985723E-05  0.58616966E-05
  0.45700000E+01 -0.70371830E-05  0.57130477E-05
  0.45800000E+01 -0.66428735E-05  0.55684253E-05
  0.45900000E+01 -0.61958376E-05  0.54304644E-05
  0.46000000E+01 -0.56479224E-05  0.53030441E-05
  0.46100000E+01 -0.49054323E-05  0.51885057E-05
  0.46200000E+01 -0.38285788E-05  0.50877064E-05
  0.46300000E+01 -0.22951557E-05  0.50242979E-05
  0.46400000E+01 -0.32480304E-06  0.50801435E-05
  0.46500000E+01  0.17964474E-05  0.54015537E-05
  0.46600000E+01  0.36364742E-05  0.60332207E-05
  0.46700000E+01  0.49295136E-05  0.68053177E-05
  0.46800000E+01  0.59042107E-05  0.74429234E-05
  0.46900000E+01  0.69596009E-05  0.81020961E-05
  0.47000000E+01  0.77849292E-05  0.88185438E-05
  0.47100000E+01  0.83851985E-05  0.95427975E-05
  0.47200000E+01  0.87306499E-05  0.10324178E-04
  0.47300000E+01  0.87024409E-05  0.11121454E-04
  0.47400000E+01  0.83126504E-05  0.11851648E-04
  0.47500000E+01  0.77027453E-05  0.12476721E-04
  0.47600000E+01  0.70184344E-05  0.12999621E-04
  0.47700000E+01  0.63605295E-05  0.13434012E-04
  0.47800000E+01  0.57730120E-05  0.13803558E-04
  0.47900000E+01  0.52373541E-05  0.14137655E-04
  0.48000000E+01  0.46856957E-05  0.14469013E-04
  0.48100000E+01  0.40412671E-05  0.14804094E-04
  0.48200000E+01  0.32618827E-05  0.15102890E-04
  0.48300000E+01  0.23793274E-05  0.15324706E-04
  0.48400000E+01  0.14717576E-05  0.15468859E-04
  0.48500000E+01  0.62336842E-06  0.15547114E-04
  0.48600000E+01 -0.11320566E-06  0.15567845E-04
  0.48700000E+01 -0.72727821E-06  0.15550240E-04
  0.48800000E+01 -0.12363206E-05  0.15522154E-04
  0.48900000E+01 -0.16656910E-05  0.15498435E-04
  0.49000000E+01 -0.20350432E-05  0.15474999E-04
  0.49100000E+01 -0.23546280E-05  0.15440655E-04
  0.49200000E+01 -0.26295056E-05  0.15390402E-04
  0.49300000E+01 -0.28675993E-05  0.15334469E-04
  0.49400000E+01 -0.30868464E-05  0.15295089E-04
  0.49500000E+01 -0.33174496E-05  0.15294550E-04
  0.49600000E+01 -0.35972786E-05  0.15340607E-04
  0.49700000E+01 -0.39617502E-05  0.15415657E-04
  0.49800000E+01 -0.44319715E-05  0.15482453E-04
  0.49900000E+01 -0.50060988E-05  0.15505712E-04
  0.50000000E+01 -0.56580982E-05  0.15468266E-04
  0.50100000E+01 -0.63446040E-05  0.15369964E-04
  0.50200000E+01 -0.70168787E-05  0.15219674E-04
  0.50300000E+01 -0.76335198E-05  0.15030804E-04
  0.50400000E+01 -0.81697030E-05  0.14817830E-04
  0.50500000E+01 -0.86200017E-05  0.14592794E-04
  0.50600000E+01 -0.89954254E-05  0.14364510E-04
  0.50700000E+01 -0.93181769E-05  0.14138548E-04
  0.50800000E+01 -0.96150467E-05  0.13916008E-04
  0.50900000E+01 -0.99103656E-05  0.13692527E-04
  0.51000000E+01 -0.10220705E-04  0.13460147E-04
  0.51100000E+01 -0.10551057E-04  0.13211557E-04
  0.51200000E+01 -0.10895397E-04  0.12942138E-04
  0.51300000E+01 -0.11240932E-04  0.12651649E-04
  0.51400000E+01 -0.11573313E-04  0.12342436E-04
  0.51500000E+01 -0.11879317E-04  0.12017772E-04
  0.51600000E+01 -0.12149520E-04  0.11681100E-04
  0.51700000E+01 -0.12379853E-04  0.11336017E-04
  0.51800000E+01 -0.12571818E-04  0.10986488E-04
  0.51900000E+01 -0.12731357E-04  0.10636774E-04
  0.52000000E+01 -0.12866677E-04  0.10289979E-04
  0.52100000E+01 -0.12985777E-04  0.99451908E-05
  0.52200000E+01 -0.13094887E-04  0.95969517E-05
  0.52300000E+01 -0.13198900E-04  0.92391118E-05
  0.52400000E+01 -0.13304071E-04  0.88690076E-05
  0.52500000E+01 -0.13421001E-04  0.84888572E-05
  0.52600000E+01 -0.13564245E-04  0.81044744E-05
  0.52700000E+01 -0.13747578E-04  0.77195179E-05
  0.52800000E+01 -0.13972234E-04  0.73299786E-05
  0.52900000E+01 -0.14195332E-04  0.69568957E-05
  0.53000000E+01 -0.14368496E-04  0.64717603E-05
  0.53100000E+01 -0.14495951E-04  0.60213320E-05
  0.53200000E+01 -0.14598280E-04  0.55551109E-05
  0.53300000E+01 -0.14679856E-04  0.50695367E-05
  0.53400000E+01 -0.14741530E-04  0.45728168E-05
  0.53500000E+01 -0.14778352E-04  0.40650644E-05
  0.53600000E+01 -0.14790340E-04  0.35397427E-05
  0.53700000E+01 -0.14775968E-04  0.29887593E-05
  0.53800000E+01 -0.14712628E-04  0.24101653E-05
  0.53900000E+01 -0.14578899E-04  0.18174902E-05
  0.54000000E+01 -0.14379254E-04  0.12390140E-05
  0.54100000E+01 -0.14148216E-04  0.69200143E-06
  0.54200000E+01 -0.13934999E-04  0.16537022E-06
  0.54300000E+01 -0.13784728E-04 -0.36727267E-06
  0.54400000E+01 -0.13739639E-04 -0.93295563E-06
  0.54500000E+01 -0.13851610E-04 -0.15585062E-05
  0.54600000E+01 -0.14084370E-04 -0.22835386E-05
  0.54700000E+01 -0.14014200E-04 -0.31858179E-05
  0.54800000E+01 -0.12821935E-04 -0.43112911E-05
  0.54900000E+01 -0.10197219E-04 -0.52098879E-05
  0.55000000E+01 -0.70703706E-05 -0.52743260E-05
  0.55100000E+01 -0.46993032E-05 -0.48167696E-05
  0.55200000E+01 -0.34416724E-05 -0.42450499E-05
  0.55300000E+01 -0.29050728E-05 -0.37056446E-05
  0.55400000E+01 -0.26671147E-05 -0.32311092E-05
  0.55500000E+01 -0.25308496E-05 -0.28198615E-05
  0.55600000E+01 -0.24419619E-05 -0.24705191E-05
  0.55700000E+01 -0.23897935E-05 -0.21790402E-05
  0.55800000E+01 -0.23666371E-05 -0.19443204E-05
  0.55900000E+01 -0.23581398E-05 -0.17609850E-05
  0.56000000E+01 -0.23571186E-05 -0.16256616E-05
  0.56100000E+01 -0.23497815E-05 -0.15314765E-05
  0.56200000E+01 -0.23271443E-05 -0.14704218E-05
  0.56300000E+01 -0.22871262E-05 -0.14301439E-05
  0.56400000E+01 -0.22317713E-05 -0.14013591E-05
  0.56500000E+01 -0.21654261E-05 -0.13813136E-05
  0.56600000E+01 -0.20920599E-05 -0.13681566E-05
  0.56700000E+01 -0.20124094E-05 -0.13676028E-05
  0.56800000E+01 -0.19221728E-05 -0.13871047E-05
  0.56900000E+01 -0.18118451E-05 -0.14295092E-05
  0.57000000E+01 -0.16681326E-05 -0.14974403E-05
  0.57100000E+01 -0.14763850E-05 -0.15892288E-05
  0.57200000E+01 -0.12233263E-05 -0.16949899E-05
  0.57300000E+01 -0.89925826E-06 -0.18030981E-05
  0.57400000E+01 -0.49914343E-06 -0.19030376E-05
  0.57500000E+01 -0.22429554E-07 -0.19844800E-05
  0.57600000E+01  0.52819399E-06 -0.20425775E-05
  0.57700000E+01  0.11484983E-05 -0.20813186E-05
  0.57800000E+01  0.18342997E-05 -0.21069020E-05
  0.57900000E+01  0.25824234E-05 -0.21212801E-05
  0.58000000E+01  0.33908706E-05 -0.21234401E-05
  0.58100000E+01  0.42582663E-05 -0.21112081E-05
  0.58200000E+01  0.51828273E-05 -0.20790427E-05
  0.58300000E+01  0.61611929E-05 -0.20180651E-05
  0.58400000E+01  0.71873311E-05 -0.19210909E-05
  0.58500000E+01  0.82516572E-05 -0.17855583E-05
  0.58600000E+01  0.93404784E-05 -0.16099865E-05
  0.58700000E+01  0.10435785E-04 -0.13897719E-05
  0.58800000E+01  0.11515496E-04 -0.11184990E-05
  0.58900000E+01  0.12554196E-04 -0.79209538E-06
  0.59000000E+01  0.13524406E-04 -0.40962535E-06
  0.59100000E+01  0.14398308E-04  0.29639477E-07
  0.59200000E+01  0.15149741E-04  0.52742384E-06
  0.59300000E+01  0.15756223E-04  0.10826720E-05
  0.59400000E+01  0.16200719E-04  0.16860051E-05
  0.59500000E+01  0.16472951E-04  0.23181035E-05
  0.59600000E+01  0.16570083E-04  0.29538496E-05
  0.59700000E+01  0.16496759E-04  0.35690216E-05
  0.59800000E+01  0.16264516E-04  0.41452753E-05
  0.59900000E+01  0.15890677E-04  0.46716554E-05
  0.60000000E+01  0.15396859E-04  0.51435342E-05
  0.60100000E+01  0.14807282E-04  0.55606278E-05
  0.60200000E+01  0.14147026E-04  0.59252189E-05
  0.60300000E+01  0.13440435E-04  0.62409404E-05
  0.60400000E+01  0.12709783E-04  0.65120471E-05
  0.60500000E+01  0.11974313E-04  0.67429785E-05
  0.60600000E+01  0.11249696E-04  0.69380796E-05
  0.60700000E+01  0.10547872E-04  0.71014218E-05
  0.60800000E+01  0.98772384E-05  0.72366970E-05
  0.60900000E+01  0.92430650E-05  0.73471599E-05
  0.61000000E+01  0.86480595E-05  0.74356391E-05
  0.61100000E+01  0.80929654E-05  0.75046004E-05
  0.61200000E+01  0.75771317E-05  0.75562438E-05
  0.61300000E+01  0.70990014E-05  0.75925580E-05
  0.61400000E+01  0.66564963E-05  0.76152999E-05
  0.61500000E+01  0.62472974E-05  0.76259260E-05
  0.61600000E+01  0.58690312E-05  0.76255957E-05
  0.61700000E+01  0.55193815E-05  0.76152781E-05
  0.61800000E+01  0.51961478E-05  0.75958958E-05
  0.61900000E+01  0.48972683E-05  0.75683851E-05
  0.62000000E+01  0.46208235E-05  0.75336300E-05
  0.62100000E+01  0.43650331E-05  0.74923838E-05
  0.62200000E+01  0.41282521E-05  0.74452900E-05
  0.62300000E+01  0.39089714E-05  0.73929883E-05
  0.62400000E+01  0.37058218E-05  0.73361596E-05
  0.62500000E+01  0.35175807E-05  0.72754291E-05
  0.62600000E+01  0.33431765E-05  0.72112178E-05
  0.62700000E+01  0.31816865E-05  0.71437269E-05
  0.62800000E+01  0.30323260E-05  0.70731037E-05
  0.62900000E+01  0.28944263E-05  0.69996232E-05
  0.63000000E+01  0.27674044E-05  0.69236915E-05
  0.63100000E+01  0.26507288E-05  0.68456872E-05
  0.63200000E+01  0.25438885E-05  0.67658478E-05
  0.63300000E+01  0.24463722E-05  0.66843385E-05
  0.63400000E+01  0.23576631E-05  0.66013958E-05
  0.63500000E+01  0.22772528E-05  0.65173230E-05
  0.63600000E+01  0.22046716E-05  0.64323156E-05
  0.63700000E+01  0.21395303E-05  0.63463276E-05
  0.63800000E+01  0.20815633E-05  0.62591618E-05
  0.63900000E+01  0.20306626E-05  0.61706903E-05
  0.64000000E+01  0.19868916E-05  0.60809501E-05
  0.64100000E+01  0.19504722E-05  0.59900228E-05
  0.64200000E+01  0.19217420E-05  0.58978791E-05
  0.64300000E+01  0.19010852E-05  0.58044060E-05
  0.64400000E+01  0.18888466E-05  0.57095964E-05
  0.64500000E+01  0.18852423E-05  0.56136999E-05
  0.64600000E+01  0.18902835E-05  0.55171941E-05
  0.64700000E+01  0.19037265E-05  0.54206188E-05
  0.64800000E+01  0.19250594E-05  0.53244158E-05
  0.64900000E+01  0.19535268E-05  0.52288667E-05
  0.65000000E+01  0.19881888E-05  0.51341351E-05
  0.65100000E+01  0.20280007E-05  0.50403416E-05
  0.65200000E+01  0.20719022E-05  0.49475370E-05
  0.65300000E+01  0.21189013E-05  0.48555505E-05
  0.65400000E+01  0.21681463E-05  0.47639278E-05
  0.65500000E+01  0.22189817E-05  0.46721996E-05
  0.65600000E+01  0.22709920E-05  0.45803044E-05
  0.65700000E+01  0.23240314E-05  0.44886531E-05
  0.65800000E+01  0.23782412E-05  0.43976174E-05
  0.65900000E+01  0.24340444E-05  0.43069694E-05
  0.66000000E+01  0.24921081E-05  0.42159611E-05
  0.66100000E+01  0.25532614E-05  0.41239679E-05
  0.66200000E+01  0.26183666E-05  0.40308845E-05
  0.66300000E+01  0.26881539E-05  0.39368348E-05
  0.66400000E+01  0.27630464E-05  0.38417793E-05
  0.66500000E+01  0.28430144E-05  0.37457146E-05
  0.66600000E+01  0.29275012E-05  0.36491613E-05
  0.66700000E+01  0.30154548E-05  0.35530583E-05
  0.66800000E+01  0.31054767E-05  0.34580246E-05
  0.66900000E+01  0.31960708E-05  0.33639015E-05
  0.67000000E+01  0.32859437E-05  0.32700881E-05
  0.67100000E+01  0.33742891E-05  0.31760801E-05
  0.67200000E+01  0.34609831E-05  0.30814389E-05
  0.67300000E+01  0.35466370E-05  0.29853161E-05
  0.67400000E+01  0.36324883E-05  0.28863827E-05
  0.67500000E+01  0.37201531E-05  0.27835146E-05
  0.67600000E+01  0.38113073E-05  0.26764285E-05
  0.67700000E+01  0.39073824E-05  0.25654295E-05
  0.67800000E+01  0.40093694E-05  0.24508061E-05
  0.67900000E+01  0.41177901E-05  0.23329564E-05
  0.68000000E+01  0.42328463E-05  0.22129148E-05
  0.68100000E+01  0.43547006E-05  0.20920136E-05
  0.68200000E+01  0.44837899E-05  0.19708243E-05
  0.68300000E+01  0.46210636E-05  0.18488568E-05
  0.68400000E+01  0.47680600E-05  0.17253598E-05
  0.68500000E+01  0.49267936E-05  0.16000405E-05
  0.68600000E+01  0.50994852E-05  0.14730575E-05
  0.68700000E+01  0.52882073E-05  0.13448374E-05
  0.68800000E+01  0.54945181E-05  0.12161536E-05
  0.68900000E+01  0.57191376E-05  0.10881873E-05
  0.69000000E+01  0.59616898E-05  0.96225016E-06
  0.69100000E+01  0.62205328E-05  0.83943229E-06
  0.69200000E+01  0.64927333E-05  0.72064743E-06
  0.69300000E+01  0.67742838E-05  0.60678787E-06
  0.69400000E+01  0.70606774E-05  0.49823397E-06
  0.69500000E+01  0.73478823E-05  0.39408318E-06
  0.69600000E+01  0.76335774E-05  0.29231229E-06
  0.69700000E+01  0.79182692E-05  0.19051629E-06
  0.69800000E+01  0.82057472E-05  0.86137503E-07
  0.69900000E+01  0.85024329E-05 -0.22834490E-07
  0.70000000E+01  0.88156266E-05 -0.13670246E-06
