  0.00000000E+00 -0.44479152E-04  0.30765972E-15
  0.10000000E-01 -0.39825357E-04 -0.26306174E-04
  0.20000000E-01  0.22134959E-04 -0.19195721E-03
  0.30000000E-01  0.81645710E-04  0.14927555E-03
  0.40000000E-01 -0.14312781E-03  0.10244368E-03
  0.50000000E-01 -0.58263815E-04 -0.27735569E-03
  0.60000000E-01 -0.24476865E-04 -0.41013573E-04
  0.70000000E-01 -0.19001410E-04  0.12130651E-03
  0.80000000E-01 -0.15293115E-04  0.67182405E-05
  0.90000000E-01 -0.22004364E-04 -0.50491367E-05
  0.10000000E+00 -0.21212337E-04 -0.16965115E-04
  0.11000000E+00 -0.25649733E-04 -0.17344513E-04
  0.12000000E+00 -0.71243595E-05  0.16979865E-04
  0.13000000E+00 -0.20292263E-04 -0.97879576E-05
  0.14000000E+00 -0.21108485E-04 -0.14119244E-04
  0.15000000E+00 -0.21153985E-04 -0.14101917E-04
  0.16000000E+00 -0.21259460E-04 -0.15273699E-04
  0.17000000E+00 -0.21086229E-04 -0.16174833E-04
  0.18000000E+00 -0.20874955E-04 -0.16423401E-04
  0.19000000E+00 -0.20630346E-04 -0.16619506E-04
  0.20000000E+00 -0.20333144E-04 -0.16847871E-04
  0.21000000E+00 -0.19991437E-04 -0.16981955E-04
  0.22000000E+00 -0.19640185E-04 -0.16964632E-04
  0.23000000E+00 -0.19309426E-04 -0.16780944E-04
  0.24000000E+00 -0.19029380E-04 -0.16435286E-04
  0.25000000E+00 -0.18826635E-04 -0.15956973E-04
  0.26000000E+00 -0.18708006E-04 -0.15399600E-04
  0.27000000E+00 -0.18674437E-04 -0.14844256E-04
  0.28000000E+00 -0.18721855E-04 -0.14420400E-04
  0.29000000E+00 -0.18829816E-04 -0.14319834E-04
  0.30000000E+00 -0.18963217E-04 -0.14737273E-04
  0.31000000E+00 -0.19033972E-04 -0.15713207E-04
  0.32000000E+00 -0.18882035E-04 -0.17018309E-04
  0.33000000E+00 -0.18438289E-04 -0.18267521E-04
  0.34000000E+00 -0.17850909E-04 -0.19177204E-04
  0.35000000E+00 -0.17229007E-04 -0.19684277E-04
  0.36000000E+00 -0.16524667E-04 -0.19880564E-04
  0.37000000E+00 -0.15799628E-04 -0.19899936E-04
  0.38000000E+00 -0.15111555E-04 -0.19820703E-04
  0.39000000E+00 -0.14461441E-04 -0.19648358E-04
  0.40000000E+00 -0.13902354E-04 -0.19389282E-04
  0.41000000E+00 -0.13410626E-04 -0.19082644E-04
  0.42000000E+00 -0.12900348E-04 -0.18753621E-04
  0.43000000E+00 -0.12395794E-04 -0.18392866E-04
  0.44000000E+00 -0.11922353E-04 -0.17987705E-04
  0.45000000E+00 -0.11427359E-04 -0.17557897E-04
  0.46000000E+00 -0.10950623E-04 -0.17193084E-04
  0.47000000E+00 -0.10509937E-04 -0.17074753E-04
  0.48000000E+00 -0.99945539E-05 -0.17395726E-04
  0.49000000E+00 -0.93903444E-05 -0.18117481E-04
  0.50000000E+00 -0.86787927E-05 -0.18698793E-04
  0.51000000E+00 -0.76954181E-05 -0.18182644E-04
  0.52000000E+00 -0.66314497E-05 -0.15909587E-04
  0.53000000E+00 -0.61593994E-05 -0.12380499E-04
  0.54000000E+00 -0.67669841E-05 -0.92361086E-05
  0.55000000E+00 -0.80640003E-05 -0.80483561E-05
  0.56000000E+00 -0.89469134E-05 -0.90367217E-05
  0.57000000E+00 -0.90723204E-05 -0.11032000E-04
  0.58000000E+00 -0.88591442E-05 -0.12603007E-04
  0.59000000E+00 -0.85430286E-05 -0.13081591E-04
  0.60000000E+00 -0.81841480E-05 -0.12652443E-04
  0.61000000E+00 -0.78705554E-05 -0.11821100E-04
  0.62000000E+00 -0.76130726E-05 -0.10960501E-04
  0.63000000E+00 -0.73729365E-05 -0.10207811E-04
  0.64000000E+00 -0.71651845E-05 -0.95645061E-05
  0.65000000E+00 -0.70037442E-05 -0.90021225E-05
  0.66000000E+00 -0.68653043E-05 -0.84927262E-05
  0.67000000E+00 -0.67487824E-05 -0.79926486E-05
  0.68000000E+00 -0.66724849E-05 -0.74262491E-05
  0.69000000E+00 -0.66250773E-05 -0.66513859E-05
  0.70000000E+00 -0.65960871E-05 -0.55139390E-05
  0.71000000E+00 -0.66587899E-05 -0.39637115E-05
  0.72000000E+00 -0.69457528E-05 -0.21943057E-05
  0.73000000E+00 -0.75568627E-05 -0.59309595E-06
  0.74000000E+00 -0.84242673E-05  0.37476489E-06
  0.75000000E+00 -0.93240491E-05  0.41247078E-06
  0.76000000E+00 -0.10105367E-04 -0.46751943E-06
  0.77000000E+00 -0.10681887E-04 -0.19881843E-05
  0.78000000E+00 -0.10958396E-04 -0.37206852E-05
  0.79000000E+00 -0.10934722E-04 -0.52706629E-05
  0.80000000E+00 -0.10726741E-04 -0.64734570E-05
  0.81000000E+00 -0.10405171E-04 -0.72648897E-05
  0.82000000E+00 -0.10045599E-04 -0.78804207E-05
  0.83000000E+00 -0.96603096E-05 -0.83338707E-05
  0.84000000E+00 -0.92509629E-05 -0.86787340E-05
  0.85000000E+00 -0.88198854E-05 -0.88624958E-05
  0.86000000E+00 -0.85085452E-05 -0.89244691E-05
  0.87000000E+00 -0.81940580E-05 -0.92128078E-05
  0.88000000E+00 -0.78529535E-05 -0.96518747E-05
  0.89000000E+00 -0.74720013E-05 -0.10173994E-04
  0.90000000E+00 -0.70560277E-05 -0.10774351E-04
  0.91000000E+00 -0.66020732E-05 -0.11441019E-04
  0.92000000E+00 -0.61099386E-05 -0.12170988E-04
  0.93000000E+00 -0.55810951E-05 -0.12960037E-04
  0.94000000E+00 -0.50285228E-05 -0.13797365E-04
  0.95000000E+00 -0.44766262E-05 -0.14676401E-04
  0.96000000E+00 -0.39386759E-05 -0.15598635E-04
  0.97000000E+00 -0.34197983E-05 -0.16620676E-04
  0.98000000E+00 -0.29239253E-05 -0.17932583E-04
  0.99000000E+00 -0.23761216E-05 -0.19677530E-04
  0.10000000E+01 -0.15947029E-05 -0.21548635E-04
  0.10100000E+01 -0.60229590E-06 -0.23106211E-04
  0.10200000E+01  0.27982404E-06 -0.24547562E-04
  0.10300000E+01  0.12523954E-05 -0.26149321E-04
  0.10400000E+01  0.24196952E-05 -0.27358181E-04
  0.10500000E+01  0.34459496E-05 -0.27857735E-04
  0.10600000E+01  0.43924932E-05 -0.27966506E-04
  0.10700000E+01  0.53406272E-05 -0.27852681E-04
  0.10800000E+01  0.67578494E-05 -0.26519719E-04
  0.10900000E+01  0.83616934E-05 -0.22886523E-04
  0.11000000E+01  0.98967177E-05 -0.16658986E-04
  0.11100000E+01  0.11067734E-04 -0.79855046E-05
  0.11200000E+01  0.11508559E-04  0.17235634E-05
  0.11300000E+01  0.13858279E-04  0.12158519E-04
  0.11400000E+01  0.16531998E-04  0.22058037E-04
  0.11500000E+01  0.81822249E-05  0.42659268E-04
  0.11600000E+01 -0.14387883E-05  0.40934787E-04
  0.11700000E+01 -0.73845241E-05  0.42194388E-04
  0.11800000E+01 -0.13863360E-04  0.39308430E-04
  0.11900000E+01 -0.19607621E-04  0.32307623E-04
  0.12000000E+01 -0.23453297E-04  0.21105137E-04
  0.12100000E+01 -0.25254959E-04  0.69938927E-05
  0.12200000E+01 -0.24879146E-04 -0.68149476E-05
  0.12300000E+01 -0.23620101E-04 -0.17974772E-04
  0.12400000E+01 -0.21927333E-04 -0.27242074E-04
  0.12500000E+01 -0.19959975E-04 -0.34531544E-04
  0.12600000E+01 -0.17459990E-04 -0.39357230E-04
  0.12700000E+01 -0.14703361E-04 -0.40641921E-04
  0.12800000E+01 -0.12054415E-04 -0.38410504E-04
  0.12900000E+01 -0.97117506E-05 -0.33118991E-04
  0.13000000E+01 -0.79346094E-05 -0.25254362E-04
  0.13100000E+01 -0.69388389E-05 -0.15636754E-04
  0.13200000E+01 -0.70664434E-05 -0.54372279E-05
  0.13300000E+01 -0.89258016E-05  0.37695181E-05
  0.13400000E+01 -0.12659646E-04  0.10237434E-04
  0.13500000E+01 -0.17616920E-04  0.12625556E-04
  0.13600000E+01 -0.22333241E-04  0.10221580E-04
  0.13700000E+01 -0.25442260E-04  0.38355760E-05
  0.13800000E+01 -0.26678151E-04 -0.45822656E-05
  0.13900000E+01 -0.26526429E-04 -0.13078695E-04
  0.14000000E+01 -0.25539161E-04 -0.20319000E-04
  0.14100000E+01 -0.24142463E-04 -0.25579368E-04
  0.14200000E+01 -0.22593050E-04 -0.28805829E-04
  0.14300000E+01 -0.21026611E-04 -0.30400433E-04
  0.14400000E+01 -0.19540933E-04 -0.30905303E-04
  0.14500000E+01 -0.18027683E-04 -0.30746655E-04
  0.14600000E+01 -0.16677212E-04 -0.30191290E-04
  0.14700000E+01 -0.15388844E-04 -0.29391611E-04
  0.14800000E+01 -0.14287134E-04 -0.28542223E-04
  0.14900000E+01 -0.13251104E-04 -0.27683990E-04
  0.15000000E+01 -0.12308071E-04 -0.26866762E-04
  0.15100000E+01 -0.11440623E-04 -0.26084363E-04
  0.15200000E+01 -0.10644638E-04 -0.25329114E-04
  0.15300000E+01 -0.99219681E-05 -0.24600872E-04
  0.15400000E+01 -0.92712188E-05 -0.23911413E-04
  0.15500000E+01 -0.86960694E-05 -0.23270901E-04
  0.15600000E+01 -0.80867832E-05 -0.22670638E-04
  0.15700000E+01 -0.76665568E-05 -0.22132824E-04
  0.15800000E+01 -0.72465859E-05 -0.21686394E-04
  0.15900000E+01 -0.68698406E-05 -0.21346705E-04
  0.16000000E+01 -0.65224693E-05 -0.21124280E-04
  0.16100000E+01 -0.61914303E-05 -0.21034093E-04
  0.16200000E+01 -0.58547437E-05 -0.21060236E-04
  0.16300000E+01 -0.54823576E-05 -0.21168447E-04
  0.16400000E+01 -0.50587530E-05 -0.21295225E-04
  0.16500000E+01 -0.45914514E-05 -0.21374001E-04
  0.16600000E+01 -0.40984844E-05 -0.21363602E-04
  0.16700000E+01 -0.35949736E-05 -0.21240283E-04
  0.16800000E+01 -0.31062147E-05 -0.20991577E-04
  0.16900000E+01 -0.26408022E-05 -0.20571172E-04
  0.17000000E+01 -0.22716889E-05 -0.19988701E-04
  0.17100000E+01 -0.20343542E-05 -0.19421214E-04
  0.17200000E+01 -0.18792174E-05 -0.19016120E-04
  0.17300000E+01 -0.17569061E-05 -0.18799331E-04
  0.17400000E+01 -0.16015358E-05 -0.18714207E-04
  0.17500000E+01 -0.14257996E-05 -0.18594446E-04
  0.17600000E+01 -0.12508344E-05 -0.18479088E-04
  0.17700000E+01 -0.10579741E-05 -0.18343206E-04
  0.17800000E+01 -0.88214061E-06 -0.18155777E-04
  0.17900000E+01 -0.73358116E-06 -0.17985987E-04
  0.18000000E+01 -0.61106452E-06 -0.17833885E-04
  0.18100000E+01 -0.48182922E-06 -0.17689199E-04
  0.18200000E+01 -0.35507816E-06 -0.17507807E-04
  0.18300000E+01 -0.25337498E-06 -0.17743967E-04
  0.18400000E+01  0.57961272E-06 -0.19362982E-04
  0.18500000E+01  0.20337032E-05 -0.15238333E-04
  0.18600000E+01  0.55418401E-06 -0.12958986E-04
  0.18700000E+01 -0.55410445E-06 -0.12358584E-04
  0.18800000E+01 -0.15935697E-05 -0.12205952E-04
  0.18900000E+01 -0.23924984E-05 -0.13525169E-04
  0.19000000E+01 -0.24514013E-05 -0.15008644E-04
  0.19100000E+01 -0.21357055E-05 -0.15815397E-04
  0.19200000E+01 -0.18722958E-05 -0.15740025E-04
  0.19300000E+01 -0.17596159E-05 -0.15583007E-04
  0.19400000E+01 -0.17089365E-05 -0.15509841E-04
  0.19500000E+01 -0.17115044E-05 -0.15482014E-04
  0.19600000E+01 -0.17654551E-05 -0.15543584E-04
  0.19700000E+01 -0.18622089E-05 -0.15777214E-04
  0.19800000E+01 -0.18983480E-05 -0.16364768E-04
  0.19900000E+01 -0.18240896E-05 -0.17135173E-04
  0.20000000E+01 -0.16629420E-05 -0.17512459E-04
  0.20100000E+01 -0.16610974E-05 -0.18058341E-04
  0.20200000E+01 -0.16325871E-05 -0.18716225E-04
  0.20300000E+01 -0.15571940E-05 -0.19425861E-04
  0.20400000E+01 -0.14220204E-05 -0.20111886E-04
  0.20500000E+01 -0.12191847E-05 -0.20774773E-04
  0.20600000E+01 -0.97023410E-06 -0.21234902E-04
  0.20700000E+01 -0.69135642E-06 -0.21619021E-04
  0.20800000E+01 -0.37759336E-06 -0.21920783E-04
  0.20900000E+01 -0.47391281E-07 -0.22186986E-04
  0.21000000E+01  0.33571623E-06 -0.22354712E-04
  0.21100000E+01  0.71314988E-06 -0.22294489E-04
  0.21200000E+01  0.98073903E-06 -0.22024863E-04
  0.21300000E+01  0.11550306E-05 -0.21981857E-04
  0.21400000E+01  0.13154348E-05 -0.22494452E-04
  0.21500000E+01 -0.21268666E-05 -0.23980041E-04
  0.21600000E+01  0.26528003E-05 -0.31514551E-04
  0.21700000E+01  0.43878438E-05 -0.28065613E-04
  0.21800000E+01  0.52929380E-05 -0.28394824E-04
  0.21900000E+01  0.65311171E-05 -0.27989246E-04
  0.22000000E+01  0.74963468E-05 -0.26600193E-04
  0.22100000E+01  0.83025638E-05 -0.24586921E-04
  0.22200000E+01  0.86653426E-05 -0.21259820E-04
  0.22300000E+01  0.78554029E-05 -0.14695566E-04
  0.22400000E+01  0.37494485E-07  0.52179883E-06
  0.22500000E+01  0.37017610E-05 -0.41624160E-04
  0.22600000E+01  0.14037898E-04 -0.34724173E-04
  0.22700000E+01  0.84428262E-05 -0.22490734E-04
  0.22800000E+01  0.97504687E-05 -0.29692711E-04
  0.22900000E+01  0.13052751E-04 -0.30260876E-04
  0.23000000E+01  0.16376754E-04 -0.26923180E-04
  0.23100000E+01  0.17233322E-04 -0.24427228E-04
  0.23200000E+01  0.19221541E-04 -0.21375475E-04
  0.23300000E+01  0.19710293E-04 -0.15358157E-04
  0.23400000E+01  0.19310792E-04 -0.11888560E-04
  0.23500000E+01  0.18909876E-04 -0.88256143E-05
  0.23600000E+01  0.18250074E-04 -0.61471634E-05
  0.23700000E+01  0.17372018E-04 -0.39959511E-05
  0.23800000E+01  0.16388291E-04 -0.24796960E-05
  0.23900000E+01  0.15362886E-04 -0.15836029E-05
  0.24000000E+01  0.14356110E-04 -0.12014822E-05
  0.24100000E+01  0.13396048E-04 -0.12211112E-05
  0.24200000E+01  0.12517687E-04 -0.15539599E-05
  0.24300000E+01  0.11747767E-04 -0.21315945E-05
  0.24400000E+01  0.11110253E-04 -0.28892226E-05
  0.24500000E+01  0.10614982E-04 -0.37428045E-05
  0.24600000E+01  0.10226255E-04 -0.45693625E-05
  0.24700000E+01  0.98956634E-05 -0.54838037E-05
  0.24800000E+01  0.96879694E-05 -0.64430152E-05
  0.24900000E+01  0.95795167E-05 -0.73301090E-05
  0.25000000E+01  0.95549607E-05 -0.81130411E-05
  0.25100000E+01  0.96024184E-05 -0.87306829E-05
  0.25200000E+01  0.96158950E-05 -0.91698092E-05
  0.25300000E+01  0.96798995E-05 -0.95267177E-05
  0.25400000E+01  0.97658660E-05 -0.98655281E-05
  0.25500000E+01  0.98746426E-05 -0.10084573E-04
  0.25600000E+01  0.99914959E-05 -0.10210396E-04
  0.25700000E+01  0.10131391E-04 -0.10243658E-04
  0.25800000E+01  0.10264794E-04 -0.99802829E-05
  0.25900000E+01  0.10349990E-04 -0.99613588E-05
  0.26000000E+01  0.10465191E-04 -0.97180736E-05
  0.26100000E+01  0.10579710E-04 -0.94584866E-05
  0.26200000E+01  0.10651944E-04 -0.90002055E-05
  0.26300000E+01  0.10710524E-04 -0.85988419E-05
  0.26400000E+01  0.10746385E-04 -0.81611905E-05
  0.26500000E+01  0.10753468E-04 -0.77276480E-05
  0.26600000E+01  0.10733526E-04 -0.73288975E-05
  0.26700000E+01  0.10686680E-04 -0.69755520E-05
  0.26800000E+01  0.10618862E-04 -0.66919300E-05
  0.26900000E+01  0.10542287E-04 -0.64920669E-05
  0.27000000E+01  0.10461854E-04 -0.63840778E-05
  0.27100000E+01  0.10382215E-04 -0.63707708E-05
  0.27200000E+01  0.10312287E-04 -0.64492720E-05
  0.27300000E+01  0.10260366E-04 -0.66126962E-05
  0.27400000E+01  0.10238735E-04 -0.68475433E-05
  0.27500000E+01  0.10265487E-04 -0.71290931E-05
  0.27600000E+01  0.10346748E-04 -0.74208883E-05
  0.27700000E+01  0.10473157E-04 -0.76813536E-05
  0.27800000E+01  0.10630895E-04 -0.78756255E-05
  0.27900000E+01  0.10805766E-04 -0.79857925E-05
  0.28000000E+01  0.10987464E-04 -0.80120213E-05
  0.28100000E+01  0.11171397E-04 -0.79641910E-05
  0.28200000E+01  0.11354824E-04 -0.78531105E-05
  0.28300000E+01  0.11531791E-04 -0.76868783E-05
  0.28400000E+01  0.11699106E-04 -0.74698408E-05
  0.28500000E+01  0.11855463E-04 -0.72051579E-05
  0.28600000E+01  0.11990233E-04 -0.69016330E-05
  0.28700000E+01  0.12097856E-04 -0.65759480E-05
  0.28800000E+01  0.12181537E-04 -0.62458334E-05
  0.28900000E+01  0.12248351E-04 -0.59177463E-05
  0.29000000E+01  0.12304918E-04 -0.55737943E-05
  0.29100000E+01  0.12347956E-04 -0.51744291E-05
  0.29200000E+01  0.12355329E-04 -0.47052822E-05
  0.29300000E+01  0.12312463E-04 -0.42538078E-05
  0.29400000E+01  0.12249831E-04 -0.38816775E-05
  0.29500000E+01  0.12223347E-04 -0.36844523E-05
  0.29600000E+01  0.12255281E-04 -0.30722746E-05
  0.29700000E+01  0.11739561E-04 -0.24154446E-05
  0.29800000E+01  0.11552317E-04 -0.29882582E-05
  0.29900000E+01  0.11618308E-04 -0.25366812E-05
  0.30000000E+01  0.11475452E-04 -0.32184576E-05
  0.30100000E+01  0.11519663E-04 -0.33267645E-05
  0.30200000E+01  0.11549133E-04 -0.32621068E-05
  0.30300000E+01  0.11532491E-04 -0.32477904E-05
  0.30400000E+01  0.11531462E-04 -0.34375104E-05
  0.30500000E+01  0.11594429E-04 -0.36225792E-05
  0.30600000E+01  0.11667778E-04 -0.36783195E-05
  0.30700000E+01  0.11710014E-04 -0.37494461E-05
  0.30800000E+01  0.11750067E-04 -0.37517683E-05
  0.30900000E+01  0.11829890E-04 -0.43348827E-05
  0.31000000E+01  0.12109239E-04 -0.43943385E-05
  0.31100000E+01  0.12293089E-04 -0.46146771E-05
  0.31200000E+01  0.12641198E-04 -0.48703588E-05
  0.31300000E+01  0.12978980E-04 -0.49400062E-05
  0.31400000E+01  0.13302440E-04 -0.48879426E-05
  0.31500000E+01  0.13607711E-04 -0.47620249E-05
  0.31600000E+01  0.13895429E-04 -0.45803064E-05
  0.31700000E+01  0.14168934E-04 -0.43634090E-05
  0.31800000E+01  0.14431394E-04 -0.41198241E-05
  0.31900000E+01  0.14685042E-04 -0.38501543E-05
  0.32000000E+01  0.14931646E-04 -0.35531674E-05
  0.32100000E+01  0.15172500E-04 -0.32277011E-05
  0.32200000E+01  0.15408805E-04 -0.28729468E-05
  0.32300000E+01  0.15641857E-04 -0.24878885E-05
  0.32400000E+01  0.15872884E-04 -0.20706627E-05
  0.32500000E+01  0.16102791E-04 -0.16182778E-05
  0.32600000E+01  0.16332120E-04 -0.11265075E-05
  0.32700000E+01  0.16561411E-04 -0.58957551E-06
  0.32800000E+01  0.16791027E-04  0.53661849E-09
  0.32900000E+01  0.17020007E-04  0.65524122E-06
  0.33000000E+01  0.17244806E-04  0.13927191E-05
  0.33100000E+01  0.17455315E-04  0.22460458E-05
  0.33200000E+01  0.17614083E-04  0.32641782E-05
  0.33300000E+01  0.17601423E-04  0.41337955E-05
  0.33400000E+01  0.17789435E-04  0.46268963E-05
  0.33500000E+01  0.18145111E-04  0.52375805E-05
  0.33600000E+01  0.18679924E-04  0.61566235E-05
  0.33700000E+01  0.19401683E-04  0.70683220E-05
  0.33800000E+01  0.23863798E-04  0.14269400E-04
  0.33900000E+01  0.19852980E-04  0.24285658E-04
  0.34000000E+01  0.98016998E-05  0.24192136E-04
  0.34100000E+01  0.84112024E-05  0.19740944E-04
  0.34200000E+01  0.77139930E-05  0.17634174E-04
  0.34300000E+01  0.72070164E-05  0.16325094E-04
  0.34400000E+01  0.67960398E-05  0.15375860E-04
  0.34500000E+01  0.64486607E-05  0.14625778E-04
  0.34600000E+01  0.61513613E-05  0.13999099E-04
  0.34700000E+01  0.58961412E-05  0.13457061E-04
  0.34800000E+01  0.56761261E-05  0.12980193E-04
  0.34900000E+01  0.54868156E-05  0.12556553E-04
  0.35000000E+01  0.53256135E-05  0.12177581E-04
  0.35100000E+01  0.51900250E-05  0.11837099E-04
  0.35200000E+01  0.50776558E-05  0.11530680E-04
  0.35300000E+01  0.49870565E-05  0.11254828E-04
  0.35400000E+01  0.49167505E-05  0.11006418E-04
  0.35500000E+01  0.48666817E-05  0.10782649E-04
  0.35600000E+01  0.48375230E-05  0.10580924E-04
  0.35700000E+01  0.48284581E-05  0.10398035E-04
  0.35800000E+01  0.48392502E-05  0.10232808E-04
  0.35900000E+01  0.48702446E-05  0.10103265E-04
  0.36000000E+01  0.49188453E-05  0.10060865E-04
  0.36100000E+01  0.49707918E-05  0.10152494E-04
  0.36200000E+01  0.50143881E-05  0.10385784E-04
  0.36300000E+01  0.50311171E-05  0.10754047E-04
  0.36400000E+01  0.49744316E-05  0.11224028E-04
  0.36500000E+01  0.48438252E-05  0.11741575E-04
  0.36600000E+01  0.46430910E-05  0.12279315E-04
  0.36700000E+01  0.43580817E-05  0.12800526E-04
  0.36800000E+01  0.39891626E-05  0.13192101E-04
  0.36900000E+01  0.36037853E-05  0.13363865E-04
  0.37000000E+01  0.32438127E-05  0.13380934E-04
  0.37100000E+01  0.28996208E-05  0.13376979E-04
  0.37200000E+01  0.25535299E-05  0.13419383E-04
  0.37300000E+01  0.21909693E-05  0.13504013E-04
  0.37400000E+01  0.18027904E-05  0.13597535E-04
  0.37500000E+01  0.13844471E-05  0.13658460E-04
  0.37600000E+01  0.93968076E-06  0.13647075E-04
  0.37700000E+01  0.48460756E-06  0.13536803E-04
  0.37800000E+01  0.37089536E-07  0.13322004E-04
  0.37900000E+01 -0.39414494E-06  0.13015367E-04
  0.38000000E+01 -0.80606368E-06  0.12637775E-04
  0.38100000E+01 -0.11955087E-05  0.12209891E-04
  0.38200000E+01 -0.15558048E-05  0.11746611E-04
  0.38300000E+01 -0.18819792E-05  0.11262744E-04
  0.38400000E+01 -0.21457463E-05  0.10728547E-04
  0.38500000E+01 -0.24434787E-05  0.10300784E-04
  0.38600000E+01 -0.27421891E-05  0.96882084E-05
  0.38700000E+01 -0.29031119E-05  0.91496991E-05
  0.38800000E+01 -0.30467637E-05  0.87208087E-05
  0.38900000E+01 -0.31236858E-05  0.84757297E-05
  0.39000000E+01 -0.33607135E-05  0.71094055E-05
  0.39100000E+01 -0.28569508E-05  0.74184685E-05
  0.39200000E+01 -0.31749167E-05  0.81538291E-05
  0.39300000E+01 -0.37763842E-05  0.77186169E-05
  0.39400000E+01 -0.38274025E-05  0.72761565E-05
  0.39500000E+01 -0.39846985E-05  0.69835042E-05
  0.39600000E+01 -0.41124772E-05  0.64989362E-05
  0.39700000E+01 -0.41707791E-05  0.58683452E-05
  0.39800000E+01 -0.36071687E-05  0.48237582E-05
  0.39900000E+01 -0.43471985E-05  0.70921922E-05
  0.40000000E+01 -0.52212654E-05  0.46059516E-05
  0.40100000E+01 -0.40990007E-05  0.51630963E-05
  0.40200000E+01 -0.44583608E-05  0.57884104E-05
  0.40300000E+01 -0.49629954E-05  0.48870651E-05
  0.40400000E+01 -0.50300825E-05  0.42127434E-05
  0.40500000E+01 -0.51361913E-05  0.37069101E-05
  0.40600000E+01 -0.52331249E-05  0.30824146E-05
  0.40700000E+01 -0.52991854E-05  0.24340142E-05
  0.40800000E+01 -0.53704163E-05  0.13796091E-05
  0.40900000E+01 -0.50689581E-05  0.63485450E-06
  0.41000000E+01 -0.47766800E-05  0.38298035E-06
  0.41100000E+01 -0.45159536E-05  0.30776788E-06
  0.41200000E+01 -0.42885201E-05  0.28951517E-06
  0.41300000E+01 -0.40920116E-05  0.28303497E-06
  0.41400000E+01 -0.39231435E-05  0.27135146E-06
  0.41500000E+01 -0.37826689E-05  0.24866950E-06
  0.41600000E+01 -0.36824985E-05  0.20784110E-06
  0.41700000E+01 -0.36424889E-05  0.47105366E-08
  0.41800000E+01 -0.33920075E-05 -0.42647128E-06
  0.41900000E+01 -0.31049732E-05 -0.53714353E-06
  0.42000000E+01 -0.29057928E-05 -0.56320046E-06
  0.42100000E+01 -0.27337451E-05 -0.54741318E-06
  0.42200000E+01 -0.25805649E-05 -0.53088779E-06
  0.42300000E+01 -0.24383094E-05 -0.52075027E-06
  0.42400000E+01 -0.23055056E-05 -0.50064402E-06
  0.42500000E+01 -0.21851763E-05 -0.46860075E-06
  0.42600000E+01 -0.20778618E-05 -0.43177574E-06
  0.42700000E+01 -0.19802910E-05 -0.39882905E-06
  0.42800000E+01 -0.18890610E-05 -0.37295188E-06
  0.42900000E+01 -0.18025055E-05 -0.35303142E-06
  0.43000000E+01 -0.17194572E-05 -0.33706475E-06
  0.43100000E+01 -0.16395623E-05 -0.32355318E-06
  0.43200000E+01 -0.15623238E-05 -0.31103735E-06
  0.43300000E+01 -0.14873157E-05 -0.29762701E-06
  0.43400000E+01 -0.14148065E-05 -0.28153190E-06
  0.43500000E+01 -0.13453251E-05 -0.26175668E-06
  0.43600000E+01 -0.12793180E-05 -0.23854900E-06
  0.43700000E+01 -0.12170641E-05 -0.21327442E-06
  0.43800000E+01 -0.11585412E-05 -0.18778306E-06
  0.43900000E+01 -0.11032323E-05 -0.16370285E-06
  0.44000000E+01 -0.10505169E-05 -0.14225196E-06
  0.44100000E+01 -0.99986621E-06 -0.12526710E-06
  0.44200000E+01 -0.94743440E-06 -0.11985174E-06
  0.44300000E+01 -0.89213247E-06 -0.99497699E-07
  0.44400000E+01 -0.83901113E-06 -0.47029849E-07
  0.44500000E+01 -0.81556034E-06 -0.85521010E-09
  0.44600000E+01 -0.78717935E-06  0.28319191E-07
  0.44700000E+01 -0.75917507E-06  0.55143457E-07
  0.44800000E+01 -0.73222666E-06  0.77959136E-07
  0.44900000E+01 -0.70420858E-06  0.93994015E-07
  0.45000000E+01 -0.67551453E-06  0.11479589E-06
  0.45100000E+01 -0.64755950E-06  0.13651543E-06
  0.45200000E+01 -0.62067429E-06  0.15883670E-06
  0.45300000E+01 -0.59505296E-06  0.18068246E-06
  0.45400000E+01 -0.57015559E-06  0.20080259E-06
  0.45500000E+01 -0.54527394E-06  0.21848598E-06
  0.45600000E+01 -0.51983339E-06  0.23398557E-06
  0.45700000E+01 -0.49329149E-06  0.24850694E-06
  0.45800000E+01 -0.46517795E-06  0.26414639E-06
  0.45900000E+01 -0.43556679E-06  0.28441099E-06
  0.46000000E+01 -0.40509339E-06  0.31557841E-06
  0.46100000E+01 -0.37523619E-06  0.36782150E-06
  0.46200000E+01 -0.34964826E-06  0.45323708E-06
  0.46300000E+01 -0.33638919E-06  0.56911731E-06
  0.46400000E+01 -0.33631800E-06  0.69396053E-06
  0.46500000E+01 -0.34616160E-06  0.81752740E-06
  0.46600000E+01 -0.36391265E-06  0.93867322E-06
  0.46700000E+01 -0.38234955E-06  0.10809731E-05
  0.46800000E+01 -0.42136054E-06  0.12374848E-05
  0.46900000E+01 -0.49735406E-06  0.14390157E-05
  0.47000000E+01 -0.57027360E-06  0.14993380E-05
  0.47100000E+01 -0.64215068E-06  0.15836735E-05
  0.47200000E+01 -0.71579407E-06  0.16514630E-05
  0.47300000E+01 -0.78965351E-06  0.17104583E-05
  0.47400000E+01 -0.86482728E-06  0.17654389E-05
  0.47500000E+01 -0.94155870E-06  0.18131251E-05
  0.47600000E+01 -0.10195623E-05  0.18509813E-05
  0.47700000E+01 -0.10984128E-05  0.18796985E-05
  0.47800000E+01 -0.11776067E-05  0.19012273E-05
  0.47900000E+01 -0.12570211E-05  0.19177683E-05
  0.48000000E+01 -0.13371106E-05  0.19308607E-05
  0.48100000E+01 -0.14190028E-05  0.19400077E-05
  0.48200000E+01 -0.15014058E-05  0.19382102E-05
  0.48300000E+01 -0.15827135E-05  0.19283237E-05
  0.48400000E+01 -0.16638470E-05  0.19074022E-05
  0.48500000E+01 -0.17440313E-05  0.18725386E-05
  0.48600000E+01 -0.18217204E-05  0.18222388E-05
  0.48700000E+01 -0.18966403E-05  0.17550956E-05
  0.48800000E+01 -0.19701025E-05  0.16671205E-05
  0.48900000E+01 -0.20420180E-05  0.15515304E-05
  0.49000000E+01 -0.21098271E-05  0.14026075E-05
  0.49100000E+01 -0.21703862E-05  0.12205715E-05
  0.49200000E+01 -0.22199520E-05  0.10129001E-05
  0.49300000E+01 -0.22535499E-05  0.79283411E-06
  0.49400000E+01 -0.22653962E-05  0.57837840E-06
  0.49500000E+01 -0.22517498E-05  0.38978709E-06
  0.49600000E+01 -0.22144799E-05  0.24459043E-06
  0.49700000E+01 -0.21646617E-05  0.15253701E-06
  0.49800000E+01 -0.21180271E-05  0.11401856E-06
  0.49900000E+01 -0.20866934E-05  0.12240845E-06
  0.50000000E+01 -0.20766760E-05  0.16567431E-06
  0.50100000E+01 -0.20874712E-05  0.22655512E-06
  0.50200000E+01 -0.21143381E-05  0.28483852E-06
  0.50300000E+01 -0.21518674E-05  0.32196310E-06
  0.50400000E+01 -0.21941206E-05  0.32566609E-06
  0.50500000E+01 -0.22359673E-05  0.29407784E-06
  0.50600000E+01 -0.22751488E-05  0.23494537E-06
  0.50700000E+01 -0.23126252E-05  0.15379887E-06
  0.50800000E+01 -0.23466901E-05  0.52121493E-07
  0.50900000E+01 -0.23754977E-05 -0.63588972E-07
  0.51000000E+01 -0.23988138E-05 -0.18460036E-06
  0.51100000E+01 -0.24169780E-05 -0.30493419E-06
  0.51200000E+01 -0.24313965E-05 -0.42331919E-06
  0.51300000E+01 -0.24423447E-05 -0.53967500E-06
  0.51400000E+01 -0.24500418E-05 -0.65336763E-06
  0.51500000E+01 -0.24547266E-05 -0.76420725E-06
  0.51600000E+01 -0.24565357E-05 -0.87231379E-06
  0.51700000E+01 -0.24555214E-05 -0.97798306E-06
  0.51800000E+01 -0.24517474E-05 -0.10815863E-05
  0.51900000E+01 -0.24452673E-05 -0.11835088E-05
  0.52000000E+01 -0.24360633E-05 -0.12841173E-05
  0.52100000E+01 -0.24240390E-05 -0.13837385E-05
  0.52200000E+01 -0.24090942E-05 -0.14826209E-05
  0.52300000E+01 -0.23911508E-05 -0.15808358E-05
  0.52400000E+01 -0.23701663E-05 -0.16781556E-05
  0.52500000E+01 -0.23461120E-05 -0.17741791E-05
  0.52600000E+01 -0.23190050E-05 -0.18688205E-05
  0.52700000E+01 -0.22890624E-05 -0.19616338E-05
  0.52800000E+01 -0.22565815E-05 -0.20525533E-05
  0.52900000E+01 -0.21994045E-05 -0.21553596E-05
  0.53000000E+01 -0.21951878E-05 -0.22765590E-05
  0.53100000E+01 -0.21388637E-05 -0.23838156E-05
  0.53200000E+01 -0.20859306E-05 -0.24605192E-05
  0.53300000E+01 -0.20383509E-05 -0.25495001E-05
  0.53400000E+01 -0.19841702E-05 -0.26499764E-05
  0.53500000E+01 -0.19244827E-05 -0.27445365E-05
  0.53600000E+01 -0.18609128E-05 -0.28346033E-05
  0.53700000E+01 -0.17938914E-05 -0.29218937E-05
  0.53800000E+01 -0.17234102E-05 -0.30070040E-05
  0.53900000E+01 -0.16492024E-05 -0.30896559E-05
  0.54000000E+01 -0.15710756E-05 -0.31689419E-05
  0.54100000E+01 -0.14893235E-05 -0.32436844E-05
  0.54200000E+01 -0.14046732E-05 -0.33128449E-05
  0.54300000E+01 -0.13178735E-05 -0.33756328E-05
  0.54400000E+01 -0.12295194E-05 -0.34309203E-05
  0.54500000E+01 -0.11402070E-05 -0.34768561E-05
  0.54600000E+01 -0.10510320E-05 -0.35150694E-05
  0.54700000E+01 -0.96424644E-06 -0.35604300E-05
  0.54800000E+01 -0.88028424E-06 -0.36364175E-05
  0.54900000E+01 -0.78307042E-06 -0.37412448E-05
  0.55000000E+01 -0.65769618E-06 -0.38329554E-05
  0.55100000E+01 -0.52292785E-06 -0.38727079E-05
  0.55200000E+01 -0.39508290E-06 -0.38618327E-05
  0.55300000E+01 -0.27836609E-06 -0.38244534E-05
  0.55400000E+01 -0.17232684E-06 -0.37795281E-05
  0.55500000E+01 -0.75320647E-07 -0.37349981E-05
  0.55600000E+01  0.14151416E-07 -0.36928613E-05
  0.55700000E+01  0.97396960E-07 -0.36532063E-05
  0.55800000E+01  0.17537769E-06 -0.36158029E-05
  0.55900000E+01  0.24895094E-06 -0.35808846E-05
  0.56000000E+01  0.31888152E-06 -0.35499542E-05
  0.56100000E+01  0.38907790E-06 -0.35268432E-05
  0.56200000E+01  0.45769159E-06 -0.34945678E-05
  0.56300000E+01  0.52239786E-06 -0.34619706E-05
  0.56400000E+01  0.58420525E-06 -0.34294897E-05
  0.56500000E+01  0.64351719E-06 -0.33972141E-05
  0.56600000E+01  0.70079206E-06 -0.33652744E-05
  0.56700000E+01  0.75633506E-06 -0.33335088E-05
  0.56800000E+01  0.81041056E-06 -0.33017384E-05
  0.56900000E+01  0.86325425E-06 -0.32697597E-05
  0.57000000E+01  0.91495861E-06 -0.32372967E-05
  0.57100000E+01  0.96555041E-06 -0.32040357E-05
  0.57200000E+01  0.10150745E-05 -0.31696812E-05
  0.57300000E+01  0.10635194E-05 -0.31339871E-05
  0.57400000E+01  0.11108285E-05 -0.30967646E-05
  0.57500000E+01  0.11569690E-05 -0.30578697E-05
  0.57600000E+01  0.12019386E-05 -0.30171727E-05
  0.57700000E+01  0.12457557E-05 -0.29745125E-05
  0.57800000E+01  0.12884966E-05 -0.29296494E-05
  0.57900000E+01  0.13302787E-05 -0.28822276E-05
  0.58000000E+01  0.13711910E-05 -0.28317607E-05
  0.58100000E+01  0.14112504E-05 -0.27776475E-05
  0.58200000E+01  0.14504105E-05 -0.27192151E-05
  0.58300000E+01  0.14885647E-05 -0.26557809E-05
  0.58400000E+01  0.15255193E-05 -0.25867208E-05
  0.58500000E+01  0.15609892E-05 -0.25115300E-05
  0.58600000E+01  0.15946574E-05 -0.24298689E-05
  0.58700000E+01  0.16262074E-05 -0.23415920E-05
  0.58800000E+01  0.16553208E-05 -0.22467647E-05
  0.58900000E+01  0.16816551E-05 -0.21456716E-05
  0.59000000E+01  0.17048246E-05 -0.20388248E-05
  0.59100000E+01  0.17243864E-05 -0.19269694E-05
  0.59200000E+01  0.17398308E-05 -0.18110847E-05
  0.59300000E+01  0.17506142E-05 -0.16923741E-05
  0.59400000E+01  0.17562467E-05 -0.15722375E-05
  0.59500000E+01  0.17563908E-05 -0.14522238E-05
  0.59600000E+01  0.17509504E-05 -0.13339654E-05
  0.59700000E+01  0.17400906E-05 -0.12191003E-05
  0.59800000E+01  0.17242032E-05 -0.11091907E-05
  0.59900000E+01  0.17038436E-05 -0.10056476E-05
  0.60000000E+01  0.16796525E-05 -0.90966758E-06
  0.60100000E+01  0.16522937E-05 -0.82218923E-06
  0.60200000E+01  0.16224140E-05 -0.74386948E-06
  0.60300000E+01  0.15906240E-05 -0.67508130E-06
  0.60400000E+01  0.15574932E-05 -0.61592983E-06
  0.60500000E+01  0.15235407E-05 -0.56628341E-06
  0.60600000E+01  0.14892286E-05 -0.52581473E-06
  0.60700000E+01  0.14549598E-05 -0.49404696E-06
  0.60800000E+01  0.14210739E-05 -0.47040007E-06
  0.60900000E+01  0.13878526E-05 -0.45423314E-06
  0.61000000E+01  0.13555224E-05 -0.44487967E-06
  0.61100000E+01  0.13242676E-05 -0.44167425E-06
  0.61200000E+01  0.12942478E-05 -0.44396998E-06
  0.61300000E+01  0.12656086E-05 -0.45114734E-06
  0.61400000E+01  0.12384871E-05 -0.46261584E-06
  0.61500000E+01  0.12129948E-05 -0.47781012E-06
  0.61600000E+01  0.11892053E-05 -0.49618289E-06
  0.61700000E+01  0.11671578E-05 -0.51719663E-06
  0.61800000E+01  0.11468711E-05 -0.54031648E-06
  0.61900000E+01  0.11283575E-05 -0.56500614E-06
  0.62000000E+01  0.11116146E-05 -0.59072826E-06
  0.62100000E+01  0.10966130E-05 -0.61695012E-06
  0.62200000E+01  0.10832869E-05 -0.64315441E-06
  0.62300000E+01  0.10715416E-05 -0.66885399E-06
  0.62400000E+01  0.10612602E-05 -0.69360855E-06
  0.62500000E+01  0.10523048E-05 -0.71704072E-06
  0.62600000E+01  0.10445123E-05 -0.73884888E-06
  0.62700000E+01  0.10377008E-05 -0.75881461E-06
  0.62800000E+01  0.10316878E-05 -0.77680356E-06
  0.62900000E+01  0.10263082E-05 -0.79275965E-06
  0.63000000E+01  0.10214172E-05 -0.80669375E-06
  0.63100000E+01  0.10168862E-05 -0.81866881E-06
  0.63200000E+01  0.10126033E-05 -0.82878415E-06
  0.63300000E+01  0.10084849E-05 -0.83716104E-06
  0.63400000E+01  0.10044773E-05 -0.84393158E-06
  0.63500000E+01  0.10005396E-05 -0.84923166E-06
  0.63600000E+01  0.99662080E-06 -0.85319763E-06
  0.63700000E+01  0.99265149E-06 -0.85596556E-06
  0.63800000E+01  0.98855948E-06 -0.85767146E-06
  0.63900000E+01  0.98428848E-06 -0.85845078E-06
  0.64000000E+01  0.97980682E-06 -0.85843616E-06
  0.64100000E+01  0.97510329E-06 -0.85775309E-06
  0.64200000E+01  0.97018173E-06 -0.85651428E-06
  0.64300000E+01  0.96505552E-06 -0.85481420E-06
  0.64400000E+01  0.95973857E-06 -0.85272577E-06
  0.64500000E+01  0.95423895E-06 -0.85030134E-06
  0.64600000E+01  0.94856391E-06 -0.84757936E-06
  0.64700000E+01  0.94272363E-06 -0.84459692E-06
  0.64800000E+01  0.93672114E-06 -0.84140698E-06
  0.64900000E+01  0.93053246E-06 -0.83809673E-06
  0.65000000E+01  0.92410041E-06 -0.83480297E-06
  0.65100000E+01  0.91735368E-06 -0.83171965E-06
  0.65200000E+01  0.91023458E-06 -0.82909450E-06
  0.65300000E+01  0.90271947E-06 -0.82721431E-06
  0.65400000E+01  0.89484180E-06 -0.82638131E-06
  0.65500000E+01  0.88671660E-06 -0.82688603E-06
  0.65600000E+01  0.87853570E-06 -0.82898235E-06
  0.65700000E+01  0.87051546E-06 -0.83286888E-06
  0.65800000E+01  0.86283765E-06 -0.83867741E-06
  0.65900000E+01  0.85563274E-06 -0.84646495E-06
  0.66000000E+01  0.84901266E-06 -0.85620245E-06
  0.66100000E+01  0.84310930E-06 -0.86775275E-06
  0.66200000E+01  0.83809321E-06 -0.88083325E-06
  0.66300000E+01  0.83417838E-06 -0.89496609E-06
  0.66400000E+01  0.83161594E-06 -0.90943121E-06
  0.66500000E+01  0.83065914E-06 -0.92325191E-06
  0.66600000E+01  0.83149604E-06 -0.93525366E-06
  0.66700000E+01  0.83417198E-06 -0.94423498E-06
  0.66800000E+01  0.83852120E-06 -0.94926231E-06
  0.66900000E+01  0.84411167E-06 -0.95004824E-06
  0.67000000E+01  0.85019935E-06 -0.94730506E-06
  0.67100000E+01  0.85571416E-06 -0.94291911E-06
  0.67200000E+01  0.85941960E-06 -0.93980102E-06
  0.67300000E+01  0.86047278E-06 -0.94135594E-06
  0.67400000E+01  0.85927959E-06 -0.95066435E-06
  0.67500000E+01  0.85794955E-06 -0.96960695E-06
  0.67600000E+01  0.85965303E-06 -0.99822988E-06
  0.67700000E+01  0.86716108E-06 -0.10345850E-05
  0.67800000E+01  0.88170855E-06 -0.10751104E-05
  0.67900000E+01  0.90287367E-06 -0.11154176E-05
  0.68000000E+01  0.92922060E-06 -0.11512116E-05
  0.68100000E+01  0.95908065E-06 -0.11790601E-05
  0.68200000E+01  0.99099534E-06 -0.11968230E-05
  0.68300000E+01  0.10238034E-05 -0.12037154E-05
  0.68400000E+01  0.10566834E-05 -0.12000977E-05
  0.68500000E+01  0.10891402E-05 -0.11871439E-05
  0.68600000E+01  0.11207214E-05 -0.11665030E-05
  0.68700000E+01  0.11508341E-05 -0.11400088E-05
  0.68800000E+01  0.11790558E-05 -0.11094449E-05
  0.68900000E+01  0.12053769E-05 -0.10763722E-05
  0.69000000E+01  0.12299908E-05 -0.10420460E-05
  0.69100000E+01  0.12531314E-05 -0.10074406E-05
  0.69200000E+01  0.12749168E-05 -0.97333673E-06
  0.69300000E+01  0.12950525E-05 -0.94038029E-06
  0.69400000E+01  0.13131724E-05 -0.90904681E-06
  0.69500000E+01  0.13295601E-05 -0.87955408E-06
  0.69600000E+01  0.13448786E-05 -0.85182890E-06
  0.69700000E+01  0.13593605E-05 -0.82559161E-06
  0.69800000E+01  0.13728636E-05 -0.80052652E-06
  0.69900000E+01  0.13853393E-05 -0.77646782E-06
  0.70000000E+01  0.13967505E-05 -0.75354880E-06
