  0.00000000E+00 -0.52597845E+03 -0.40352128E-16
  0.10000000E-01 -0.52551922E+03 -0.19107340E+02
  0.20000000E-01 -0.52296750E+03 -0.50899987E+02
  0.30000000E-01 -0.51084976E+03 -0.91774928E+02
  0.40000000E-01 -0.47340905E+03 -0.10204358E+03
  0.50000000E-01 -0.47610804E+03  0.28346726E+02
  0.60000000E-01 -0.55352680E+03  0.82297764E+02
  0.70000000E-01 -0.69055205E+03 -0.13899296E+03
  0.80000000E-01 -0.51168908E+03 -0.16561849E+03
  0.90000000E-01 -0.51467429E+03 -0.21748890E+03
  0.10000000E+00 -0.49993829E+03 -0.25838648E+03
  0.11000000E+00 -0.47467045E+03 -0.29833991E+03
  0.12000000E+00 -0.43583229E+03 -0.30242981E+03
  0.13000000E+00 -0.41692104E+03 -0.28262824E+03
  0.14000000E+00 -0.40386439E+03 -0.27237466E+03
  0.15000000E+00 -0.39306374E+03 -0.26703129E+03
  0.16000000E+00 -0.38361993E+03 -0.26401507E+03
  0.17000000E+00 -0.37510532E+03 -0.26239993E+03
  0.18000000E+00 -0.36726200E+03 -0.26154345E+03
  0.19000000E+00 -0.35992824E+03 -0.26105645E+03
  0.20000000E+00 -0.35299882E+03 -0.26069249E+03
  0.21000000E+00 -0.34641693E+03 -0.26032444E+03
  0.22000000E+00 -0.34014317E+03 -0.25988166E+03
  0.23000000E+00 -0.33413106E+03 -0.25928538E+03
  0.24000000E+00 -0.32834466E+03 -0.25838664E+03
  0.25000000E+00 -0.32276900E+03 -0.25692651E+03
  0.26000000E+00 -0.31742454E+03 -0.25455220E+03
  0.27000000E+00 -0.31238707E+03 -0.25091662E+03
  0.28000000E+00 -0.30781438E+03 -0.24586081E+03
  0.29000000E+00 -0.30395369E+03 -0.23961199E+03
  0.30000000E+00 -0.30106708E+03 -0.23286161E+03
  0.31000000E+00 -0.29924996E+03 -0.22661364E+03
  0.32000000E+00 -0.29833327E+03 -0.22185328E+03
  0.33000000E+00 -0.29797748E+03 -0.21922613E+03
  0.34000000E+00 -0.29778230E+03 -0.21888375E+03
  0.35000000E+00 -0.29735724E+03 -0.22051922E+03
  0.36000000E+00 -0.29643815E+03 -0.22353986E+03
  0.37000000E+00 -0.29496856E+03 -0.22730062E+03
  0.38000000E+00 -0.29301492E+03 -0.23129509E+03
  0.39000000E+00 -0.29066601E+03 -0.23521908E+03
  0.40000000E+00 -0.28799586E+03 -0.23892078E+03
  0.41000000E+00 -0.28506233E+03 -0.24232950E+03
  0.42000000E+00 -0.28191272E+03 -0.24541600E+03
  0.43000000E+00 -0.27856761E+03 -0.24816574E+03
  0.44000000E+00 -0.27503440E+03 -0.25055191E+03
  0.45000000E+00 -0.27133566E+03 -0.25252688E+03
  0.46000000E+00 -0.26751084E+03 -0.25403596E+03
  0.47000000E+00 -0.26360729E+03 -0.25503600E+03
  0.48000000E+00 -0.25968107E+03 -0.25550671E+03
  0.49000000E+00 -0.25578611E+03 -0.25545439E+03
  0.50000000E+00 -0.25196323E+03 -0.25491005E+03
  0.51000000E+00 -0.24824588E+03 -0.25392293E+03
  0.52000000E+00 -0.24465755E+03 -0.25255191E+03
  0.53000000E+00 -0.24120761E+03 -0.25085669E+03
  0.54000000E+00 -0.23790344E+03 -0.24889070E+03
  0.55000000E+00 -0.23475265E+03 -0.24669665E+03
  0.56000000E+00 -0.23175595E+03 -0.24430447E+03
  0.57000000E+00 -0.22891537E+03 -0.24173023E+03
  0.58000000E+00 -0.22623909E+03 -0.23897532E+03
  0.59000000E+00 -0.22373328E+03 -0.23602502E+03
  0.60000000E+00 -0.22140643E+03 -0.23284718E+03
  0.61000000E+00 -0.21927728E+03 -0.22939287E+03
  0.62000000E+00 -0.21737006E+03 -0.22559769E+03
  0.63000000E+00 -0.21571928E+03 -0.22137354E+03
  0.64000000E+00 -0.21438766E+03 -0.21656241E+03
  0.65000000E+00 -0.21348269E+03 -0.21082646E+03
  0.66000000E+00 -0.21322384E+03 -0.20354572E+03
  0.67000000E+00 -0.21423993E+03 -0.19448168E+03
  0.68000000E+00 -0.21768635E+03 -0.18778030E+03
  0.69000000E+00 -0.22146837E+03 -0.18792548E+03
  0.70000000E+00 -0.22388465E+03 -0.19095253E+03
  0.71000000E+00 -0.22539172E+03 -0.19457521E+03
  0.72000000E+00 -0.22619164E+03 -0.19863334E+03
  0.73000000E+00 -0.22634101E+03 -0.20273565E+03
  0.74000000E+00 -0.22590970E+03 -0.20602048E+03
  0.75000000E+00 -0.22540724E+03 -0.20838954E+03
  0.76000000E+00 -0.22491108E+03 -0.21046398E+03
  0.77000000E+00 -0.22442683E+03 -0.21224021E+03
  0.78000000E+00 -0.22398375E+03 -0.21356844E+03
  0.79000000E+00 -0.22364946E+03 -0.21413235E+03
  0.80000000E+00 -0.22359674E+03 -0.21349351E+03
  0.81000000E+00 -0.22435124E+03 -0.21332300E+03
  0.82000000E+00 -0.22540186E+03 -0.21355299E+03
  0.83000000E+00 -0.22683846E+03 -0.21505540E+03
  0.84000000E+00 -0.22857877E+03 -0.21929120E+03
  0.85000000E+00 -0.23029370E+03 -0.22879341E+03
  0.86000000E+00 -0.22804831E+03 -0.24310915E+03
  0.87000000E+00 -0.22544373E+03 -0.25343516E+03
  0.88000000E+00 -0.22216435E+03 -0.26135424E+03
  0.89000000E+00 -0.21873347E+03 -0.26860424E+03
  0.90000000E+00 -0.21519266E+03 -0.27523027E+03
  0.91000000E+00 -0.21154173E+03 -0.28135596E+03
  0.92000000E+00 -0.20777212E+03 -0.28711509E+03
  0.93000000E+00 -0.20389099E+03 -0.29242233E+03
  0.94000000E+00 -0.19993565E+03 -0.29712425E+03
  0.95000000E+00 -0.19595398E+03 -0.30110065E+03
  0.96000000E+00 -0.19205952E+03 -0.30430998E+03
  0.97000000E+00 -0.18837672E+03 -0.30682138E+03
  0.98000000E+00 -0.18499675E+03 -0.30886059E+03
  0.99000000E+00 -0.18198858E+03 -0.31086397E+03
  0.10000000E+01 -0.17935180E+03 -0.31347078E+03
  0.10100000E+01 -0.17688394E+03 -0.31746178E+03
  0.10200000E+01 -0.17417298E+03 -0.32349042E+03
  0.10300000E+01 -0.17057186E+03 -0.33125688E+03
  0.10400000E+01 -0.16564781E+03 -0.33925801E+03
  0.10500000E+01 -0.15966732E+03 -0.34657662E+03
  0.10600000E+01 -0.15199938E+03 -0.35510468E+03
  0.10700000E+01 -0.14056165E+03 -0.35253891E+03
  0.10800000E+01 -0.13404029E+03 -0.34436543E+03
  0.10900000E+01 -0.12914411E+03 -0.33872177E+03
  0.11000000E+01 -0.12487251E+03 -0.33390154E+03
  0.11100000E+01 -0.12101310E+03 -0.32868224E+03
  0.11200000E+01 -0.11782192E+03 -0.32071333E+03
  0.11300000E+01 -0.12046404E+03 -0.30857147E+03
  0.11400000E+01 -0.12365459E+03 -0.30497898E+03
  0.11500000E+01 -0.12794985E+03 -0.31345319E+03
  0.11600000E+01 -0.12374221E+03 -0.32887683E+03
  0.11700000E+01 -0.11749927E+03 -0.33647902E+03
  0.11800000E+01 -0.11140247E+03 -0.33670239E+03
  0.11900000E+01 -0.10685009E+03 -0.33591192E+03
  0.12000000E+01 -0.10297792E+03 -0.33514669E+03
  0.12100000E+01 -0.99460790E+02 -0.33452150E+03
  0.12200000E+01 -0.96115511E+02 -0.33410046E+03
  0.12300000E+01 -0.92840798E+02 -0.33413598E+03
  0.12400000E+01 -0.89387383E+02 -0.33484631E+03
  0.12500000E+01 -0.85540197E+02 -0.33554733E+03
  0.12600000E+01 -0.81517809E+02 -0.33537522E+03
  0.12700000E+01 -0.77601614E+02 -0.33462516E+03
  0.12800000E+01 -0.73767764E+02 -0.33383491E+03
  0.12900000E+01 -0.69966893E+02 -0.33298118E+03
  0.13000000E+01 -0.66267940E+02 -0.33196758E+03
  0.13100000E+01 -0.62726019E+02 -0.33099804E+03
  0.13200000E+01 -0.59315657E+02 -0.33045668E+03
  0.13300000E+01 -0.55422502E+02 -0.33002253E+03
  0.13400000E+01 -0.51731031E+02 -0.32929207E+03
  0.13500000E+01 -0.48046934E+02 -0.32823119E+03
  0.13600000E+01 -0.44488440E+02 -0.32713111E+03
  0.13700000E+01 -0.40877900E+02 -0.32602761E+03
  0.13800000E+01 -0.37315076E+02 -0.32455910E+03
  0.13900000E+01 -0.33860942E+02 -0.32298368E+03
  0.14000000E+01 -0.30494797E+02 -0.32147144E+03
  0.14100000E+01 -0.27066229E+02 -0.32041726E+03
  0.14200000E+01 -0.23456068E+02 -0.31877954E+03
  0.14300000E+01 -0.20241113E+02 -0.31677991E+03
  0.14400000E+01 -0.16324028E+02 -0.31436679E+03
  0.14500000E+01 -0.13086248E+02 -0.31180011E+03
  0.14600000E+01 -0.10164491E+02 -0.30924822E+03
  0.14700000E+01 -0.72845998E+01 -0.30665857E+03
  0.14800000E+01 -0.45496274E+01 -0.30393986E+03
  0.14900000E+01 -0.19571624E+01 -0.30126100E+03
  0.15000000E+01  0.53151289E+00 -0.29862939E+03
  0.15100000E+01  0.29287085E+01 -0.29604841E+03
  0.15200000E+01  0.52427138E+01 -0.29351106E+03
  0.15300000E+01  0.74794375E+01 -0.29101088E+03
  0.15400000E+01  0.96399440E+01 -0.28852864E+03
  0.15500000E+01  0.11694118E+02 -0.28601965E+03
  0.15600000E+01  0.11312585E+02 -0.28374501E+03
  0.15700000E+01  0.15392364E+02 -0.28175091E+03
  0.15800000E+01  0.17362024E+02 -0.27976330E+03
  0.15900000E+01  0.19285615E+02 -0.27778649E+03
  0.16000000E+01  0.21167737E+02 -0.27592737E+03
  0.16100000E+01  0.23062988E+02 -0.27412691E+03
  0.16200000E+01  0.24952542E+02 -0.27234873E+03
  0.16300000E+01  0.26841370E+02 -0.27059892E+03
  0.16400000E+01  0.28735655E+02 -0.26886957E+03
  0.16500000E+01  0.30636135E+02 -0.26714212E+03
  0.16600000E+01  0.32538837E+02 -0.26539275E+03
  0.16700000E+01  0.34430346E+02 -0.26360474E+03
  0.16800000E+01  0.36299166E+02 -0.26179762E+03
  0.16900000E+01  0.38155523E+02 -0.25998527E+03
  0.17000000E+01  0.39997033E+02 -0.25814077E+03
  0.17100000E+01  0.41817815E+02 -0.25628842E+03
  0.17200000E+01  0.43627864E+02 -0.25442079E+03
  0.17300000E+01  0.45431566E+02 -0.25251587E+03
  0.17400000E+01  0.47235343E+02 -0.25054839E+03
  0.17500000E+01  0.49040605E+02 -0.24841231E+03
  0.17600000E+01  0.50785714E+02 -0.24588476E+03
  0.17700000E+01  0.52244934E+02 -0.24309749E+03
  0.17800000E+01  0.53466404E+02 -0.24080660E+03
  0.17900000E+01  0.54880094E+02 -0.23872338E+03
  0.18000000E+01  0.56320777E+02 -0.23589423E+03
  0.18100000E+01  0.57460391E+02 -0.23276935E+03
  0.18200000E+01  0.58224503E+02 -0.22995326E+03
  0.18300000E+01  0.58754015E+02 -0.22802164E+03
  0.18400000E+01  0.59538768E+02 -0.22794729E+03
  0.18500000E+01  0.61645698E+02 -0.22737326E+03
  0.18600000E+01  0.63785752E+02 -0.22544810E+03
  0.18700000E+01  0.65640911E+02 -0.22368966E+03
  0.18800000E+01  0.67469313E+02 -0.22207696E+03
  0.18900000E+01  0.69172285E+02 -0.22035315E+03
  0.19000000E+01  0.70887258E+02 -0.21906471E+03
  0.19100000E+01  0.72931743E+02 -0.21761281E+03
  0.19200000E+01  0.75060354E+02 -0.21559294E+03
  0.19300000E+01  0.77095307E+02 -0.21290059E+03
  0.19400000E+01  0.78973455E+02 -0.20999792E+03
  0.19500000E+01  0.80741152E+02 -0.20708220E+03
  0.19600000E+01  0.82472078E+02 -0.20413430E+03
  0.19700000E+01  0.84179964E+02 -0.20099122E+03
  0.19800000E+01  0.85700691E+02 -0.19737432E+03
  0.19900000E+01  0.86962391E+02 -0.19364173E+03
  0.20000000E+01  0.87928161E+02 -0.19010964E+03
  0.20100000E+01  0.88938869E+02 -0.18684715E+03
  0.20200000E+01  0.89923545E+02 -0.18352806E+03
  0.20300000E+01  0.90842380E+02 -0.18014249E+03
  0.20400000E+01  0.91655599E+02 -0.17675210E+03
  0.20500000E+01  0.92401429E+02 -0.17340052E+03
  0.20600000E+01  0.93057401E+02 -0.17008463E+03
  0.20700000E+01  0.93649028E+02 -0.16681656E+03
  0.20800000E+01  0.94174395E+02 -0.16360834E+03
  0.20900000E+01  0.94605925E+02 -0.16040823E+03
  0.21000000E+01  0.94990755E+02 -0.15733913E+03
  0.21100000E+01  0.95323043E+02 -0.15431177E+03
  0.21200000E+01  0.95589086E+02 -0.15119589E+03
  0.21300000E+01  0.95767173E+02 -0.14787224E+03
  0.21400000E+01  0.95762489E+02 -0.14416728E+03
  0.21500000E+01  0.95141191E+02 -0.14030524E+03
  0.21600000E+01  0.94514440E+02 -0.13880762E+03
  0.21700000E+01  0.94422963E+02 -0.13677863E+03
  0.21800000E+01  0.94417817E+02 -0.13440108E+03
  0.21900000E+01  0.94357907E+02 -0.13170615E+03
  0.22000000E+01  0.94117030E+02 -0.12912314E+03
  0.22100000E+01  0.93810536E+02 -0.12696235E+03
  0.22200000E+01  0.93509379E+02 -0.12520323E+03
  0.22300000E+01  0.93270610E+02 -0.12398118E+03
  0.22400000E+01  0.93368855E+02 -0.12483943E+03
  0.22500000E+01  0.95082728E+02 -0.12128492E+03
  0.22600000E+01  0.94815853E+02 -0.11779746E+03
  0.22700000E+01  0.94448594E+02 -0.11577927E+03
  0.22800000E+01  0.94234723E+02 -0.11299971E+03
  0.22900000E+01  0.93428269E+02 -0.11055336E+03
  0.23000000E+01  0.92900016E+02 -0.11044690E+03
  0.23100000E+01  0.93148948E+02 -0.11082176E+03
  0.23200000E+01  0.94025954E+02 -0.10923705E+03
  0.23300000E+01  0.94264227E+02 -0.10710403E+03
  0.23400000E+01  0.94312996E+02 -0.10520660E+03
  0.23500000E+01  0.94290445E+02 -0.10348272E+03
  0.23600000E+01  0.94234352E+02 -0.10185471E+03
  0.23700000E+01  0.94158215E+02 -0.10027270E+03
  0.23800000E+01  0.94065418E+02 -0.98753717E+02
  0.23900000E+01  0.93982027E+02 -0.97239417E+02
  0.24000000E+01  0.93893750E+02 -0.95703845E+02
  0.24100000E+01  0.93794390E+02 -0.94131934E+02
  0.24200000E+01  0.93677184E+02 -0.92520821E+02
  0.24300000E+01  0.93536393E+02 -0.90876768E+02
  0.24400000E+01  0.93369253E+02 -0.89209607E+02
  0.24500000E+01  0.93179560E+02 -0.87523636E+02
  0.24600000E+01  0.92966066E+02 -0.85780518E+02
  0.24700000E+01  0.92684919E+02 -0.83972028E+02
  0.24800000E+01  0.92330208E+02 -0.82222610E+02
  0.24900000E+01  0.91930438E+02 -0.80563382E+02
  0.25000000E+01  0.91504865E+02 -0.78996191E+02
  0.25100000E+01  0.91080969E+02 -0.77511866E+02
  0.25200000E+01  0.90678978E+02 -0.75981669E+02
  0.25300000E+01  0.90224405E+02 -0.74347068E+02
  0.25400000E+01  0.89692676E+02 -0.72782346E+02
  0.25500000E+01  0.89121103E+02 -0.71302382E+02
  0.25600000E+01  0.88515612E+02 -0.69890116E+02
  0.25700000E+01  0.87877234E+02 -0.68527163E+02
  0.25800000E+01  0.87177234E+02 -0.67291996E+02
  0.25900000E+01  0.86509880E+02 -0.66255656E+02
  0.26000000E+01  0.85847654E+02 -0.65218283E+02
  0.26100000E+01  0.85303099E+02 -0.64505280E+02
  0.26200000E+01  0.84678831E+02 -0.63129339E+02
  0.26300000E+01  0.84004317E+02 -0.62096787E+02
  0.26400000E+01  0.83323252E+02 -0.61057907E+02
  0.26500000E+01  0.82622959E+02 -0.60022448E+02
  0.26600000E+01  0.81901322E+02 -0.59001693E+02
  0.26700000E+01  0.81156328E+02 -0.57999207E+02
  0.26800000E+01  0.80385311E+02 -0.57014019E+02
  0.26900000E+01  0.79586114E+02 -0.56047274E+02
  0.27000000E+01  0.78756619E+02 -0.55102854E+02
  0.27100000E+01  0.77894464E+02 -0.54188426E+02
  0.27200000E+01  0.76995809E+02 -0.53317117E+02
  0.27300000E+01  0.76057010E+02 -0.52508303E+02
  0.27400000E+01  0.75080351E+02 -0.51785907E+02
  0.27500000E+01  0.74074144E+02 -0.51175406E+02
  0.27600000E+01  0.73048724E+02 -0.50700673E+02
  0.27700000E+01  0.72016730E+02 -0.50380743E+02
  0.27800000E+01  0.70994461E+02 -0.50224460E+02
  0.27900000E+01  0.69996526E+02 -0.50227120E+02
  0.28000000E+01  0.69035643E+02 -0.50375065E+02
  0.28100000E+01  0.68124045E+02 -0.50655862E+02
  0.28200000E+01  0.67270019E+02 -0.51066531E+02
  0.28300000E+01  0.66483411E+02 -0.51615626E+02
  0.28400000E+01  0.65780956E+02 -0.52315312E+02
  0.28500000E+01  0.65187882E+02 -0.53155859E+02
  0.28600000E+01  0.64729607E+02 -0.54076809E+02
  0.28700000E+01  0.64410059E+02 -0.54978722E+02
  0.28800000E+01  0.64204451E+02 -0.55788805E+02
  0.28900000E+01  0.64075186E+02 -0.56524646E+02
  0.29000000E+01  0.63998691E+02 -0.57272571E+02
  0.29100000E+01  0.64010942E+02 -0.58088323E+02
  0.29200000E+01  0.64129699E+02 -0.58924108E+02
  0.29300000E+01  0.64361429E+02 -0.59644594E+02
  0.29400000E+01  0.64655451E+02 -0.60137317E+02
  0.29500000E+01  0.64820175E+02 -0.60085241E+02
  0.29600000E+01  0.64850495E+02 -0.61205104E+02
  0.29700000E+01  0.65586235E+02 -0.62221703E+02
  0.29800000E+01  0.66651063E+02 -0.62396978E+02
  0.29900000E+01  0.68138805E+02 -0.60308759E+02
  0.30000000E+01  0.68153083E+02 -0.58176565E+02
  0.30100000E+01  0.68125068E+02 -0.57039469E+02
  0.30200000E+01  0.68093882E+02 -0.55997287E+02
  0.30300000E+01  0.68042439E+02 -0.54975215E+02
  0.30400000E+01  0.67947949E+02 -0.53971450E+02
  0.30500000E+01  0.67808605E+02 -0.53014050E+02
  0.30600000E+01  0.67627429E+02 -0.52113718E+02
  0.30700000E+01  0.67398449E+02 -0.51276310E+02
  0.30800000E+01  0.67131923E+02 -0.50557851E+02
  0.30900000E+01  0.66870760E+02 -0.49876471E+02
  0.31000000E+01  0.66458458E+02 -0.49308892E+02
  0.31100000E+01  0.65975972E+02 -0.49764146E+02
  0.31200000E+01  0.66143082E+02 -0.51089017E+02
  0.31300000E+01  0.66494296E+02 -0.51625667E+02
  0.31400000E+01  0.66855223E+02 -0.51935394E+02
  0.31500000E+01  0.67227999E+02 -0.52137809E+02
  0.31600000E+01  0.67615381E+02 -0.52274444E+02
  0.31700000E+01  0.68020849E+02 -0.52368072E+02
  0.31800000E+01  0.68448826E+02 -0.52435388E+02
  0.31900000E+01  0.68904487E+02 -0.52488053E+02
  0.32000000E+01  0.69393978E+02 -0.52536572E+02
  0.32100000E+01  0.69924692E+02 -0.52590607E+02
  0.32200000E+01  0.70505264E+02 -0.52659253E+02
  0.32300000E+01  0.71146347E+02 -0.52751903E+02
  0.32400000E+01  0.71861363E+02 -0.52879004E+02
  0.32500000E+01  0.72667177E+02 -0.53052960E+02
  0.32600000E+01  0.73586050E+02 -0.53289641E+02
  0.32700000E+01  0.74648709E+02 -0.53611362E+02
  0.32800000E+01  0.75899887E+02 -0.54051652E+02
  0.32900000E+01  0.77409035E+02 -0.54666857E+02
  0.33000000E+01  0.79295760E+02 -0.55557889E+02
  0.33100000E+01  0.81803067E+02 -0.56922234E+02
  0.33200000E+01  0.85561476E+02 -0.58958808E+02
  0.33300000E+01  0.92035147E+02 -0.55793043E+02
  0.33400000E+01  0.95564768E+02 -0.46691638E+02
  0.33500000E+01  0.98007078E+02 -0.38114212E+02
  0.33600000E+01  0.99418951E+02 -0.27076452E+02
  0.33700000E+01  0.98725631E+02 -0.10830623E+02
  0.33800000E+01  0.90489286E+02  0.16817612E+02
  0.33900000E+01  0.75769377E+02  0.15388457E+02
  0.34000000E+01  0.69168406E+02  0.48310732E+01
  0.34100000E+01  0.66559841E+02  0.13897762E+00
  0.34200000E+01  0.64810651E+02 -0.26604011E+01
  0.34300000E+01  0.63467314E+02 -0.46126750E+01
  0.34400000E+01  0.62368805E+02 -0.60635673E+01
  0.34500000E+01  0.61436238E+02 -0.71832671E+01
  0.34600000E+01  0.60623877E+02 -0.80711461E+01
  0.34700000E+01  0.59902141E+02 -0.87906689E+01
  0.34800000E+01  0.59252210E+02 -0.93825848E+01
  0.34900000E+01  0.58662580E+02 -0.98696135E+01
  0.35000000E+01  0.58126755E+02 -0.10260069E+02
  0.35100000E+01  0.57636714E+02 -0.10553777E+02
  0.35200000E+01  0.57178965E+02 -0.10750119E+02
  0.35300000E+01  0.56738218E+02 -0.10855044E+02
  0.35400000E+01  0.56306902E+02 -0.10883921E+02
  0.35500000E+01  0.55884725E+02 -0.10859669E+02
  0.35600000E+01  0.55469967E+02 -0.10807926E+02
  0.35700000E+01  0.55057630E+02 -0.10751238E+02
  0.35800000E+01  0.54646220E+02 -0.10703426E+02
  0.35900000E+01  0.54246110E+02 -0.10664416E+02
  0.36000000E+01  0.53874075E+02 -0.10615176E+02
  0.36100000E+01  0.53537060E+02 -0.10520252E+02
  0.36200000E+01  0.53220736E+02 -0.10351338E+02
  0.36300000E+01  0.52905138E+02 -0.10106252E+02
  0.36400000E+01  0.52584143E+02 -0.97953927E+01
  0.36500000E+01  0.52254379E+02 -0.94282304E+01
  0.36600000E+01  0.51911876E+02 -0.90221886E+01
  0.36700000E+01  0.51557171E+02 -0.86037479E+01
  0.36800000E+01  0.51196103E+02 -0.81899623E+01
  0.36900000E+01  0.50830690E+02 -0.77784608E+01
  0.37000000E+01  0.50457576E+02 -0.73603798E+01
  0.37100000E+01  0.50072945E+02 -0.69337496E+01
  0.37200000E+01  0.49673744E+02 -0.65033755E+01
  0.37300000E+01  0.49257824E+02 -0.60767447E+01
  0.37400000E+01  0.48824704E+02 -0.56621367E+01
  0.37500000E+01  0.48376277E+02 -0.52673070E+01
  0.37600000E+01  0.47916573E+02 -0.48979224E+01
  0.37700000E+01  0.47449819E+02 -0.45566861E+01
  0.37800000E+01  0.46979136E+02 -0.42436491E+01
  0.37900000E+01  0.46506895E+02 -0.39569146E+01
  0.38000000E+01  0.46035482E+02 -0.36928161E+01
  0.38100000E+01  0.45567301E+02 -0.34466921E+01
  0.38200000E+01  0.45103594E+02 -0.32144076E+01
  0.38300000E+01  0.44644472E+02 -0.29928605E+01
  0.38400000E+01  0.44191296E+02 -0.27801269E+01
  0.38500000E+01  0.43746093E+02 -0.25809744E+01
  0.38600000E+01  0.43322144E+02 -0.23181396E+01
  0.38700000E+01  0.42861538E+02 -0.21068872E+01
  0.38800000E+01  0.42416746E+02 -0.18795766E+01
  0.38900000E+01  0.41955080E+02 -0.16224433E+01
  0.39000000E+01  0.41490512E+02 -0.13274217E+01
  0.39100000E+01  0.40897755E+02 -0.94400112E+00
  0.39200000E+01  0.40291845E+02 -0.82110931E+00
  0.39300000E+01  0.39774926E+02 -0.90100469E+00
  0.39400000E+01  0.39331422E+02 -0.88687578E+00
  0.39500000E+01  0.38900980E+02 -0.82756448E+00
  0.39600000E+01  0.38473753E+02 -0.73967914E+00
  0.39700000E+01  0.38044963E+02 -0.64497655E+00
  0.39800000E+01  0.37624425E+02 -0.57656206E+00
  0.39900000E+01  0.37221959E+02 -0.42331417E+00
  0.40000000E+01  0.36768988E+02 -0.27111570E+00
  0.40100000E+01  0.36321626E+02 -0.12008231E+00
  0.40200000E+01  0.35804902E+02 -0.37084976E-01
  0.40300000E+01  0.35354013E+02 -0.10424132E+00
  0.40400000E+01  0.34924242E+02 -0.78383094E-01
  0.40500000E+01  0.34480411E+02 -0.73282906E-01
  0.40600000E+01  0.34040100E+02 -0.99178329E-01
  0.40700000E+01  0.33602828E+02 -0.13816580E+00
  0.40800000E+01  0.33165102E+02 -0.28017542E+00
  0.40900000E+01  0.32816926E+02 -0.35129423E+00
  0.41000000E+01  0.32465664E+02 -0.29591823E+00
  0.41100000E+01  0.32103968E+02 -0.18410566E+00
  0.41200000E+01  0.31728456E+02 -0.37679580E-01
  0.41300000E+01  0.31334491E+02  0.14185305E+00
  0.41400000E+01  0.30913039E+02  0.36220958E+00
  0.41500000E+01  0.30443603E+02  0.63555580E+00
  0.41600000E+01  0.29878960E+02  0.96628524E+00
  0.41700000E+01  0.29119129E+02  0.12574997E+01
  0.41800000E+01  0.28144328E+02  0.33935540E+00
  0.41900000E+01  0.28176327E+02 -0.50983635E+00
  0.42000000E+01  0.27831641E+02 -0.10484925E+01
  0.42100000E+01  0.27548603E+02 -0.14800672E+01
  0.42200000E+01  0.27288665E+02 -0.17127205E+01
  0.42300000E+01  0.27033524E+02 -0.18468169E+01
  0.42400000E+01  0.26775594E+02 -0.19185820E+01
  0.42500000E+01  0.26511450E+02 -0.19420074E+01
  0.42600000E+01  0.26239407E+02 -0.19276270E+01
  0.42700000E+01  0.25958180E+02 -0.18851147E+01
  0.42800000E+01  0.25667748E+02 -0.18230527E+01
  0.42900000E+01  0.25368492E+02 -0.17468406E+01
  0.43000000E+01  0.25060700E+02 -0.16620884E+01
  0.43100000E+01  0.24744743E+02 -0.15726475E+01
  0.43200000E+01  0.24420730E+02 -0.14818719E+01
  0.43300000E+01  0.24088826E+02 -0.13922726E+01
  0.43400000E+01  0.23749423E+02 -0.13055138E+01
  0.43500000E+01  0.23402823E+02 -0.12225171E+01
  0.43600000E+01  0.23049193E+02 -0.11436884E+01
  0.43700000E+01  0.22688375E+02 -0.10691784E+01
  0.43800000E+01  0.22320062E+02 -0.99906654E+00
  0.43900000E+01  0.21944184E+02 -0.93342134E+00
  0.44000000E+01  0.21560665E+02 -0.87231810E+00
  0.44100000E+01  0.21169285E+02 -0.81592320E+00
  0.44200000E+01  0.20769796E+02 -0.76493864E+00
  0.44300000E+01  0.20362460E+02 -0.72437849E+00
  0.44400000E+01  0.19956373E+02 -0.71210322E+00
  0.44500000E+01  0.19558071E+02 -0.70443126E+00
  0.44600000E+01  0.19152992E+02 -0.68433893E+00
  0.44700000E+01  0.18738783E+02 -0.66118291E+00
  0.44800000E+01  0.18314646E+02 -0.63644882E+00
  0.44900000E+01  0.17879819E+02 -0.61139889E+00
  0.45000000E+01  0.17433673E+02 -0.58710113E+00
  0.45100000E+01  0.16975545E+02 -0.56432733E+00
  0.45200000E+01  0.16504660E+02 -0.54344616E+00
  0.45300000E+01  0.16020109E+02 -0.52412078E+00
  0.45400000E+01  0.15520725E+02 -0.50517464E+00
  0.45500000E+01  0.15004951E+02 -0.48488727E+00
  0.45600000E+01  0.14470437E+02 -0.46199871E+00
  0.45700000E+01  0.13913755E+02 -0.43752385E+00
  0.45800000E+01  0.13331032E+02 -0.41801199E+00
  0.45900000E+01  0.12719525E+02 -0.42222627E+00
  0.46000000E+01  0.12078503E+02 -0.49235412E+00
  0.46100000E+01  0.11413012E+02 -0.70511391E+00
  0.46200000E+01  0.10744259E+02 -0.11674043E+01
  0.46300000E+01  0.10127809E+02 -0.19028549E+01
  0.46400000E+01  0.95805389E+01 -0.28220599E+01
  0.46500000E+01  0.91109301E+01 -0.39159247E+01
  0.46600000E+01  0.87509033E+01 -0.51204255E+01
  0.46700000E+01  0.85101413E+01 -0.63361923E+01
  0.46800000E+01  0.83502933E+01 -0.75180143E+01
  0.46900000E+01  0.82556469E+01 -0.86362777E+01
  0.47000000E+01  0.82156796E+01 -0.96721855E+01
  0.47100000E+01  0.81906947E+01 -0.10612600E+02
  0.47200000E+01  0.81763285E+01 -0.11543861E+02
  0.47300000E+01  0.81948325E+01 -0.12492004E+02
  0.47400000E+01  0.82514141E+01 -0.13406635E+02
  0.47500000E+01  0.83384825E+01 -0.14254020E+02
  0.47600000E+01  0.84453541E+01 -0.15030381E+02
  0.47700000E+01  0.85633968E+01 -0.15750329E+02
  0.47800000E+01  0.86882970E+01 -0.16429985E+02
  0.47900000E+01  0.88190437E+01 -0.17078752E+02
  0.48000000E+01  0.89534427E+01 -0.17701516E+02
  0.48100000E+01  0.90925836E+01 -0.18306619E+02
  0.48200000E+01  0.92390321E+01 -0.18895132E+02
  0.48300000E+01  0.93944551E+01 -0.19458771E+02
  0.48400000E+01  0.95565096E+01 -0.19995220E+02
  0.48500000E+01  0.97223847E+01 -0.20507534E+02
  0.48600000E+01  0.98920414E+01 -0.21001233E+02
  0.48700000E+01  0.10065476E+02 -0.21480681E+02
  0.48800000E+01  0.10243112E+02 -0.21948378E+02
  0.48900000E+01  0.10426647E+02 -0.22405721E+02
  0.49000000E+01  0.10619037E+02 -0.22851989E+02
  0.49100000E+01  0.10823184E+02 -0.23279838E+02
  0.49200000E+01  0.11038679E+02 -0.23673585E+02
  0.49300000E+01  0.11257842E+02 -0.24021844E+02
  0.49400000E+01  0.11473152E+02 -0.24328218E+02
  0.49500000E+01  0.11681229E+02 -0.24603650E+02
  0.49600000E+01  0.11881513E+02 -0.24858178E+02
  0.49700000E+01  0.12075424E+02 -0.25098991E+02
  0.49800000E+01  0.12264758E+02 -0.25329550E+02
  0.49900000E+01  0.12451193E+02 -0.25549755E+02
  0.50000000E+01  0.12634839E+02 -0.25758613E+02
  0.50100000E+01  0.12814652E+02 -0.25956510E+02
  0.50200000E+01  0.12990300E+02 -0.26144645E+02
  0.50300000E+01  0.13161229E+02 -0.26325243E+02
  0.50400000E+01  0.13327343E+02 -0.26501917E+02
  0.50500000E+01  0.13489488E+02 -0.26676359E+02
  0.50600000E+01  0.13648190E+02 -0.26847105E+02
  0.50700000E+01  0.13801927E+02 -0.27013932E+02
  0.50800000E+01  0.13948970E+02 -0.27187458E+02
  0.50900000E+01  0.14094449E+02 -0.27381749E+02
  0.51000000E+01  0.14245632E+02 -0.27590954E+02
  0.51100000E+01  0.14404413E+02 -0.27796953E+02
  0.51200000E+01  0.14565528E+02 -0.28000004E+02
  0.51300000E+01  0.14728978E+02 -0.28204927E+02
  0.51400000E+01  0.14895315E+02 -0.28410902E+02
  0.51500000E+01  0.15064783E+02 -0.28617294E+02
  0.51600000E+01  0.15237458E+02 -0.28823778E+02
  0.51700000E+01  0.15413398E+02 -0.29030379E+02
  0.51800000E+01  0.15592731E+02 -0.29237464E+02
  0.51900000E+01  0.15775661E+02 -0.29445670E+02
  0.52000000E+01  0.15962487E+02 -0.29655802E+02
  0.52100000E+01  0.16153626E+02 -0.29868700E+02
  0.52200000E+01  0.16349636E+02 -0.30085119E+02
  0.52300000E+01  0.16551194E+02 -0.30305680E+02
  0.52400000E+01  0.16759049E+02 -0.30530889E+02
  0.52500000E+01  0.16973946E+02 -0.30761206E+02
  0.52600000E+01  0.17196580E+02 -0.30997079E+02
  0.52700000E+01  0.17427623E+02 -0.31239147E+02
  0.52800000E+01  0.17667761E+02 -0.31488204E+02
  0.52900000E+01  0.17914766E+02 -0.31743600E+02
  0.53000000E+01  0.18180797E+02 -0.32005598E+02
  0.53100000E+01  0.18454446E+02 -0.32275341E+02
  0.53200000E+01  0.18743431E+02 -0.32549791E+02
  0.53300000E+01  0.19047655E+02 -0.32827790E+02
  0.53400000E+01  0.19367730E+02 -0.33113660E+02
  0.53500000E+01  0.19705439E+02 -0.33409843E+02
  0.53600000E+01  0.20063026E+02 -0.33716048E+02
  0.53700000E+01  0.20443757E+02 -0.34030310E+02
  0.53800000E+01  0.20851819E+02 -0.34347491E+02
  0.53900000E+01  0.21290937E+02 -0.34659311E+02
  0.54000000E+01  0.21762264E+02 -0.34956483E+02
  0.54100000E+01  0.22263996E+02 -0.35232019E+02
  0.54200000E+01  0.22793830E+02 -0.35483870E+02
  0.54300000E+01  0.23351438E+02 -0.35715776E+02
  0.54400000E+01  0.23939227E+02 -0.35937562E+02
  0.54500000E+01  0.24562454E+02 -0.36167480E+02
  0.54600000E+01  0.25230313E+02 -0.36430268E+02
  0.54700000E+01  0.25959912E+02 -0.36725168E+02
  0.54800000E+01  0.26780115E+02 -0.36962575E+02
  0.54900000E+01  0.27698572E+02 -0.36964955E+02
  0.55000000E+01  0.28634774E+02 -0.36603777E+02
  0.55100000E+01  0.29493516E+02 -0.35919892E+02
  0.55200000E+01  0.30243816E+02 -0.35064331E+02
  0.55300000E+01  0.30892073E+02 -0.34167111E+02
  0.55400000E+01  0.31453641E+02 -0.33289770E+02
  0.55500000E+01  0.31943201E+02 -0.32448798E+02
  0.55600000E+01  0.32372986E+02 -0.31644054E+02
  0.55700000E+01  0.32752588E+02 -0.30871810E+02
  0.55800000E+01  0.33089804E+02 -0.30128120E+02
  0.55900000E+01  0.33390402E+02 -0.29408254E+02
  0.56000000E+01  0.33658536E+02 -0.28713289E+02
  0.56100000E+01  0.33899994E+02 -0.28040596E+02
  0.56200000E+01  0.34117484E+02 -0.27386109E+02
  0.56300000E+01  0.34313498E+02 -0.26748800E+02
  0.56400000E+01  0.34490197E+02 -0.26127204E+02
  0.56500000E+01  0.34649560E+02 -0.25520026E+02
  0.56600000E+01  0.34793295E+02 -0.24926169E+02
  0.56700000E+01  0.34922750E+02 -0.24344637E+02
  0.56800000E+01  0.35039264E+02 -0.23774513E+02
  0.56900000E+01  0.35143954E+02 -0.23214927E+02
  0.57000000E+01  0.35237715E+02 -0.22665024E+02
  0.57100000E+01  0.35321529E+02 -0.22123915E+02
  0.57200000E+01  0.35396277E+02 -0.21590649E+02
  0.57300000E+01  0.35462594E+02 -0.21064187E+02
  0.57400000E+01  0.35521111E+02 -0.20543382E+02
  0.57500000E+01  0.35572421E+02 -0.20026958E+02
  0.57600000E+01  0.35616844E+02 -0.19513495E+02
  0.57700000E+01  0.35654583E+02 -0.19001408E+02
  0.57800000E+01  0.35685937E+02 -0.18488939E+02
  0.57900000E+01  0.35711160E+02 -0.17974141E+02
  0.58000000E+01  0.35730281E+02 -0.17454890E+02
  0.58100000E+01  0.35743248E+02 -0.16928903E+02
  0.58200000E+01  0.35750041E+02 -0.16393791E+02
  0.58300000E+01  0.35750487E+02 -0.15847133E+02
  0.58400000E+01  0.35744098E+02 -0.15286589E+02
  0.58500000E+01  0.35730194E+02 -0.14710048E+02
  0.58600000E+01  0.35708092E+02 -0.14115788E+02
  0.58700000E+01  0.35677022E+02 -0.13502670E+02
  0.58800000E+01  0.35635880E+02 -0.12870318E+02
  0.58900000E+01  0.35583172E+02 -0.12219291E+02
  0.59000000E+01  0.35517181E+02 -0.11551214E+02
  0.59100000E+01  0.35436093E+02 -0.10868846E+02
  0.59200000E+01  0.35337947E+02 -0.10176076E+02
  0.59300000E+01  0.35220618E+02 -0.94778226E+01
  0.59400000E+01  0.35082080E+02 -0.87798475E+01
  0.59500000E+01  0.34920943E+02 -0.80884858E+01
  0.59600000E+01  0.34736925E+02 -0.74103166E+01
  0.59700000E+01  0.34531015E+02 -0.67518043E+01
  0.59800000E+01  0.34305267E+02 -0.61189459E+01
  0.59900000E+01  0.34062398E+02 -0.55169594E+01
  0.60000000E+01  0.33805385E+02 -0.49500420E+01
  0.60100000E+01  0.33537158E+02 -0.44212188E+01
  0.60200000E+01  0.33260424E+02 -0.39322907E+01
  0.60300000E+01  0.32977578E+02 -0.34838750E+01
  0.60400000E+01  0.32690687E+02 -0.30755261E+01
  0.60500000E+01  0.32401494E+02 -0.27059122E+01
  0.60600000E+01  0.32111453E+02 -0.23730237E+01
  0.60700000E+01  0.31821763E+02 -0.20743869E+01
  0.60800000E+01  0.31533404E+02 -0.18072641E+01
  0.60900000E+01  0.31247176E+02 -0.15688239E+01
  0.61000000E+01  0.30963729E+02 -0.13562745E+01
  0.61100000E+01  0.30683591E+02 -0.11669578E+01
  0.61200000E+01  0.30407189E+02 -0.99840782E+00
  0.61300000E+01  0.30134863E+02 -0.84837961E+00
  0.61400000E+01  0.29866879E+02 -0.71485526E+00
  0.61500000E+01  0.29603434E+02 -0.59603534E+00
  0.61600000E+01  0.29344673E+02 -0.49032150E+00
  0.61700000E+01  0.29090695E+02 -0.39629520E+00
  0.61800000E+01  0.28841570E+02 -0.31269603E+00
  0.61900000E+01  0.28597335E+02 -0.23840139E+00
  0.62000000E+01  0.28358002E+02 -0.17240875E+00
  0.62100000E+01  0.28123557E+02 -0.11382054E+00
  0.62200000E+01  0.27893966E+02 -0.61831600E-01
  0.62300000E+01  0.27669176E+02 -0.15718575E-01
  0.62400000E+01  0.27449121E+02  0.25169082E-01
  0.62500000E+01  0.27233717E+02  0.61417145E-01
  0.62600000E+01  0.27022868E+02  0.93553934E-01
  0.62700000E+01  0.26816475E+02  0.12205711E+00
  0.62800000E+01  0.26614433E+02  0.14735988E+00
  0.62900000E+01  0.26416637E+02  0.16985646E+00
  0.63000000E+01  0.26222977E+02  0.18990646E+00
  0.63100000E+01  0.26033341E+02  0.20783801E+00
  0.63200000E+01  0.25847611E+02  0.22394959E+00
  0.63300000E+01  0.25665668E+02  0.23851069E+00
  0.63400000E+01  0.25487386E+02  0.25176177E+00
  0.63500000E+01  0.25312633E+02  0.26391403E+00
  0.63600000E+01  0.25141269E+02  0.27514975E+00
  0.63700000E+01  0.24973155E+02  0.28562348E+00
  0.63800000E+01  0.24808163E+02  0.29546459E+00
  0.63900000E+01  0.24646171E+02  0.30478086E+00
  0.64000000E+01  0.24487065E+02  0.31366286E+00
  0.64100000E+01  0.24330737E+02  0.32218851E+00
  0.64200000E+01  0.24177082E+02  0.33042700E+00
  0.64300000E+01  0.24025997E+02  0.33844153E+00
  0.64400000E+01  0.23877381E+02  0.34629039E+00
  0.64500000E+01  0.23731133E+02  0.35402652E+00
  0.64600000E+01  0.23587159E+02  0.36169583E+00
  0.64700000E+01  0.23445363E+02  0.36933522E+00
  0.64800000E+01  0.23305647E+02  0.37697140E+00
  0.64900000E+01  0.23167912E+02  0.38462149E+00
  0.65000000E+01  0.23032065E+02  0.39229589E+00
  0.65100000E+01  0.22898022E+02  0.40000325E+00
  0.65200000E+01  0.22765713E+02  0.40775666E+00
  0.65300000E+01  0.22635081E+02  0.41557930E+00
  0.65400000E+01  0.22506076E+02  0.42350820E+00
  0.65500000E+01  0.22378651E+02  0.43159478E+00
  0.65600000E+01  0.22252749E+02  0.43990211E+00
  0.65700000E+01  0.22128296E+02  0.44849970E+00
  0.65800000E+01  0.22005199E+02  0.45745714E+00
  0.65900000E+01  0.21883360E+02  0.46683827E+00
  0.66000000E+01  0.21762687E+02  0.47669687E+00
  0.66100000E+01  0.21643094E+02  0.48707381E+00
  0.66200000E+01  0.21524506E+02  0.49799508E+00
  0.66300000E+01  0.21406852E+02  0.50946957E+00
  0.66400000E+01  0.21290059E+02  0.52148555E+00
  0.66500000E+01  0.21174048E+02  0.53400579E+00
  0.66600000E+01  0.21058736E+02  0.54696169E+00
  0.66700000E+01  0.20944046E+02  0.56024761E+00
  0.66800000E+01  0.20829913E+02  0.57371653E+00
  0.66900000E+01  0.20716295E+02  0.58717856E+00
  0.67000000E+01  0.20603173E+02  0.60040323E+00
  0.67100000E+01  0.20490552E+02  0.61312682E+00
  0.67200000E+01  0.20378450E+02  0.62506510E+00
  0.67300000E+01  0.20266910E+02  0.63593153E+00
  0.67400000E+01  0.20156015E+02  0.64545947E+00
  0.67500000E+01  0.20045888E+02  0.65342562E+00
  0.67600000E+01  0.19936680E+02  0.65967113E+00
  0.67700000E+01  0.19828542E+02  0.66411669E+00
  0.67800000E+01  0.19721612E+02  0.66676940E+00
  0.67900000E+01  0.19616018E+02  0.66772105E+00
  0.68000000E+01  0.19511877E+02  0.66713966E+00
  0.68100000E+01  0.19409293E+02  0.66525690E+00
  0.68200000E+01  0.19308363E+02  0.66235377E+00
  0.68300000E+01  0.19209181E+02  0.65874577E+00
  0.68400000E+01  0.19111835E+02  0.65476750E+00
  0.68500000E+01  0.19016390E+02  0.65075688E+00
  0.68600000E+01  0.18922866E+02  0.64703998E+00
  0.68700000E+01  0.18831246E+02  0.64391823E+00
  0.68800000E+01  0.18741470E+02  0.64165961E+00
  0.68900000E+01  0.18653455E+02  0.64049331E+00
  0.69000000E+01  0.18567114E+02  0.64060583E+00
  0.69100000E+01  0.18482350E+02  0.64213655E+00
  0.69200000E+01  0.18399055E+02  0.64517302E+00
  0.69300000E+01  0.18317112E+02  0.64974909E+00
  0.69400000E+01  0.18236403E+02  0.65584893E+00
  0.69500000E+01  0.18156827E+02  0.66341720E+00
  0.69600000E+01  0.18078311E+02  0.67237118E+00
  0.69700000E+01  0.18000781E+02  0.68260986E+00
  0.69800000E+01  0.17924160E+02  0.69401926E+00
  0.69900000E+01  0.17848373E+02  0.70647779E+00
  0.70000000E+01  0.17773372E+02  0.71986641E+00
