  0.00000000E+00  0.16071923E+04 -0.34547781E-12
  0.10000000E-01  0.16856841E+04 -0.22036210E+03
  0.20000000E-01  0.20886095E+04 -0.42421393E+03
  0.30000000E-01  0.23405609E+04 -0.40793773E+03
  0.40000000E-01  0.27167060E+04 -0.51970877E+03
  0.50000000E-01  0.37267670E+04 -0.43566639E+03
  0.60000000E-01  0.43308466E+04 -0.29329434E+03
  0.70000000E-01  0.40237041E+04  0.74933518E+03
  0.80000000E-01  0.31599493E+04  0.83851187E+03
  0.90000000E-01  0.29131062E+04  0.74367487E+03
  0.10000000E+00  0.27509017E+04  0.75186847E+03
  0.11000000E+00  0.25284064E+04  0.71665746E+03
  0.12000000E+00  0.23606200E+04  0.68087853E+03
  0.13000000E+00  0.22115414E+04  0.62446857E+03
  0.14000000E+00  0.21006862E+04  0.56364311E+03
  0.15000000E+00  0.20157342E+04  0.50242370E+03
  0.16000000E+00  0.19490483E+04  0.44169136E+03
  0.17000000E+00  0.18965889E+04  0.38174934E+03
  0.18000000E+00  0.18555775E+04  0.32279204E+03
  0.19000000E+00  0.18237985E+04  0.26490158E+03
  0.20000000E+00  0.17993584E+04  0.20806058E+03
  0.21000000E+00  0.17806884E+04  0.15220572E+03
  0.22000000E+00  0.17664839E+04  0.97154069E+02
  0.23000000E+00  0.17557292E+04  0.42666866E+02
  0.24000000E+00  0.17478068E+04 -0.11544169E+02
  0.25000000E+00  0.17426693E+04 -0.65802742E+02
  0.26000000E+00  0.17410924E+04 -0.12049298E+03
  0.27000000E+00  0.17448319E+04 -0.17587173E+03
  0.28000000E+00  0.17563997E+04 -0.23184320E+03
  0.29000000E+00  0.17784288E+04 -0.28781849E+03
  0.30000000E+00  0.18128849E+04 -0.34275418E+03
  0.31000000E+00  0.18603875E+04 -0.39528484E+03
  0.32000000E+00  0.19198051E+04 -0.44384509E+03
  0.33000000E+00  0.19882791E+04 -0.48683967E+03
  0.34000000E+00  0.20617920E+04 -0.52325474E+03
  0.35000000E+00  0.21361191E+04 -0.55304238E+03
  0.36000000E+00  0.22077247E+04 -0.57695297E+03
  0.37000000E+00  0.22742417E+04 -0.59618376E+03
  0.38000000E+00  0.23345258E+04 -0.61192927E+03
  0.39000000E+00  0.23884557E+04 -0.62513728E+03
  0.40000000E+00  0.24366194E+04 -0.63655609E+03
  0.41000000E+00  0.24799932E+04 -0.64675768E+03
  0.42000000E+00  0.25196705E+04 -0.65614126E+03
  0.43000000E+00  0.25566416E+04 -0.66492475E+03
  0.44000000E+00  0.25916564E+04 -0.67320992E+03
  0.45000000E+00  0.26252147E+04 -0.68105259E+03
  0.46000000E+00  0.26576433E+04 -0.68850050E+03
  0.47000000E+00  0.26891729E+04 -0.69560402E+03
  0.48000000E+00  0.27199825E+04 -0.70242029E+03
  0.49000000E+00  0.27502222E+04 -0.70900268E+03
  0.50000000E+00  0.27800280E+04 -0.71538647E+03
  0.51000000E+00  0.28095293E+04 -0.72159553E+03
  0.52000000E+00  0.28388502E+04 -0.72764127E+03
  0.53000000E+00  0.28681080E+04 -0.73351366E+03
  0.54000000E+00  0.28974106E+04 -0.73919682E+03
  0.55000000E+00  0.29268556E+04 -0.74468195E+03
  0.56000000E+00  0.29565319E+04 -0.74995482E+03
  0.57000000E+00  0.29865255E+04 -0.75499297E+03
  0.58000000E+00  0.30169281E+04 -0.75977938E+03
  0.59000000E+00  0.30478473E+04 -0.76430188E+03
  0.60000000E+00  0.30794192E+04 -0.76854111E+03
  0.61000000E+00  0.31118173E+04 -0.77246882E+03
  0.62000000E+00  0.31452634E+04 -0.77604879E+03
  0.63000000E+00  0.31800459E+04 -0.77922620E+03
  0.64000000E+00  0.32165770E+04 -0.78191272E+03
  0.65000000E+00  0.32555097E+04 -0.78396522E+03
  0.66000000E+00  0.32978412E+04 -0.78510913E+03
  0.67000000E+00  0.33442435E+04 -0.78463849E+03
  0.68000000E+00  0.33910453E+04 -0.78129138E+03
  0.69000000E+00  0.34342574E+04 -0.77700968E+03
  0.70000000E+00  0.34783306E+04 -0.77327172E+03
  0.71000000E+00  0.35259543E+04 -0.76928463E+03
  0.72000000E+00  0.35774114E+04 -0.76433359E+03
  0.73000000E+00  0.36324051E+04 -0.75759894E+03
  0.74000000E+00  0.36890235E+04 -0.74833562E+03
  0.75000000E+00  0.37453822E+04 -0.73654361E+03
  0.76000000E+00  0.38003683E+04 -0.72238821E+03
  0.77000000E+00  0.38528779E+04 -0.70628742E+03
  0.78000000E+00  0.39025475E+04 -0.68882212E+03
  0.79000000E+00  0.39497158E+04 -0.67057155E+03
  0.80000000E+00  0.39951880E+04 -0.65181338E+03
  0.81000000E+00  0.40379574E+04 -0.63223140E+03
  0.82000000E+00  0.40791714E+04 -0.61247323E+03
  0.83000000E+00  0.41197825E+04 -0.59253349E+03
  0.84000000E+00  0.41617107E+04 -0.57236296E+03
  0.85000000E+00  0.42075644E+04 -0.55162662E+03
  0.86000000E+00  0.42569733E+04 -0.52642188E+03
  0.87000000E+00  0.43011589E+04 -0.50038984E+03
  0.88000000E+00  0.43416769E+04 -0.47323789E+03
  0.89000000E+00  0.43802292E+04 -0.44554918E+03
  0.90000000E+00  0.44168345E+04 -0.41743330E+03
  0.91000000E+00  0.44516276E+04 -0.38894234E+03
  0.92000000E+00  0.44848350E+04 -0.36013656E+03
  0.93000000E+00  0.45165618E+04 -0.33105954E+03
  0.94000000E+00  0.45469028E+04 -0.30174593E+03
  0.95000000E+00  0.45759560E+04 -0.27220525E+03
  0.96000000E+00  0.46037806E+04 -0.24237300E+03
  0.97000000E+00  0.46304104E+04 -0.21219455E+03
  0.98000000E+00  0.46558649E+04 -0.18159936E+03
  0.99000000E+00  0.46800794E+04 -0.15051437E+03
  0.10000000E+01  0.47027986E+04 -0.11890235E+03
  0.10100000E+01  0.47234908E+04 -0.86707546E+02
  0.10200000E+01  0.47415459E+04 -0.54068729E+02
  0.10300000E+01  0.47571125E+04 -0.21396529E+02
  0.10400000E+01  0.47709064E+04  0.11179483E+02
  0.10500000E+01  0.47822015E+04  0.43902673E+02
  0.10600000E+01  0.47935316E+04  0.76278804E+02
  0.10700000E+01  0.47954040E+04  0.11075166E+03
  0.10800000E+01  0.47935096E+04  0.13926115E+03
  0.10900000E+01  0.47956961E+04  0.16515658E+03
  0.11000000E+01  0.48014013E+04  0.18948626E+03
  0.11100000E+01  0.48133269E+04  0.21287413E+03
  0.11200000E+01  0.48440715E+04  0.23845703E+03
  0.11300000E+01  0.48689770E+04  0.28726538E+03
  0.11400000E+01  0.48666526E+04  0.32365435E+03
  0.11500000E+01  0.48616025E+04  0.36068746E+03
  0.11600000E+01  0.48755216E+04  0.39726176E+03
  0.11700000E+01  0.48774041E+04  0.43515669E+03
  0.11800000E+01  0.48703098E+04  0.47076909E+03
  0.11900000E+01  0.48623434E+04  0.50295828E+03
  0.12000000E+01  0.48566578E+04  0.53316848E+03
  0.12100000E+01  0.48539737E+04  0.56269468E+03
  0.12200000E+01  0.48518303E+04  0.59235236E+03
  0.12300000E+01  0.48486514E+04  0.62149309E+03
  0.12400000E+01  0.48452604E+04  0.65003048E+03
  0.12500000E+01  0.48419364E+04  0.67795289E+03
  0.12600000E+01  0.48384529E+04  0.70528081E+03
  0.12700000E+01  0.48355422E+04  0.73184797E+03
  0.12800000E+01  0.48342617E+04  0.75795371E+03
  0.12900000E+01  0.48347055E+04  0.78391316E+03
  0.13000000E+01  0.48369534E+04  0.80971891E+03
  0.13100000E+01  0.48420904E+04  0.83532107E+03
  0.13200000E+01  0.48537007E+04  0.86054288E+03
  0.13300000E+01  0.48656220E+04  0.89434163E+03
  0.13400000E+01  0.48731989E+04  0.92524340E+03
  0.13500000E+01  0.48795999E+04  0.95705095E+03
  0.13600000E+01  0.48845437E+04  0.99001431E+03
  0.13700000E+01  0.48855838E+04  0.10235813E+04
  0.13800000E+01  0.48836950E+04  0.10567993E+04
  0.13900000E+01  0.48797116E+04  0.10897333E+04
  0.14000000E+01  0.48737496E+04  0.11220532E+04
  0.14100000E+01  0.48671753E+04  0.11538577E+04
  0.14200000E+01  0.48596966E+04  0.11853286E+04
  0.14300000E+01  0.48510416E+04  0.12152359E+04
  0.14400000E+01  0.48392069E+04  0.12492548E+04
  0.14500000E+01  0.48244694E+04  0.12824405E+04
  0.14600000E+01  0.48091119E+04  0.13101895E+04
  0.14700000E+01  0.47936308E+04  0.13382291E+04
  0.14800000E+01  0.47771163E+04  0.13654623E+04
  0.14900000E+01  0.47600492E+04  0.13915823E+04
  0.15000000E+01  0.47433937E+04  0.14166669E+04
  0.15100000E+01  0.47274420E+04  0.14409925E+04
  0.15200000E+01  0.47122503E+04  0.14647032E+04
  0.15300000E+01  0.46978388E+04  0.14878994E+04
  0.15400000E+01  0.46841963E+04  0.15106867E+04
  0.15500000E+01  0.46711444E+04  0.15329916E+04
  0.15600000E+01  0.46582985E+04  0.15580482E+04
  0.15700000E+01  0.46457407E+04  0.15776579E+04
  0.15800000E+01  0.46337402E+04  0.15992650E+04
  0.15900000E+01  0.46221755E+04  0.16207244E+04
  0.16000000E+01  0.46109196E+04  0.16420496E+04
  0.16100000E+01  0.45999845E+04  0.16633130E+04
  0.16200000E+01  0.45891129E+04  0.16846060E+04
  0.16300000E+01  0.45780300E+04  0.17059233E+04
  0.16400000E+01  0.45665412E+04  0.17271966E+04
  0.16500000E+01  0.45545886E+04  0.17483292E+04
  0.16600000E+01  0.45421963E+04  0.17692511E+04
  0.16700000E+01  0.45294429E+04  0.17898635E+04
  0.16800000E+01  0.45166734E+04  0.18101305E+04
  0.16900000E+01  0.45042862E+04  0.18301347E+04
  0.17000000E+01  0.44924248E+04  0.18500607E+04
  0.17100000E+01  0.44808818E+04  0.18700095E+04
  0.17200000E+01  0.44695291E+04  0.18900279E+04
  0.17300000E+01  0.44582745E+04  0.19101196E+04
  0.17400000E+01  0.44470725E+04  0.19303085E+04
  0.17500000E+01  0.44358939E+04  0.19506112E+04
  0.17600000E+01  0.44249216E+04  0.19710645E+04
  0.17700000E+01  0.44139966E+04  0.19919006E+04
  0.17800000E+01  0.44021981E+04  0.20130217E+04
  0.17900000E+01  0.43899468E+04  0.20339282E+04
  0.18000000E+01  0.43779536E+04  0.20546363E+04
  0.18100000E+01  0.43665867E+04  0.20752406E+04
  0.18200000E+01  0.43557539E+04  0.20959585E+04
  0.18300000E+01  0.43460301E+04  0.21167326E+04
  0.18400000E+01  0.43409734E+04  0.21383993E+04
  0.18500000E+01  0.43372373E+04  0.21655153E+04
  0.18600000E+01  0.43240479E+04  0.21936896E+04
  0.18700000E+01  0.43106376E+04  0.22204035E+04
  0.18800000E+01  0.42960896E+04  0.22475423E+04
  0.18900000E+01  0.42767214E+04  0.22746697E+04
  0.19000000E+01  0.42536190E+04  0.23002057E+04
  0.19100000E+01  0.42296501E+04  0.23238249E+04
  0.19200000E+01  0.42074059E+04  0.23464100E+04
  0.19300000E+01  0.41860605E+04  0.23687458E+04
  0.19400000E+01  0.41646948E+04  0.23910244E+04
  0.19500000E+01  0.41428369E+04  0.24132959E+04
  0.19600000E+01  0.41201518E+04  0.24355689E+04
  0.19700000E+01  0.40964228E+04  0.24577789E+04
  0.19800000E+01  0.40719690E+04  0.24800520E+04
  0.19900000E+01  0.40461319E+04  0.25024657E+04
  0.20000000E+01  0.40181197E+04  0.25250866E+04
  0.20100000E+01  0.39874992E+04  0.25472138E+04
  0.20200000E+01  0.39547921E+04  0.25688218E+04
  0.20300000E+01  0.39200054E+04  0.25898186E+04
  0.20400000E+01  0.38830658E+04  0.26101184E+04
  0.20500000E+01  0.38439707E+04  0.26296700E+04
  0.20600000E+01  0.38020103E+04  0.26477083E+04
  0.20700000E+01  0.37590765E+04  0.26641112E+04
  0.20800000E+01  0.37151908E+04  0.26790107E+04
  0.20900000E+01  0.36706834E+04  0.26922812E+04
  0.21000000E+01  0.36273546E+04  0.27037167E+04
  0.21100000E+01  0.35859717E+04  0.27140528E+04
  0.21200000E+01  0.35465440E+04  0.27237518E+04
  0.21300000E+01  0.35088466E+04  0.27330829E+04
  0.21400000E+01  0.34733276E+04  0.27423118E+04
  0.21500000E+01  0.34418960E+04  0.27523633E+04
  0.21600000E+01  0.34108192E+04  0.27638984E+04
  0.21700000E+01  0.33814338E+04  0.27761799E+04
  0.21800000E+01  0.33527471E+04  0.27895534E+04
  0.21900000E+01  0.33243528E+04  0.28038324E+04
  0.22000000E+01  0.32962895E+04  0.28188824E+04
  0.22100000E+01  0.32692309E+04  0.28347895E+04
  0.22200000E+01  0.32448838E+04  0.28518544E+04
  0.22300000E+01  0.32286743E+04  0.28716450E+04
  0.22400000E+01  0.32297319E+04  0.29018287E+04
  0.22500000E+01  0.32138484E+04  0.29574379E+04
  0.22600000E+01  0.31323307E+04  0.30059351E+04
  0.22700000E+01  0.30466724E+04  0.30351311E+04
  0.22800000E+01  0.29609466E+04  0.30555063E+04
  0.22900000E+01  0.28795412E+04  0.30666480E+04
  0.23000000E+01  0.28099724E+04  0.30735862E+04
  0.23100000E+01  0.27444158E+04  0.30783687E+04
  0.23200000E+01  0.26775816E+04  0.30813078E+04
  0.23300000E+01  0.26145196E+04  0.30788395E+04
  0.23400000E+01  0.25576972E+04  0.30732525E+04
  0.23500000E+01  0.25074757E+04  0.30657624E+04
  0.23600000E+01  0.24628716E+04  0.30570549E+04
  0.23700000E+01  0.24229960E+04  0.30475013E+04
  0.23800000E+01  0.23871468E+04  0.30373918E+04
  0.23900000E+01  0.23547561E+04  0.30269127E+04
  0.24000000E+01  0.23252228E+04  0.30162573E+04
  0.24100000E+01  0.22979878E+04  0.30055401E+04
  0.24200000E+01  0.22725628E+04  0.29948425E+04
  0.24300000E+01  0.22485466E+04  0.29842217E+04
  0.24400000E+01  0.22256152E+04  0.29737138E+04
  0.24500000E+01  0.22034847E+04  0.29633510E+04
  0.24600000E+01  0.21818226E+04  0.29531269E+04
  0.24700000E+01  0.21604699E+04  0.29429198E+04
  0.24800000E+01  0.21396182E+04  0.29327134E+04
  0.24900000E+01  0.21192492E+04  0.29225533E+04
  0.25000000E+01  0.20992994E+04  0.29124602E+04
  0.25100000E+01  0.20797356E+04  0.29024745E+04
  0.25200000E+01  0.20601458E+04  0.28925930E+04
  0.25300000E+01  0.20405866E+04  0.28824876E+04
  0.25400000E+01  0.20217734E+04  0.28721854E+04
  0.25500000E+01  0.20038215E+04  0.28618064E+04
  0.25600000E+01  0.19868205E+04  0.28514667E+04
  0.25700000E+01  0.19708033E+04  0.28413007E+04
  0.25800000E+01  0.19552676E+04  0.28315802E+04
  0.25900000E+01  0.19391201E+04  0.28218875E+04
  0.26000000E+01  0.19239625E+04  0.28120346E+04
  0.26100000E+01  0.19117943E+04  0.28035287E+04
  0.26200000E+01  0.18938053E+04  0.27945698E+04
  0.26300000E+01  0.18785591E+04  0.27853878E+04
  0.26400000E+01  0.18630859E+04  0.27764375E+04
  0.26500000E+01  0.18471742E+04  0.27675594E+04
  0.26600000E+01  0.18307227E+04  0.27586687E+04
  0.26700000E+01  0.18136117E+04  0.27496774E+04
  0.26800000E+01  0.17957327E+04  0.27404931E+04
  0.26900000E+01  0.17770275E+04  0.27310222E+04
  0.27000000E+01  0.17575090E+04  0.27211667E+04
  0.27100000E+01  0.17372652E+04  0.27108229E+04
  0.27200000E+01  0.17164566E+04  0.26998884E+04
  0.27300000E+01  0.16953046E+04  0.26882781E+04
  0.27400000E+01  0.16740705E+04  0.26759398E+04
  0.27500000E+01  0.16530307E+04  0.26628589E+04
  0.27600000E+01  0.16324565E+04  0.26490507E+04
  0.27700000E+01  0.16126052E+04  0.26345531E+04
  0.27800000E+01  0.15937253E+04  0.26194272E+04
  0.27900000E+01  0.15760710E+04  0.26037605E+04
  0.28000000E+01  0.15599310E+04  0.25876657E+04
  0.28100000E+01  0.15456678E+04  0.25712886E+04
  0.28200000E+01  0.15337106E+04  0.25548299E+04
  0.28300000E+01  0.15244214E+04  0.25385993E+04
  0.28400000E+01  0.15177878E+04  0.25230477E+04
  0.28500000E+01  0.15130418E+04  0.25086628E+04
  0.28600000E+01  0.15086845E+04  0.24957101E+04
  0.28700000E+01  0.15032129E+04  0.24839181E+04
  0.28800000E+01  0.14958216E+04  0.24727610E+04
  0.28900000E+01  0.14863243E+04  0.24618086E+04
  0.29000000E+01  0.14747083E+04  0.24507085E+04
  0.29100000E+01  0.14611116E+04  0.24390972E+04
  0.29200000E+01  0.14460075E+04  0.24266538E+04
  0.29300000E+01  0.14298883E+04  0.24132864E+04
  0.29400000E+01  0.14131455E+04  0.23989233E+04
  0.29500000E+01  0.13962657E+04  0.23839805E+04
  0.29600000E+01  0.13748759E+04  0.23680100E+04
  0.29700000E+01  0.13537439E+04  0.23488316E+04
  0.29800000E+01  0.13360453E+04  0.23285038E+04
  0.29900000E+01  0.13154493E+04  0.23084354E+04
  0.30000000E+01  0.12965314E+04  0.22835730E+04
  0.30100000E+01  0.12812735E+04  0.22578257E+04
  0.30200000E+01  0.12667533E+04  0.22312645E+04
  0.30300000E+01  0.12524584E+04  0.22036402E+04
  0.30400000E+01  0.12377265E+04  0.21744091E+04
  0.30500000E+01  0.12227580E+04  0.21430573E+04
  0.30600000E+01  0.12079574E+04  0.21094105E+04
  0.30700000E+01  0.11928247E+04  0.20725083E+04
  0.30800000E+01  0.11800995E+04  0.20317491E+04
  0.30900000E+01  0.11705764E+04  0.19875400E+04
  0.31000000E+01  0.11753733E+04  0.19354999E+04
  0.31100000E+01  0.12527609E+04  0.18808519E+04
  0.31200000E+01  0.13845190E+04  0.18774854E+04
  0.31300000E+01  0.14513306E+04  0.18845537E+04
  0.31400000E+01  0.15005392E+04  0.18904981E+04
  0.31500000E+01  0.15405757E+04  0.18958069E+04
  0.31600000E+01  0.15747684E+04  0.19007094E+04
  0.31700000E+01  0.16048009E+04  0.19053166E+04
  0.31800000E+01  0.16317400E+04  0.19096840E+04
  0.31900000E+01  0.16562298E+04  0.19138395E+04
  0.32000000E+01  0.16788341E+04  0.19178084E+04
  0.32100000E+01  0.17000478E+04  0.19216246E+04
  0.32200000E+01  0.17202841E+04  0.19253149E+04
  0.32300000E+01  0.17399028E+04  0.19289103E+04
  0.32400000E+01  0.17592280E+04  0.19324557E+04
  0.32500000E+01  0.17785531E+04  0.19359905E+04
  0.32600000E+01  0.17981530E+04  0.19395661E+04
  0.32700000E+01  0.18183003E+04  0.19432522E+04
  0.32800000E+01  0.18392818E+04  0.19471325E+04
  0.32900000E+01  0.18614244E+04  0.19513215E+04
  0.33000000E+01  0.18851409E+04  0.19560027E+04
  0.33100000E+01  0.19110245E+04  0.19615022E+04
  0.33200000E+01  0.19398386E+04  0.19685623E+04
  0.33300000E+01  0.19666442E+04  0.19788453E+04
  0.33400000E+01  0.19923513E+04  0.19871702E+04
  0.33500000E+01  0.20257881E+04  0.19964458E+04
  0.33600000E+01  0.20669620E+04  0.20085921E+04
  0.33700000E+01  0.21189415E+04  0.20254399E+04
  0.33800000E+01  0.21958345E+04  0.20560228E+04
  0.33900000E+01  0.22528253E+04  0.21045186E+04
  0.34000000E+01  0.22605878E+04  0.21667098E+04
  0.34100000E+01  0.22536993E+04  0.22073483E+04
  0.34200000E+01  0.22478577E+04  0.22418940E+04
  0.34300000E+01  0.22422500E+04  0.22731132E+04
  0.34400000E+01  0.22364632E+04  0.23021751E+04
  0.34500000E+01  0.22302003E+04  0.23297099E+04
  0.34600000E+01  0.22232386E+04  0.23560870E+04
  0.34700000E+01  0.22154370E+04  0.23815241E+04
  0.34800000E+01  0.22067562E+04  0.24061528E+04
  0.34900000E+01  0.21972661E+04  0.24300662E+04
  0.35000000E+01  0.21871321E+04  0.24533391E+04
  0.35100000E+01  0.21765824E+04  0.24760610E+04
  0.35200000E+01  0.21658607E+04  0.24983530E+04
  0.35300000E+01  0.21551674E+04  0.25203691E+04
  0.35400000E+01  0.21445955E+04  0.25423016E+04
  0.35500000E+01  0.21340682E+04  0.25643578E+04
  0.35600000E+01  0.21232925E+04  0.25867321E+04
  0.35700000E+01  0.21117458E+04  0.26095782E+04
  0.35800000E+01  0.20986977E+04  0.26329816E+04
  0.35900000E+01  0.20832411E+04  0.26569495E+04
  0.36000000E+01  0.20642632E+04  0.26813966E+04
  0.36100000E+01  0.20404454E+04  0.27060955E+04
  0.36200000E+01  0.20105819E+04  0.27304721E+04
  0.36300000E+01  0.19742301E+04  0.27536001E+04
  0.36400000E+01  0.19319226E+04  0.27745819E+04
  0.36500000E+01  0.18850443E+04  0.27926556E+04
  0.36600000E+01  0.18356841E+04  0.28073805E+04
  0.36700000E+01  0.17862299E+04  0.28187839E+04
  0.36800000E+01  0.17388274E+04  0.28272742E+04
  0.36900000E+01  0.16949641E+04  0.28335224E+04
  0.37000000E+01  0.16552036E+04  0.28382976E+04
  0.37100000E+01  0.16192131E+04  0.28422727E+04
  0.37200000E+01  0.15860733E+04  0.28459609E+04
  0.37300000E+01  0.15545668E+04  0.28497237E+04
  0.37400000E+01  0.15233327E+04  0.28537440E+04
  0.37500000E+01  0.14910417E+04  0.28579613E+04
  0.37600000E+01  0.14567002E+04  0.28620354E+04
  0.37700000E+01  0.14199495E+04  0.28654515E+04
  0.37800000E+01  0.13811261E+04  0.28677854E+04
  0.37900000E+01  0.13410151E+04  0.28688389E+04
  0.38000000E+01  0.13004728E+04  0.28685602E+04
  0.38100000E+01  0.12601583E+04  0.28669722E+04
  0.38200000E+01  0.12204775E+04  0.28641186E+04
  0.38300000E+01  0.11816920E+04  0.28600984E+04
  0.38400000E+01  0.11439793E+04  0.28551629E+04
  0.38500000E+01  0.11073637E+04  0.28493063E+04
  0.38600000E+01  0.10699230E+04  0.28434515E+04
  0.38700000E+01  0.10328076E+04  0.28347701E+04
  0.38800000E+01  0.10010161E+04  0.28250766E+04
  0.38900000E+01  0.97254426E+03  0.28154517E+04
  0.39000000E+01  0.94283920E+03  0.28063896E+04
  0.39100000E+01  0.91346192E+03  0.27977086E+04
  0.39200000E+01  0.88489599E+03  0.27871161E+04
  0.39300000E+01  0.85860717E+03  0.27763387E+04
  0.39400000E+01  0.83298328E+03  0.27656391E+04
  0.39500000E+01  0.80791291E+03  0.27548530E+04
  0.39600000E+01  0.78322911E+03  0.27440073E+04
  0.39700000E+01  0.75881232E+03  0.27331105E+04
  0.39800000E+01  0.73472057E+03  0.27222258E+04
  0.39900000E+01  0.71017875E+03  0.27114509E+04
  0.40000000E+01  0.68569856E+03  0.27003787E+04
  0.40100000E+01  0.66106334E+03  0.26893681E+04
  0.40200000E+01  0.63625815E+03  0.26780951E+04
  0.40300000E+01  0.61120102E+03  0.26666544E+04
  0.40400000E+01  0.58518790E+03  0.26549417E+04
  0.40500000E+01  0.55781641E+03  0.26427685E+04
  0.40600000E+01  0.52881058E+03  0.26297922E+04
  0.40700000E+01  0.49963381E+03  0.26161452E+04
  0.40800000E+01  0.46030959E+03  0.26023218E+04
  0.40900000E+01  0.42914496E+03  0.25788065E+04
  0.41000000E+01  0.41141004E+03  0.25554372E+04
  0.41100000E+01  0.39884802E+03  0.25328033E+04
  0.41200000E+01  0.38833524E+03  0.25109022E+04
  0.41300000E+01  0.37881169E+03  0.24896484E+04
  0.41400000E+01  0.36997280E+03  0.24689715E+04
  0.41500000E+01  0.36175558E+03  0.24488306E+04
  0.41600000E+01  0.35423445E+03  0.24292236E+04
  0.41700000E+01  0.34761637E+03  0.24102560E+04
  0.41800000E+01  0.34203758E+03  0.23922228E+04
  0.41900000E+01  0.33437499E+03  0.23756940E+04
  0.42000000E+01  0.32507131E+03  0.23584509E+04
  0.42100000E+01  0.31613624E+03  0.23409150E+04
  0.42200000E+01  0.30774775E+03  0.23233349E+04
  0.42300000E+01  0.29975449E+03  0.23057902E+04
  0.42400000E+01  0.29206366E+03  0.22883109E+04
  0.42500000E+01  0.28461370E+03  0.22709037E+04
  0.42600000E+01  0.27735549E+03  0.22535573E+04
  0.42700000E+01  0.27026355E+03  0.22362501E+04
  0.42800000E+01  0.26333937E+03  0.22189631E+04
  0.42900000E+01  0.25660155E+03  0.22016867E+04
  0.43000000E+01  0.25006701E+03  0.21844142E+04
  0.43100000E+01  0.24374647E+03  0.21671474E+04
  0.43200000E+01  0.23763242E+03  0.21498866E+04
  0.43300000E+01  0.23170906E+03  0.21326305E+04
  0.43400000E+01  0.22595231E+03  0.21153750E+04
  0.43500000E+01  0.22033199E+03  0.20981118E+04
  0.43600000E+01  0.21481550E+03  0.20808281E+04
  0.43700000E+01  0.20937177E+03  0.20635059E+04
  0.43800000E+01  0.20397491E+03  0.20461244E+04
  0.43900000E+01  0.19860659E+03  0.20286595E+04
  0.44000000E+01  0.19325727E+03  0.20110854E+04
  0.44100000E+01  0.18792623E+03  0.19933757E+04
  0.44200000E+01  0.18262269E+03  0.19755048E+04
  0.44300000E+01  0.17737717E+03  0.19574496E+04
  0.44400000E+01  0.17225711E+03  0.19392183E+04
  0.44500000E+01  0.16719723E+03  0.19207981E+04
  0.44600000E+01  0.16217063E+03  0.19021187E+04
  0.44700000E+01  0.15722251E+03  0.18831472E+04
  0.44800000E+01  0.15237342E+03  0.18638537E+04
  0.44900000E+01  0.14764442E+03  0.18442058E+04
  0.45000000E+01  0.14305746E+03  0.18241700E+04
  0.45100000E+01  0.13863539E+03  0.18037101E+04
  0.45200000E+01  0.13439974E+03  0.17827882E+04
  0.45300000E+01  0.13036811E+03  0.17613624E+04
  0.45400000E+01  0.12655386E+03  0.17393871E+04
  0.45500000E+01  0.12297405E+03  0.17168089E+04
  0.45600000E+01  0.11967185E+03  0.16935630E+04
  0.45700000E+01  0.11676107E+03  0.16695688E+04
  0.45800000E+01  0.11451891E+03  0.16447432E+04
  0.45900000E+01  0.11358799E+03  0.16190306E+04
  0.46000000E+01  0.11532724E+03  0.15924362E+04
  0.46100000E+01  0.12219689E+03  0.15651488E+04
  0.46200000E+01  0.13771530E+03  0.15378508E+04
  0.46300000E+01  0.16313913E+03  0.15122813E+04
  0.46400000E+01  0.19634455E+03  0.14891538E+04
  0.46500000E+01  0.23708641E+03  0.14690499E+04
  0.46600000E+01  0.28314144E+03  0.14533552E+04
  0.46700000E+01  0.33054325E+03  0.14428651E+04
  0.46800000E+01  0.37775888E+03  0.14364243E+04
  0.46900000E+01  0.42078030E+03  0.14336749E+04
  0.47000000E+01  0.45789382E+03  0.14334535E+04
  0.47100000E+01  0.48842786E+03  0.14331447E+04
  0.47200000E+01  0.51807295E+03  0.14323710E+04
  0.47300000E+01  0.54882596E+03  0.14323579E+04
  0.47400000E+01  0.57859943E+03  0.14334973E+04
  0.47500000E+01  0.60573227E+03  0.14355646E+04
  0.47600000E+01  0.62994005E+03  0.14381711E+04
  0.47700000E+01  0.65176178E+03  0.14409768E+04
  0.47800000E+01  0.67204886E+03  0.14438211E+04
  0.47900000E+01  0.69145623E+03  0.14467410E+04
  0.48000000E+01  0.71017649E+03  0.14498247E+04
  0.48100000E+01  0.72804989E+03  0.14531421E+04
  0.48200000E+01  0.74483945E+03  0.14566838E+04
  0.48300000E+01  0.76040776E+03  0.14603703E+04
  0.48400000E+01  0.77475190E+03  0.14641245E+04
  0.48500000E+01  0.78798652E+03  0.14678852E+04
  0.48600000E+01  0.80029601E+03  0.14715918E+04
  0.48700000E+01  0.81188079E+03  0.14751978E+04
  0.48800000E+01  0.82291582E+03  0.14786950E+04
  0.48900000E+01  0.83352781E+03  0.14821121E+04
  0.49000000E+01  0.84378694E+03  0.14854888E+04
  0.49100000E+01  0.85370630E+03  0.14888519E+04
  0.49200000E+01  0.86326006E+03  0.14921990E+04
  0.49300000E+01  0.87243869E+03  0.14954949E+04
  0.49400000E+01  0.88128315E+03  0.14987122E+04
  0.49500000E+01  0.88985485E+03  0.15018486E+04
  0.49600000E+01  0.89820326E+03  0.15049216E+04
  0.49700000E+01  0.90635770E+03  0.15079618E+04
  0.49800000E+01  0.91432831E+03  0.15109975E+04
  0.49900000E+01  0.92211193E+03  0.15140416E+04
  0.50000000E+01  0.92970196E+03  0.15170914E+04
  0.50100000E+01  0.93709865E+03  0.15201356E+04
  0.50200000E+01  0.94431739E+03  0.15231602E+04
  0.50300000E+01  0.95139520E+03  0.15261497E+04
  0.50400000E+01  0.95839195E+03  0.15290943E+04
  0.50500000E+01  0.96537798E+03  0.15320009E+04
  0.50600000E+01  0.97241001E+03  0.15348929E+04
  0.50700000E+01  0.97952671E+03  0.15377976E+04
  0.50800000E+01  0.98676146E+03  0.15407343E+04
  0.50900000E+01  0.99415014E+03  0.15437223E+04
  0.51000000E+01  0.10017296E+04  0.15467877E+04
  0.51100000E+01  0.10095072E+04  0.15499550E+04
  0.51200000E+01  0.10174476E+04  0.15532520E+04
  0.51300000E+01  0.10255052E+04  0.15566942E+04
  0.51400000E+01  0.10336467E+04  0.15602922E+04
  0.51500000E+01  0.10418435E+04  0.15640522E+04
  0.51600000E+01  0.10500727E+04  0.15679777E+04
  0.51700000E+01  0.10583192E+04  0.15720717E+04
  0.51800000E+01  0.10665761E+04  0.15763371E+04
  0.51900000E+01  0.10748448E+04  0.15807760E+04
  0.52000000E+01  0.10831331E+04  0.15853910E+04
  0.52100000E+01  0.10914526E+04  0.15901893E+04
  0.52200000E+01  0.10998162E+04  0.15951828E+04
  0.52300000E+01  0.11082385E+04  0.16003871E+04
  0.52400000E+01  0.11167382E+04  0.16058189E+04
  0.52500000E+01  0.11253348E+04  0.16114949E+04
  0.52600000E+01  0.11340354E+04  0.16174326E+04
  0.52700000E+01  0.11428644E+04  0.16236562E+04
  0.52800000E+01  0.11518617E+04  0.16301951E+04
  0.52900000E+01  0.11606449E+04  0.16364029E+04
  0.53000000E+01  0.11690101E+04  0.16448496E+04
  0.53100000E+01  0.11774021E+04  0.16522633E+04
  0.53200000E+01  0.11858652E+04  0.16600789E+04
  0.53300000E+01  0.11942890E+04  0.16682823E+04
  0.53400000E+01  0.12027595E+04  0.16768608E+04
  0.53500000E+01  0.12113401E+04  0.16858737E+04
  0.53600000E+01  0.12199691E+04  0.16953671E+04
  0.53700000E+01  0.12285701E+04  0.17053967E+04
  0.53800000E+01  0.12370296E+04  0.17160324E+04
  0.53900000E+01  0.12451938E+04  0.17273366E+04
  0.54000000E+01  0.12528993E+04  0.17393291E+04
  0.54100000E+01  0.12600248E+04  0.17519802E+04
  0.54200000E+01  0.12665352E+04  0.17652530E+04
  0.54300000E+01  0.12724944E+04  0.17791458E+04
  0.54400000E+01  0.12780686E+04  0.17937065E+04
  0.54500000E+01  0.12835619E+04  0.18090339E+04
  0.54600000E+01  0.12893791E+04  0.18252948E+04
  0.54700000E+01  0.12954890E+04  0.18427868E+04
  0.54800000E+01  0.13003644E+04  0.18619990E+04
  0.54900000E+01  0.13009792E+04  0.18830639E+04
  0.55000000E+01  0.12950713E+04  0.19046434E+04
  0.55100000E+01  0.12831782E+04  0.19251178E+04
  0.55200000E+01  0.12677227E+04  0.19439007E+04
  0.55300000E+01  0.12508600E+04  0.19610283E+04
  0.55400000E+01  0.12336598E+04  0.19766991E+04
  0.55500000E+01  0.12164576E+04  0.19911132E+04
  0.55600000E+01  0.11993099E+04  0.20044414E+04
  0.55700000E+01  0.11822085E+04  0.20168192E+04
  0.55800000E+01  0.11651408E+04  0.20283605E+04
  0.55900000E+01  0.11481008E+04  0.20391560E+04
  0.56000000E+01  0.11310746E+04  0.20492843E+04
  0.56100000E+01  0.11140558E+04  0.20588028E+04
  0.56200000E+01  0.10970400E+04  0.20677592E+04
  0.56300000E+01  0.10800262E+04  0.20761946E+04
  0.56400000E+01  0.10630153E+04  0.20841413E+04
  0.56500000E+01  0.10460093E+04  0.20916326E+04
  0.56600000E+01  0.10290111E+04  0.20986985E+04
  0.56700000E+01  0.10120241E+04  0.21053640E+04
  0.56800000E+01  0.99505075E+03  0.21116558E+04
  0.56900000E+01  0.97809105E+03  0.21175965E+04
  0.57000000E+01  0.96114141E+03  0.21232050E+04
  0.57100000E+01  0.94419330E+03  0.21285038E+04
  0.57200000E+01  0.92723238E+03  0.21335138E+04
  0.57300000E+01  0.91023787E+03  0.21382506E+04
  0.57400000E+01  0.89318209E+03  0.21427296E+04
  0.57500000E+01  0.87603020E+03  0.21469641E+04
  0.57600000E+01  0.85873989E+03  0.21509584E+04
  0.57700000E+01  0.84126107E+03  0.21547133E+04
  0.57800000E+01  0.82353557E+03  0.21582319E+04
  0.57900000E+01  0.80549694E+03  0.21615158E+04
  0.58000000E+01  0.78707075E+03  0.21645613E+04
  0.58100000E+01  0.76817543E+03  0.21673624E+04
  0.58200000E+01  0.74872413E+03  0.21699133E+04
  0.58300000E+01  0.72862778E+03  0.21722023E+04
  0.58400000E+01  0.70779942E+03  0.21742066E+04
  0.58500000E+01  0.68615977E+03  0.21758969E+04
  0.58600000E+01  0.66364392E+03  0.21772424E+04
  0.58700000E+01  0.64020858E+03  0.21782080E+04
  0.58800000E+01  0.61583947E+03  0.21787464E+04
  0.58900000E+01  0.59055797E+03  0.21787966E+04
  0.59000000E+01  0.56442619E+03  0.21782889E+04
  0.59100000E+01  0.53754982E+03  0.21771492E+04
  0.59200000E+01  0.51007784E+03  0.21752976E+04
  0.59300000E+01  0.48219890E+03  0.21726485E+04
  0.59400000E+01  0.45413426E+03  0.21691219E+04
  0.59500000E+01  0.42612778E+03  0.21646616E+04
  0.59600000E+01  0.39843375E+03  0.21592525E+04
  0.59700000E+01  0.37130369E+03  0.21529251E+04
  0.59800000E+01  0.34497345E+03  0.21457489E+04
  0.59900000E+01  0.31965177E+03  0.21378176E+04
  0.60000000E+01  0.29551134E+03  0.21292355E+04
  0.60100000E+01  0.27268311E+03  0.21201064E+04
  0.60200000E+01  0.25125408E+03  0.21105272E+04
  0.60300000E+01  0.23126839E+03  0.21005852E+04
  0.60400000E+01  0.21273123E+03  0.20903567E+04
  0.60500000E+01  0.19561479E+03  0.20799074E+04
  0.60600000E+01  0.17986544E+03  0.20692934E+04
  0.60700000E+01  0.16541106E+03  0.20585625E+04
  0.60800000E+01  0.15216815E+03  0.20477548E+04
  0.60900000E+01  0.14004782E+03  0.20369043E+04
  0.61000000E+01  0.12896066E+03  0.20260398E+04
  0.61100000E+01  0.11882022E+03  0.20151857E+04
  0.61200000E+01  0.10954530E+03  0.20043626E+04
  0.61300000E+01  0.10106118E+03  0.19935883E+04
  0.61400000E+01  0.93300109E+02  0.19828779E+04
  0.61500000E+01  0.86201150E+02  0.19722443E+04
  0.61600000E+01  0.79709774E+02  0.19616986E+04
  0.61700000E+01  0.73777227E+02  0.19512503E+04
  0.61800000E+01  0.68359849E+02  0.19409075E+04
  0.61900000E+01  0.63418406E+02  0.19306772E+04
  0.62000000E+01  0.58917463E+02  0.19205653E+04
  0.62100000E+01  0.54824833E+02  0.19105768E+04
  0.62200000E+01  0.51111094E+02  0.19007161E+04
  0.62300000E+01  0.47749185E+02  0.18909865E+04
  0.62400000E+01  0.44714064E+02  0.18813907E+04
  0.62500000E+01  0.41982433E+02  0.18719310E+04
  0.62600000E+01  0.39532514E+02  0.18626084E+04
  0.62700000E+01  0.37343864E+02  0.18534236E+04
  0.62800000E+01  0.35397237E+02  0.18443765E+04
  0.62900000E+01  0.33674464E+02  0.18354666E+04
  0.63000000E+01  0.32158360E+02  0.18266931E+04
  0.63100000E+01  0.30832657E+02  0.18180547E+04
  0.63200000E+01  0.29681946E+02  0.18095499E+04
  0.63300000E+01  0.28691640E+02  0.18011769E+04
  0.63400000E+01  0.27847953E+02  0.17929338E+04
  0.63500000E+01  0.27137881E+02  0.17848183E+04
  0.63600000E+01  0.26549190E+02  0.17768279E+04
  0.63700000E+01  0.26070401E+02  0.17689599E+04
  0.63800000E+01  0.25690769E+02  0.17612116E+04
  0.63900000E+01  0.25400254E+02  0.17535801E+04
  0.64000000E+01  0.25189502E+02  0.17460628E+04
  0.64100000E+01  0.25049820E+02  0.17386570E+04
  0.64200000E+01  0.24973176E+02  0.17313599E+04
  0.64300000E+01  0.24952211E+02  0.17241688E+04
  0.64400000E+01  0.24980277E+02  0.17170810E+04
  0.64500000E+01  0.25051487E+02  0.17100934E+04
  0.64600000E+01  0.25160771E+02  0.17032030E+04
  0.64700000E+01  0.25303907E+02  0.16964069E+04
  0.64800000E+01  0.25477522E+02  0.16897020E+04
  0.64900000E+01  0.25679036E+02  0.16830853E+04
  0.65000000E+01  0.25906552E+02  0.16765541E+04
  0.65100000E+01  0.26158694E+02  0.16701058E+04
  0.65200000E+01  0.26434418E+02  0.16637384E+04
  0.65300000E+01  0.26732824E+02  0.16574500E+04
  0.65400000E+01  0.27052992E+02  0.16512390E+04
  0.65500000E+01  0.27393864E+02  0.16451038E+04
  0.65600000E+01  0.27754190E+02  0.16390427E+04
  0.65700000E+01  0.28132513E+02  0.16330541E+04
  0.65800000E+01  0.28527200E+02  0.16271361E+04
  0.65900000E+01  0.28936492E+02  0.16212868E+04
  0.66000000E+01  0.29358585E+02  0.16155045E+04
  0.66100000E+01  0.29791722E+02  0.16097876E+04
  0.66200000E+01  0.30234318E+02  0.16041343E+04
  0.66300000E+01  0.30685112E+02  0.15985428E+04
  0.66400000E+01  0.31143329E+02  0.15930111E+04
  0.66500000E+01  0.31608831E+02  0.15875368E+04
  0.66600000E+01  0.32082218E+02  0.15821176E+04
  0.66700000E+01  0.32564855E+02  0.15767512E+04
  0.66800000E+01  0.33058797E+02  0.15714360E+04
  0.66900000E+01  0.33566624E+02  0.15661707E+04
  0.67000000E+01  0.34091188E+02  0.15609545E+04
  0.67100000E+01  0.34635335E+02  0.15557869E+04
  0.67200000E+01  0.35201603E+02  0.15506675E+04
  0.67300000E+01  0.35791973E+02  0.15455966E+04
  0.67400000E+01  0.36407694E+02  0.15405742E+04
  0.67500000E+01  0.37049222E+02  0.15356012E+04
  0.67600000E+01  0.37716288E+02  0.15306778E+04
  0.67700000E+01  0.38408080E+02  0.15258041E+04
  0.67800000E+01  0.39123509E+02  0.15209794E+04
  0.67900000E+01  0.39861481E+02  0.15162029E+04
  0.68000000E+01  0.40621110E+02  0.15114737E+04
  0.68100000E+01  0.41401842E+02  0.15067912E+04
  0.68200000E+01  0.42203462E+02  0.15021550E+04
  0.68300000E+01  0.43026067E+02  0.14975647E+04
  0.68400000E+01  0.43870022E+02  0.14930203E+04
  0.68500000E+01  0.44735950E+02  0.14885216E+04
  0.68600000E+01  0.45624729E+02  0.14840675E+04
  0.68700000E+01  0.46537470E+02  0.14796571E+04
  0.68800000E+01  0.47475455E+02  0.14752893E+04
  0.68900000E+01  0.48440065E+02  0.14709634E+04
  0.69000000E+01  0.49432737E+02  0.14666787E+04
  0.69100000E+01  0.50454941E+02  0.14624343E+04
  0.69200000E+01  0.51508187E+02  0.14582289E+04
  0.69300000E+01  0.52594080E+02  0.14540610E+04
  0.69400000E+01  0.53714544E+02  0.14499298E+04
  0.69500000E+01  0.54872311E+02  0.14458347E+04
  0.69600000E+01  0.56071587E+02  0.14417749E+04
  0.69700000E+01  0.57318634E+02  0.14377492E+04
  0.69800000E+01  0.58621897E+02  0.14337566E+04
  0.69900000E+01  0.59991394E+02  0.14297974E+04
  0.70000000E+01  0.61437340E+02  0.14258732E+04
